1625798
1332598
497924
34124
893141
2488777
2761310
605999
6694062
3549333
6522468
176358
306617
851682
240965
10027955
85073
63490
1720256
5273204
304406
4960272
2116750
1034226
179968
445648
1003
2462858
159459
3473
238117
94222
81120
92280
484433
19148638
16881
152601088
1401020
108847
1523
6775300
1580693
2807616
492356
469813
49900
74638
1155720
14091088
1255682
4280655
531657
1808378
5021845
5399767
5548092
488706
2035851
1944745
3359612
5204068
101155
2580480
2794884
155167
882782
7157850
4696238
1252471
107642
12083420
7513430
652943
1135034
2888125
775973
69687
1372153
48897
74697
873776
10943505
71127
30153
427698
351190
61093
1131110
517079
170974
1706154
887387
691499
56323
154779
1953226
1758929
5570953
3897540
492926
28669
899614
26613737
1938
3630060
2799797
3156852
55921
2526890
1852797
6968633
4008444
481638
10771647
347999
298739
696423
3064966
10610052
2720363
228371
1718224
1056744
14785002
2426986
173443
742846
7626335
212598
377162
291601
214008
4453458
279220
65848
942347
152346
1275051
463097
4262397
142387
65729
61510
28346
202724
1418
49372
58578
713665
281862
599348
692890
178555
451646
2145030
1119855
5694
70841
374288
33632
32253
431005
8361
5801
1159277
303280
169882
40885
338387
265975
3059
1004978
2157832
734636
1798268
113487
36510
4048
89808
5239637
102345
176171
2744440
366718
265566
18692
116979
81622
748258
1877038
392162
6672829
1378692
809017
553661
5428104
465817
51779893
21412565
31586727
25423719
7384413
59127
18459721
1139821
3686213
204951
296797
124882
576907
582387
77170898
14362338
62964712
3300741
48477786
183363
935318
2927260
672124
1096876
1784453
4253563
14227512
690488
3842248
6570709
1910407
49335
2152792
7223266
8639929
7106234
3960929
1726497
766643
2127501
21156364
2952371
7167372
5090009
1131714
12079648
13248283
684708
10307206
6351847
549661
4246764
7461277
32072892
3216360
432375
328604
660482
357473
1224700
5146074
619114
23984325
308117
952770
3244004
35389
1752548
597220
1058566
2510752
491414
211651
3692895
1037393
6977544
2176396
164106
11276
15179
89702
215492
7762
24406805
5093030
683076
14991576
315771
13448471
25898356
101666
1155008
53905
266813
15086214
2271005
272994
3238853
4598798
1648270
9096220
4144550
1597495
4228626
605921
343474
12593930
325383
600263
314088
227696
14990
193513
349750
4161639
698048
468587
695112
338543
554323
112788
1258268
8216
584328
342836
314001
1605661
97755
22421
1016402
104412
1126050
1280914
23790050
3513760
295631
3955183
4732868
3960621
1808043
1837626
69273
22205
1150165
781886690
19842872
11402860
18989350
5527181
64535414
19039925
764524
29935856
5776657
26017085
32030286
33262849
30669359
44125017
5124
1043104
5210412
12949
739207
113882595
517954
3838103
152206973
3228
62461
15105091
1648374
81667
35377867
89190654
9237953
3111696
1168417
27356138
10074631
14911950
862246
3121481
273869
3148299
341706
321433
60359
19598575
83908
2244511
17736
2544
62980
4211175
65952
127460
1710029
589803
1259981
167244
681306
2833778
98669
6454
192358
282823
324460
88806
748027
44404
2278657
831239
326337
143485
15684813
387
65306435
14257500
40491552
52593
890
12931
259170
4280996
150606769
57306
994172
541078
196560
293702
5610427
6464715
457827
49506
3038360
35060496
859248
643984
88029
1114796
621735
38600116
8616560
676354
2677666
1253256
4366539
96176
44413
266801
846623
101336
570728
8654
37280
16386
23385
14134
124487
287089
424560
144962
231885
311828
1983103
335891
997800
536596
278767
772041
3692446
547952
593892
12570040
90258
12424167
62648
109403
5639
5038
82
1721
4689
209282
65984
1024977
367411
948
4795
5458
