57213607000
1962597225
18760251079
7649740000
22605325000
1928133736
6030831515
262078932.9
14887897622
1346006443
5542975600
3590716794
375020700
1709623909
4057567696
2767837354
297376744
17677073
-161282742.3
3873621993
260403523.3
-77000154
4509487039
4366253522
4239248006
1192264718
2707357201
196739000
2282219740
1464793934
214117806.8
18221641000
3721870586
-433534256
199107300.8
5911562000
182126913
146785851
2623051046
403029332
1891641000
569926296.6
278420348
-104193232.4
534437789
1616851384
68029984
272811197
11893240000
3740221
240485333
12556450000
8458139000
766824939
367794593
556856332
-420986648.7
164409556
2092220389
68236780.88
2831860000
571123516
968908364
3076335000
227714147
710462419
3054919233
-151532734
2398498938
1281270116
4995162629
-710762867.8
1230932276
1022334258
324831366.4
123381998
433490000
162449000
439333056
69779252.35
963693013
1898913147
1449587271
15975936000
331774340
224706255
6769552
61628766
393515644
110939167.8
177473858
427073390
688720247
-699168339.2
87287066
1661985000
232847744
311355358
-206677013.8
26328334
23075391000
3212875424
414220221
143748166
1493700000
470068941
1243688281
293494762
900244031
285131781
490450586
9206876000
-730393020.4
396711000
488342606
485294781
391106805
493574338
135327259
479998691
1092721059
255220598
262875822
-407735266.1
192463113
41108267
1083463036
486513019
8397590000
438352879
1043583428
576190061
270238667
525801531
398302360
73226926
1185260158
37445641
497039785
1465650098
112956029
259572267
56694284
984778124
969581086
672548219
124368618
1165712292
299373803
140732955
1184192561
133496236
272526966
5739736296
130894689
296295783
236741035
25265754
395004357
112145547
1305574246
285253067
496456038
310422748
202573557
5179924000
103272336
230104634
79676107
629776153
553413787
47959719
719588242
382680818
43649135
145332990.7
572611995
775578358
1680956793
302546211
58087742
330275639
65786351
124022091
73822964.61
-243174518.9
159285415
411981212
164611717
431311000
266979944
89525525
88547617
4718971303
81226516
378152761
52585461
208108921
220520086
45901204.01
294998621
683592224
536141019
464651543
3822876968
250309720
27570854
321918606
40048811
414544170
30220897
81004075
406070026
71512219
65262253
149876514
236448744
264262912
50568623
13395257
3472352397
43789968
621701441
67008881
133293295
90271158
93652940
146612161
137097740
349796155
303657077
66441837
84622794
1317093043
110949072
170911293
317758093
17558733
3108217873
91420121
588178435
136747030
382937199
624923645
1357874775
310303008
-83750490
214278961
500519971
612932797
142437934
4271045155
143249073
4164441
4912206
219595025
-4891685
564797000
3135532
376068058
265556089
42165438
97584126
376352836
193398896
411962330
34626473
277440224
209425573
258851108
321337922
315526786
130832699
97528173
-138387160.1
218904522
87818112
93660287
83569690
37598944
231532632
191741573
440455193
76869764
47285433
309306565
114747293
155899656
96704147
-293701819
-175304486.3
117183792
26257087
69500927
98708509
311283575
106610353
156264825
493347675
1476048729
820256744
328601812
275606304
91744471
86743370
110233577
-398110821.8
137050127
64530417
192399199
184869765
302779741
107888492
530374084
296469519
11205470
85471475
11947102
28252286
-17172559
562703067
28617607
109101267
138305821
-254650000
157970086
938832
35140755
181791969
83688011
3247438560
47174531
62208392
119365829
4237135
42990176
91684438
20837590
184979701
321982387
62561380
262595
-16940794.45
-7454050
1495523877
167009988
31052000
723435
377784000
204935189
265724067
58296418
135513426
119554298
302344082
119459000