0
0.0759719
0.530211
0.331896
0.322689
1.04859
0.370572
0.558232
0.296917
1.08661
0.0453362
0.182537
0.823823
0.754955
0.302906
0.332125
0.195779
0.567914
0.346853
0.0106291
0.18668
0.155862
0.122659
0.865097
0.00854315
0.0179246
1.70174
0.0242914
0.908989
0.160843
0.962604
0.463197
0.242375
0.783335
0.19775
0.0408585
0.554528
0.472118
0.589053
0.325252
0.0139108
1.4538
0.395331
0.395029
0.0190916
0.19053
0.0232708
0.180725
0.459929
0.521241
1.4794
0.269009
1.78977
0.389946
0.53001
0.758979
1.04849
0.0603688
0.519086
2.40734
0.0502701
0.111352
0.0774229
0.927427
0.146149
0.0842693
0.569806
0.541952
0.459421
0.245972
0.170153
0.253733
0.645654
0.557077
0.199806
0.10259
0.783228
0.250219
0.0101607
0.168046
0.0650658
0.0617536
0.181031
0.216669
0.24751
1.02439
0.310197
0.0929456
0.908073
0.452116
1.18147
0.660897
0.314023
0.394792
0.276796
0.0971568
1.09834
0.385207
0.688973
0.285328
1.93248
0.649756
0.36131
0.637532
1.93113
0.401595
0.264215
0.265833
0.0278551
0.356752
0.38445
0.287518
0.599405
0.138144
0.0560603
0.317535
0.1073
0.386835
0.420784
2.23292
0.384937
0.517001
0.380795
0.0420707
0.141847
0.556618
0.101181
0.0293691
0.470977
0.341257
0.034835
0.267083
1.30498
1.35248
1.11231
0.235696
1.05118
0.425214
1.68328
0.0908262
0.134109
0.320227
0.138693
0.141653
0.0122644
0.541329
0.497343
0.936904
0.600562
0.088142
0.652335
0.326684
0.542519
0.196189
0.846551
0.478549
0.53413
0.372581
0.058092
0.628542
0.0397534
0.0826153
0.0785453
0.0504961
1.45723
0.722676
0.177007
0.0304973
0.944318
0.426142
0.916126
0.47608
0.271866
2.15391
0.22545
1.07727
0.0479627
0.69659
0.0587932
0.0234593
0.015398
0.131321
0.151969
0.336642
0.194477
0.642874
0.332535
0.20826
0.939327
0.571361
0.557119
0.737124
0.10555
0.50728
0.476078
0.654673
0.348271
0.0834648
0.36148
1.80623
0.308028
0.568622
0.636764
0.413714
0.0335729
2.54023
0.330858
0.615593
1.69396
0.374634
0.473993
0.77184
0.102078
0.198804
0.236729
0.329939
0.0440716
0.498443
0.148582
0.798675
0.0953048
0.35018
0.264892
0.686124
2.90313
0.232803
0.173785
0.133911
0.418452
0.0931263
0.255524
0.691027
0.227173
0.425698
0.864481
0.565188
0.238499
0.126544
0.253275
1.19559
0.591287
0.0732212
0.0885662
0.875075
0.0799202
0.526166
0.000822551
0.980438
0.0182147
0.339767
1.2366
0.223536
0.152607
0.959282
1.4154
0.0334515
0.55409
0.0439774
0.246469
2.01625
1.0113
0.885369
0.0592537
0.280776
0.390223
1.38583
0.530682
0.102544
0.104183
0.390023
0.0288061
0.510648
1.10732
0.816947
0.242477
0.62641
0.109768
0.00888857
0.105804
0.109933
0.764484
2.58433
0.172196
0.30109
0.157501
0.713116
0.0151191
0.494101
1.94602
0.36486
2.16086
0.707715
0.718379
0.956276
0.15362
1.35149
0.454798
0.303582
0.706615
0.373576
0.0469197
0.370754
0.307708
0.636169
0.03585
1.5989
0.983685
0.216562
0.0405994
1.24589
0.631957
0.253291
0.36809
0.843394
0.0333763
0.0065707
0.0498221
1.36815
0.0573526
0.832846
0.515361
1.65678
0.16587
0.710956
0.450591
0.0152707
0.581933
0.115181
1.14045
0.284515
0.163483
0.579058
0.771435
0.48555
0.139194
0.234433
0.848151
0.101922
0.484594
0.563569
0.681345
0.00536683
0.0764267
0.682388
0.193616
0.0219585
0.811225
0.171074
1.21908
0.578159
0.237983
0.180524
1.18169
0.271851
0.0712372
0.566247
1.28951
0.305139
0.606552
1.27682
0.20414
1.20224
0.095521
0.397979
0.00022777
0.121101
0.483416
0.782409
0.434423
0.933681
0.0185342
0.480993
0.577438
0.536466
0.773034
0.271042
0.213889
0.594264
0.291693
0.151235
1.78334
0.0978386
0.0459459
0.108277
0.0775465
0.592027
0.148942
0.331361
1.17088
0.498071
0.448523
0.23212
0.747511
0.20126
1.39127
0.372888
1.06226
1.45392
0.10451
0.374816
0.586893
2.14351
1.51005
0.385689
1.3205
0.179795
0.994029
0.304069
0.0574221
1.19545
0.165022
0.299219
0.186685
0.20383
0.150607
0.218432
0.321461
0.218544
0.296364
1.30241
0.31341
0.441972
0.578389
0.786439
0.148474
0.0697828
0.249184
0.574379
0.352894
0.176778
0.932757
0.375653
0.23986
0.807401
1.49488
0.970956
0.0519159
1.28124
0.719111
0.453455
0.636124
0.19067
1.1189
0.200763
0.976754
0.234118
0.479983
0.520374
0.0650611
0.125176
0.364989
0.157394
0.899034
0.844509
1.28604
0.165343
1.02057
0.336796
1.16706
0.0826038
2.06162
0.216801
0.166218
0.16233
0.0409024
0.0633063
0.0212843
0.56608
0.264027
0.353128
1.82436
0.263338
0.0410973
0.61138
2.05171
0.81814
0.787196
0.439429
1.0306
0.256714
0.20442
0.447388
0.692041
1.70889
0.167585
0.0936603
0.460537
0.350244
0.397423
0.388584
0.218247
0.348146
0.441594
0.249339
0.00307674
0.256928
0.0911636
0.714041
0.0914767
0.311271
0.716715
0.0758081
0.460191
0.265085
0.119421
0.570093
0.166539
0.336419
1.15866
0.140044
1.48991
0.638257
0.302017
0.669992
0.524094
0.379495
0.137051
1.13844
0.181145
0.112592
2.38778
0.3519
0.615572
1.81857
0.60448
0.225154
0.206145
0.582536
0.387583
0.595029
0.00602677
0.283644
0.0416666
0.203112
0.257283
0.276402
0.174271
0.0197078
0.0838777
0.385179
0.383441
0.192701
1.04489
0.662311
0.26147
0.576852
0.671066
0.635945
0.174438
0.157389
0.563661
0.524123
0.506029
0.520464
0.314351
0.0131101
0.379131
0.0471341
0.426996
0.0834836
0.23255
0.60864
0.00907567
0.168851
0.0138468
0.298612
0.377059
0.28409
0.49986
0.269409
0.491076
1.19074
0.411993
0.0791178
0.743128
1.54048
0.282081
0.232201
0.018811
0.0773897
0.705529
0.932971
0.328165
0.696246
1.06379
0.0240651
0.360281
0.0989778
0.226344
2.37608
0.184721
0.539026
0.159524
0.817374
0.0541638
0.239855
0.0349725
0.0716318
0.312783
0.165995
0.564827
0.196186
0.0356548
0.670338
0.492499
1.01031
0.368277
0.685242
1.68945
0.287372
0.185217
0.26597
0.231046
1.07759
1.6269
0.6892
0.325544
0.354302
1.34716
1.62245
0.652298
0.233359
0.487126
0.2096
0.66537
0.326783
0.289124
0.100978
0.0504789
0.0307773
0.105841
0.997278
0.569961
0.206916
0.193916
0.0145857
0.142783
0.226452
1.10262
0.357937
0.314238
0.222874
0.781567
2.36809
0.107984
0.000575644
0.206734
0.757205
0.0269296
1.50577
0.374712
0.883457
0.150387
0.0750945
0.0415176
0.289198
1.44435
0.499483
1.41908
4.61992
0.338703
0.64382
0.178545
0.323132
0.241842
0.616998
0.57566
0.589981
0.079505
0.761222
1.32855
0.191392
0.703005
0.0523143
1.75683
0.00542024
1.48821
0.970483
0.463468
0.296887
0.244155
0.00303118
0.91952
0.00579293
0.499549
0.621855
0.857852
0.543334
0.990707
0.255188
0.657151
0.545115
0.839483
0.400238
1.1387
0.157101
0.552532
0.176114
0.438285
0.537293
0.150145
0.395871
0.179513
0.0993737
0.258584
0.0889693
1.32303
1.28203
0.249721
0.248885
0.281162
0.0908824
0.616946
0.0477163
0.203158
0.853203
0.258276
0.155727
0.143331
0.285296
0.841455
0.0475007
1.05308
0.116003
0.86886
0.00025012
0.0156191
0.300504
1.84092
0.431817
0.865382
0.119308
1.23428
0.757053
2.01144
0.324209
0.0658098
0.590336
0.303197
1.05882
1.25345
0.249271
0.612422
0.225182
0.0245629
0.678676
0.118706
0.113989
0.257133
0.448702
0.311512
0.143663
2.35157
0.457941
0.88339
0.0887138
0.264532
0.853423
0.200182
1.3321
0.219578
0.106694
0.0857035
0.443392
0.0423495
0.0814232
0.785984
0.679217
0.118225
0.185079
0.0457773
0.168296
0.367281
1.66167
0.0559833
2.02814
0.635394
0.694839
0.0786993
0.534221
0.351775
0.681866
0.717658
0.0202111
0.288845
0.160146
0.841777
0.237442
0.0218363
0.414044
0.824192
0.141081
0.0114753
0.0442392
1.15753
0.187591
0.414165
0.302838
0.497985
0.939305
0.182718
0.27732
0.361223
0.016754
0.125334
0.282778
0.281887
0.798487
0.0633187
0.612531
0.531353
0.445928
0.103101
0.867152
0.134514
0.620293
0.032044
0.0841028
0.277003
0.548226
0.159658
0.449363
0.340498
1.60399
0.110596
0.015599
0.447832
0.138816
0.68752
0.592823
0.0811995
0.385172
0.274897
0.114819
0.283485
0.0104191
0.156308
0.915596
0.233309
0.0617224
0.207875
0.740634
0.334501
0.042174
0.351389
0.29239
0.392825
0.891218
0.26403
0.267561
0.126147
0.0596937
0.0552887
0.542917
1.28381
0.559514
0.658014
0.841406
0.0396397
0.69276
0.637804
0.194516
0.0778028
0.128661
0.0980401
0.75471
0.485041
0.948598
0.0462932
0.933016
0.141244
0.0813975
0.462952
0.814687
1.8772
0.189444
0.396698
0.458003
0.185542
0.985447
0.199588
0.852754
1.67095
0.797553
0.62931
0.27703
0.0358666
0.479948
0.625362
1.30929
0.731854
0.326347
0.186725
0.342455
1.04942
0.403242
0.328669
0.856209
0.340718
0.619106
0.118063
0.55997
0.547696
0.351132
0.0539842
0.214263
0.158904
0.0986456
0.375108
0.440914
0.493454
0.893506
0.368717
0.610563
0.238956
0.805459
0.178789
0.152343
0.0256617
0.240734
0.00609912
0.422216
1.37017
0.00507051
0.526075
0.0878722
1.05382
0.329021
1.2122
0.182405
0.129664
0.340841
0.194118
0.863708
0.054098
0.660915
0.122917
0.18071
1.05963
0.279443
0.908475
0.247882
0.028735
0.588355
0.336694
0.299951
0.0459628
0.258017
0.129103
0.185503
0.177152
2.09173
1.13922
0.48199
0.345361
0.560461
0.47731
0.0325083
0.0986852
0.484987
0.63574
0.25728
0.00273839
0.0523037
1.03261
0.938612
0.28958
0.14076
0.202244
0.332817
1.39031
0.482702
1.00313
0.215046
0.546065
0.353301
0.279265
0.178221
0.223382
0.492924
0.0859281
1.15224
0.239192
1.10469
1.22424
2.1262
0.909188
0.315901
1.4417
0.287121
0.586326
0.0230343
0.0933523
0.331461
0.427467
0.0436251
0.430438
1.27369
0.320996
0.0370374
1.39671
0.776398
0.0753715
0.470229
0.656191
1.32439
0.0896802
0.149434
0.0685313
0.0929352
0.113208
0.815537
0.234216
0.595781
0.775856
0.0548245
0.279526
0.112024
0.0795815
0.0181845
0.0400035
0.373222
0.0769304
0.231473
0.962332
0.465525
0.066042
0.741988
0.0209128
0.757874
1.42256
0.0292251
0.0646513
0.00675159
1.20887
0.563119
0.0511008
0.0208626
1.26932
0.832564
1.74634
0.128946
0.175471
0.0202797
0.441289
0.627989
0.801708
0.23344
0.918778
0.360223
0.649903
0.284923
0.163787
0.139136
0.644468
0.194237
0.57688
1.44002
0.557779
0.0385462
0.675858
0.475789
0.0341212
0.148448
0.391456
0.297649
0.306696
0.728584
0.12729
0.0266593
0.0132562
0.0515553
0.158982
0.221921
0.249318
0.914361
0.0256523
0.744339
0.0404525
0.678273
0.510923
0.786079
0.659442
0.178317
0.409587
2.08308
0.790067
0.372458
0.194708
0.42184
0.667823
0.779639
0.773715
0.39097
0.388567
0.236742
0.92762
0.32749
1.39759
0.0855839
0.395695
0.273434
0.307585
0.273743
0.0787994
0.196833
0.57696
0.354179
0.179745
0.435531
0.048
0.304899
1.09175
0.126956
0.00072085
0.127991
0.287392
0.00919669
0.387659
0.051175
1.18561
0.46114
0.665242
0.189927
0.907989
1.05155
0.105923
0.15316
0.358754
0.446405
0.0606338
1.13138
0.398123
0.56273
0.0595247
0.110006
0.490703
0.0671234
1.0344
0.0490762
0.143712
0.0172251
0.173205
0.0911205
0.0260434
0.425192
0.0571893
0.0516728
0.567885
0.0663563
0.331841
0.0298039
0.302235
1.02797
0.0385876
0.21062
0.106009
0.748592
0.112736
0.4456
0.0749301
0.38154
0.137884
0.316
0.0303169
0.507289
0.358918
1.9455
0.920438
0.0873129
0.341122
0.796728
0.0368985
0.714604
1.04187
0.404696
0.42142
1.34367
0.251586
0.819325
1.49451
1.38523
1.13569
0.0964813
0.0193477
0.487495
0.0905252
0.0625458
0.0384556
0.329001
2.713
0.438589
0.788724
0.327013
0.13375
0.0484865
0.972712
0.474359
0.168499
0.534597
1.56678
0.359833
0.558262
0.0503861
0.125446
0.00777989
1.5066
0.228276
0.235824
1.33296
0.924768
1.57291
2.75876
0.204421
1.58994
0.194708
0.662192
0.198279
0.448474
0.090816
0.371639
0.608779
0.38436
0.171277
1.79345
1.42608
0.094943
2.10857
0.213952
0.181375
0.0545571
0.0187033
0.414984
0.181607
0.0502339
0.243809
0.90532
0.470422
0.147192
0.152266
0.929162
1.086
0.0974177
0.120099
0.386203
0.157476
0.434153
0.206225
0.103719
0.783167
1.46474
0.540641
0.321678
0.332557
0.146666
0.328173
0.152047
0.543062
0.160342
1.2484
0.120912
0.914271
0.720508
0.452768
0.493534
0.36626
0.984563
0.0402789
0.620424
0.698315
0.467157
0.709578
0.081509
0.84473
0.219516
0.0276611
0.69514
0.277437
0.987819
0.472188
1.50052
1.24763
0.943466
0.345218
1.58296
0.825131
0.0112237
0.0231973
0.491825
0.685224
0.907448
0.260034
0.285965
0.245771
0.737583
0.735021
0.11906
0.326811
0.509097
0.101054
0.458738
0.0981186
0.0610924
0.393553
0.583473
0.361066
0.00319427
0.329578
0.270425
0.777207
2.10375
1.02953
0.947558
0.0763771
0.0584938
0.26541
2.55263
0.0110508
0.227948
1.07993
1.85981
0.373803
1.19913
1.20669
0.204785
0.64337
0.673286
0.451347
0.00375143
0.71904
0.0647461
0.212695
2.18042
0.636738
0.294629
0.821131
0.75245
0.374568
0.543554
0.443271
0.230576
1.80678
0.11558
0.220932
0.400955
0.183502
0.400381
0.102529
0.218279
0.31419
0.329317
0.552521
2.07527
0.0460279
0.240921
0.285906
0.111086
0.319554
0.063045
0.296035
1.6807
0.664876
0.501397
0.190621
1.39292
0.0313744
1.12439
0.187435
0.0364019
0.252843
0.0633688
1.00231
0.273037
0.294275
3.6522
0.0918698
0.0596932
0.94487
0.148176
0.115872
0.493182
0.760445
1.00844
0.708469
0.0358613
0.255945
0.245857
0.105257
0.724607
0.454996
0.207684
0.310074
0.326269
1.34054
0.276485
0.135333
0.366112
0.756091
0.452905
0.29286
0.545575
0.319451
0.461159
0.597531
0.0289522
0.189976
0.473423
0.339359
0.16405
0.0656129
2.39843
0.347438
0.0567124
0.550459
0.722352
0.162057
0.849852
0.0522095
0.864729
0.0282956
0.224089
1.52796
0.129669
0.140909
0.611949
0.884963
0.625954
0.844926
0.181415
1.88746
0.238517
0.731267
0.139045
0.189759
0.0853454
0.235644
0.22168
1.03769
0.0436334
0.0347046
1.32184
0.462486
0.101144
0.0486612
0.759338
0.777745
0.509601
0.011473
0.526132
1.31348
0.146688
0.0475905
0.288299
0.0188588
0.851857
0.214349
0.186593
0.524759
0.379181
0.435735
0.499375
0.987311
0.0586892
0.123589
0.419372
0.357409
1.46111
0.550959
0.531304
0.221634
0.246147
0.163521
0.465659
0.0937352
0.0446202
0.586004
0.0913918
0.0996753
0.753447
0.101454
0.222089
0.299315
1.07025
0.167716
0.309891
0.779793
0.171298
0.243675
0.119972
0.156793
0.076048
0.107308
1.14359
0.0493533
0.792492
2.01649
0.893228
0.147192
1.19778
0.0796686
0.30661
0.0611264
0.434262
0.225568
0.127103
0.758546
0.414428
1.21824
0.186415
0.812479
0.236471
0.780827
0.136514
0.284547
0.0406067
0.153255
0.0567382
0.160424
0.838425
0.00595381
0.0166837
1.00373
0.690765
0.419846
0.298091
1.23513
0.161578
0.799227
0.0369216
0.0271804
0.384345
0.73533
0.344341
2.14178
1.36628
0.23164
1.02033
0.167653
0.219239
0.537703
0.151164
0.0709118
0.0869097
0.122459
1.40258
0.137925
1.40098
0.173086
1.04521
0.558
0.419504
0.655237
0.431336
0.114173
1.78579
0.372544
0.0617887
0.0355212
0.168243
0.511875
0.323742
0.0650779
0.484335
0.478215
0.125736
1.39379
0.33147
0.60668
0.00634527
0.485396
0.949502
0.22651
0.665583
0.861225
0.00190219
1.54284
1.37837
0.00874852
1.23577
0.0553385
0.837971
0.45635
0.0846096
0.505483
0.278887
0.389977
0.391081
0.467993
0.431577
0.537
0.243291
0.438298
0.166757
0.695032
2.08114
0.0399619
0.686252
0.224884
0.0714447
0.375128
0.25435
0.227875
0.658335
0.505584
1.01358
0.20531
1.19685
0.740305
0.195048
0.555871
0.338958
0.0172264
0.0591048
0.409475
0.468374
0.857282
0.568762
0.0578897
0.872876
0.204883
0.497062
1.54417
0.674861
0.196839
0.00318046
0.960824
0.0587751
0.790339
0.251542
0.254545
0.592372
1.13121
0.227963
0.485406
0.890395
0.447772
0.0541953
0.0594482
2.05931
0.327939
0.934583
0.22543
0.270324
0.158595
0.649285
0.207296
0.149809
0.259192
0.876203
0.230886
0.871787
0.090758
0.254385
0.0466687
0.35263
0.308396
0.0375649
0.946952
0.150321
1.39516
1.11462
0.410108
0.811152
0.869825
0.527789
1.38348
0.587747
1.36071
1.78742
0.0583458
0.081545
1.20496
0.0845447
0.608435
0.243558
1.22581
0.434832
0.181289
0.316366
0.0209018
0.436704
0.175501
0.329606
0.449288
0.277945
1.06629
0.537202
0.114075
0.0507092
1.3754
0.505309
0.43032
0.193193
1.36686
0.0316907
1.45404
0.532416
0.0347582
0.725718
0.529975
0.185826
0.423413
0.818465
1.0107
0.00852803
1.65092
0.212884
0.140086
0.235218
0.783764
0.0207768
0.310013
0.645245
0.169831
0.221793
0.480545
0.51606
0.928932
0.0671399
0.0183002
0.333481
0.965571
0.00480739
1.05553
0.192651
0.722586
0.0264096
0.778662
0.206871
0.107615
0.247113
0.205922
0.644251
1.28728
0.678658
0.133903
0.109638
1.53289
0.39271
0.573071
0.255748
0.642875
0.712733
0.0575973
0.985781
0.270265
0.254752
0.17626
0.820588
0.367147
0.765816
0.684682
0.562167
0.0317693
1.36265
0.117394
0.481642
0.232597
0.248599
0.320088
0.120395
0.224328
0.00392022
0.033531
0.0458466
0.178711
0.236069
0.298418
1.10275
0.679294
0.123207
0.926579
0.230827
0.427413
0.718682
0.0177071
1.24272
1.87468
0.186962
0.330769
1.025
0.133861
0.307117
0.233127
0.977064
0.438373
1.06578
0.243939
0.237971
0.115151
0.134167
1.01366
0.365211
1.02891
2.41841
0.137751
0.574389
0.380749
0.20812
0.118277
0.0254753
0.0427624
0.133325
0.258492
0.280934
0.249052
0.578342
1.00909
0.188201
0.556299
0.0319308
1.15472
0.146538
0.710289
0.646335
0.164459
0.163323
0.231817
0.665235
1.22542
0.0580362
0.502858
1.15849
0.83932
0.179898
0.362929
0.0435521
0.0260882
0.128954
0.239552
0.146415
0.691721
0.235979
1.04065
0.782615
0.501185
0.0727849
0.397299
0.828972
0.268858
0.290293
0.673454
0.201212
0.207403
0.0446
0.000170722
0.814157
2.25885
1.06949
0.479532
1.85414
1.66642
0.192508
0.0354236
0.169821
0.486889
1.01308
0.55976
0.29888
0.558126
0.128607
0.84846
0.947718
1.28197
0.138928
0.201954
1.1031
0.518481
0.148892
0.0775655
1.09923
0.145442
1.62885
0.80371
0.329789
0.767057
0.10543
0.310411
1.21063
0.726698
0.180811
0.482068
0.97977
0.109962
0.12357
0.575031
0.095228
0.504304
0.240629
0.410479
0.389505
1.03159
0.622376
0.0885564
0.276023
0.556571
0.41327
0.483038
0.536964
0.116997
0.0337289
0.00258034
0.207492
0.0365056
0.0270038
0.0974841
0.994013
1.19656
0.118521
0.303905
0.361957
0.665803
0.0751657
0.286212
0.363746
0.295122
0.151311
0.75318
0.048156
0.174825
0.486684
0.411491
0.905243
0.214783
1.91219
0.126663
0.00178049
0.764748
1.02325
0.393339
1.51955
0.808038
0.00309214
0.27165
0.263194
1.57144
0.979093
0.626863
0.47734
0.202479
0.0990566
0.286878
0.410691
0.379831
0.234178
1.47695
0.381461
1.1504
0.308748
0.0455223
0.230933
1.31315
1.26571
0.126731
0.179612
0.0665809
0.192718
0.591253
0.790885
0.436362
0.929941
0.825649
0.0956886
0.757531
0.228993
0.676972
0.397503
0.725115
0.737455
0.0153739
0.00054311
0.603338
0.509882
0.347149
0.16249
0.204511
0.0300262
0.708653
2.33795
0.566173
0.511405
0.539814
0.0857682
0.120533
1.07704
0.708462
0.806817
0.987322
0.112433
1.36405
0.476417
0.552196
0.144236
0.0286236
0.378564
0.119145
0.215426
0.531306
0.0648717
0.501098
0.216681
1.16129
0.538037
1.11428
0.248791
0.772232
0.074863
0.329719
1.28885
0.0493673
0.0928267
1.389
0.495777
1.03829
0.66606
0.00833162
0.944348
1.4856
1.96835
0.0107422
0.288889
0.194912
0.282412
0.0347801
0.0179064
1.50567
0.0609487
0.242391
2.209
0.201716
0.500216
1.46337
1.25915
0.565092
0.413064
0.858276
0.228042
1.56899
0.233753
0.2379
0.722507
0.183767
0.116441
1.19397
0.0515049
0.468358
0.364964
0.217118
0.174787
0.202348
0.741748
0.0607389
0.591909
0.387849
0.931532
0.547266
0.433066
0.276498
0.61571
0.0744014
0.41126
0.112355
0.655877
0.841332
1.58403
0.0599558
0.116363
0.621468
0.471169
0.272235
0.175871
0.254172
0.418018
0.306059
0.788124
0.00382048
1.64736
0.478292
0.145945
0.553187
0.12998
0.263082
0.140086
2.31724
0.660042
0.0389608
0.544132
0.343378
0.160407
0.184861
0.0315796
0.220771
0.12681
0.0644588
0.476478
0.0321087
2.01153
2.00288
0.486179
0.241424
0.102535
0.0221759
0.208292
0.20468
0.317281
0.0271102
0.508333
0.301204
1.47524
0.277759
0.486709
0.504521
0.0957499
0.158269
0.62678
0.133527
0.0398066
0.399417
0.348767
0.19128
0.466441
0.794242
0.10299
0.613044
0.184956
0.528842
0.684796
1.41352
0.0149307
0.345315
0.730127
0.282252
0.080591
0.0701057
0.0782781
0.248214
0.0625428
0.167029
1.07684
0.708027
0.23239
0.540604
0.734698
0.0937299
0.0234203
0.0203872
0.00272988
0.0694153
0.360724
0.041141
1.12235
0.154687
0.971314
1.05377
0.0458713
0.116384
0.348623
0.339203
0.267155
0.333036
0.217206
0.201106
0.873092
0.615797
0.480839
2.06142
0.165913
0.0540116
0.0448206
0.16566
0.830265
0.531396
0.67454
1.62437
1.29378
0.626828
0.813597
0.136519
0.672077
0.113241
0.0187816
0.87593
0.147675
0.184889
0.220327
1.83129
0.210347
0.435745
0.0237185
1.78244
0.661089
0.534196
0.0476408
0.669858
0.49524
0.647634
0.331401
0.353867
0.624155
0.257955
2.17273
0.64148
0.516541
0.774147
0.0581107
0.026434
0.302663
0.0756731
0.0352658
0.829391
0.628326
0.58387
1.37304
0.176916
0.21855
0.914467
0.11402
0.368976
0.942451
0.0380934
0.55842
0.911315
0.329097
0.0982347
0.169753
0.0810451
0.0333923
0.888346
1.71976
0.115448
0.199287
0.0405234
0.193581
0.217781
0.0148121
1.42714
0.604471
0.178884
0.154874
0.460696
0.177375
0.111715
0.0574095
2.04445
0.0199879
0.299101
0.516225
1.15581
0.0940831
0.162486
0.358977
0.986301
0.575165
0.292709
0.177329
0.594963
0.703838
0.271454
1.60734
0.201864
1.12023
1.34158
1.40682
0.0997898
0.0207239
0.00976998
0.181838
0.481622
0.0825952
0.444393
0.311129
0.0453428
0.218516
0.100861
0.317156
0.36938
0.0996009
0.098474
0.2352
0.00767698
0.220626
0.697924
1.08839
1.4756
0.0224431
0.534538
0.127398
0.470128
0.112602
0.128731
0.372471
0.197747
0.272498
0.598562
0.302319
0.0262014
0.473409
1.03121
0.505425
0.55449
0.21303
0.406312
0.690466
0.691013
0.126708
0.476202
0.998769
0.267227
0.028227
0.143708
0.0702051
0.0184217
0.168201
0.315454
0.173191
0.0193517
0.282971
0.39294
1.182
0.801045
1.20949
0.0578189
0.363528
0.0373973
0.300581
0.60848
1.79416
0.05777
0.943773
0.281406
0.0909728
0.0980754
0.653384
0.166119
1.23575
1.10595
0.182215
0.0703579
0.715094
0.834141
0.0565728
0.619038
1.36755
0.662027
1.20832
0.212279
0.375669
0.25203
0.0872178
0.31471
0.830543
0.38911
0.816986
1.05223
0.0563472
0.509536
0.218138
0.0782825
0.314646
0.286612
0.121299
0.196049
0.0202739
0.222792
0.31647
0.910799
0.506685
0.734555
0.15987
0.344461
0.45798
1.52908
0.244135
0.311391
0.0214119
0.382353
0.365492
0.363087
0.392762
0.0126461
0.239416
0.413752
0.316505
0.06062
0.151788
0.115833
0.193264
0.714742
0.152952
0.383713
0.777525
0.135335
0.229337
0.779192
0.0295132
0.00834695
0.161503
0.0979848
0.592519
0.0115204
0.0475318
0.074191
1.61759
0.132425
0.496877
0.095134
0.466236
0.265687
0.284402
0.862174
0.052889
0.143944
0.048718
0.920447
0.00158011
0.0812215
0.927545
2.15989
0.0116392
0.114804
0.540673
1.35381
0.364432
0.135025
2.69284
0.80906
0.590784
0.561486
0.119464
0.122917
0.1309
0.50578
1.71443
0.839588
0.0695428
1.6269
0.376557
0.943675
0.595418
0.459906
0.085135
0.562825
0.325373
0.679903
0.075221
0.56791
0.460989
1.17164
0.2127
1.67425
1.33683
0.16033
0.205101
0.905408
0.0472433
0.355183
1.07863
0.475866
0.382661
0.0765895
0.35565
0.0793905
0.289038
0.685628
0.0999244
0.38693
0.117066
0.576423
0.0165886
0.533837
0.0136409
0.374677
0.21214
0.155468
0.593153
0.150251
0.55165
0.555997
0.57399
0.549023
0.176977
1.02298
0.490408
0.211539
0.91641
0.268325
0.130797
0.293785
0.22692
1.43128
0.0159322
0.152377
0.77732
0.299184
0.881113
0.243743
1.8689
0.527025
1.75503
0.7434
0.360755
0.71054
0.498243
0.320175
0.845015
0.158189
0.941603
0.565106
0.186544
0.374973
0.443618
0.997401
0.0882502
0.994729
1.19778
0.962368
0.281581
0.123959
0.671062
0.207298
0.521113
0.306108
0.277172
0.621072
0.547309
0.00449583
0.805077
1.06023
0.314226
0.207339
0.0147485
1.00643
0.78994
2.07498
0.184039
2.07893
0.214146
1.37874
0.160726
0.539941
0.0695997
0.734025
1.26183
0.017028
0.48715
1.16484
0.261008
0.0722501
0.433292
0.152312
0.197984
0.267304
0.467811
0.514053
0.776654
0.00382482
1.08608
0.0496593
0.202048
0.0529625
0.471492
0.273718
0.0804971
0.142863
0.400339
1.09028
1.03139
0.159254
0.682338
0.0293576
0.111565
0.365225
0.180483
1.67509
0.432695
0.0287201
0.369581
0.382159
0.580436
0.381933
1.28516
0.0549012
0.409194
0.27909
0.885329
0.11369
0.0184807
0.266268
0.743552
0.239681
0.257709
0.217326
0.621767
0.719923
0.373414
0.207103
0.140717
0.559948
2.54876
0.191047
0.202046
1.73615
0.51283
0.651086
1.25803
0.270809
0.50743
0.0808165
0.464508
1.06913
0.0621702
0.561074
0.151054
0.135053
0.530929
0.62935
0.0274165
1.35764
0.316835
0.262067
1.2983
0.731256
0.335415
0.524639
0.228875
0.656901
0.0772427
0.458158
0.504
1.10067
0.156815
0.093257
0.976862
0.877991
0.545283
0.291675
0.0886342
0.857524
0.822522
0.328158
0.0772969
0.0572844
1.14533
0.170393
2.33262
0.124741
1.89733
0.0851658
0.0519239
0.331886
0.218845
0.64224
0.186022
0.140434
0.469336
0.229125
0.0766614
0.246066
0.136692
0.203102
1.39067
0.0194969
0.163692
0.255507
1.89505
0.487644
0.502771
0.835118
0.292569
0.658435
0.915321
0.306033
0.0923672
0.35613
0.196452
0.0249371
0.0360497
0.36734
0.0754333
0.0258584
0.200464
0.144263
0.101864
0.361435
0.857804
0.403091
0.597519
2.24573
0.212185
2.17444
0.906135
0.749763
0.403212
0.153193
1.00788
0.191441
1.96853
0.131851
0.20341
0.446499
0.0170722
0.415569
1.5227
0.718815
0.285195
0.00943863
0.527932
0.362952
0.891495
0.315232
0.212089
0.146311
0.798799
0.330502
0.122479
0.288425
0.255913
0.0339959
0.781483
0.486793
0.489359
0.141842
0.537019
0.154319
0.396291
0.355144
0.0670203
0.143887
0.0940957
0.570991
0.486659
0.220342
0.0197992
0.035218
0.314332
0.773496
0.278161
0.013115
1.11848
0.167458
0.212091
0.0447397
0.239661
1.10414
0.361245
0.0160313
0.714448
0.04528
0.0227941
1.19729
0.195159
0.0420965
1.16091
0.962089
0.935627
0.521059
0.133983
1.44013
0.357475
0.147617
1.15431
0.277018
0.283526
0.760236
0.0456918
0.472937
0.116275
0.56976
0.320695
0.182563
0.0577025
0.923817
1.43933
0.0596364
0.158995
0.450776
0.203241
0.731302
0.175631
0.332658
0.172626
0.528612
0.0801716
0.807506
0.276328
1.33832
0.207827
0.660066
0.932748
1.58601
0.937171
0.864449
0.238338
0.0722576
0.707927
0.28861
0.637913
0.669324
1.45838
1.40376
0.741329
0.0318157
0.867662
0.389935
1.80172
0.219752
0.506888
0.500493
0.338822
0.211679
0.423057
1.15166
0.316388
3.69702
0.800284
0.190547
0.345512
0.928952
1.73845
0.395744
0.00304771
0.773378
0.573957
1.02803
1.96833
0.529118
0.972806
0.207418
0.268833
0.311958
0.448037
0.273704
0.763689
0.171976
0.139847
0.620373
0.272738
0.282403
0.756038
0.199797
0.432466
0.0151998
0.297559
0.312974
0.230208
0.542574
0.797085
0.303855
1.22046
0.0390953
0.324991
1.02553
0.410381
0.430586
0.313969
0.0508463
0.310758
0.947948
0.906989
0.0454411
0.177131
0.178328
0.341684
0.125567
0.957811
0.137721
0.384461
1.46902
0.0797438
0.809921
1.10865
0.336103
0.30969
0.248589
0.0168854
0.0840337
0.134485
1.06474
1.26348
0.642779
0.535838
0.0300116
0.523243
0.0168807
0.132026
0.107413
0.552467
0.0669458
1.87846
0.183082
1.51992
0.0580427
0.94531
0.458639
1.47647
0.210014
1.17242
0.368133
0.0169491
0.128017
0.126444
0.980386
0.404546
0.686758
0.243691
0.575382
0.769224
1.17366
0.189331
0.179826
0.606163
0.256666
0.795836
0.0619616
1.53286
1.08221
0.906173
0.0976613
0.272166
0.275312
0.0366099
0.0605461
0.0938276
0.158896
0.354552
0.781111
0.532397
0.198822
0.765938
0.0360954
1.6173
0.405996
1.2664
0.210735
0.395643
0.542115
0.8196
0.67641
0.961837
0.0619884
0.565837
1.40742
0.209022
0.240137
2.57859
0.10314
0.0903856
0.368038
0.479902
0.254387
0.662726
0.0859297
0.12381
0.333277
0.516091
0.396224
0.263854
0.0262777
0.190708
0.46869
0.528771
0.797117
0.427688
0.619131
0.0488497
0.123454
0.22245
0.00948908
1.09394
0.0771106
0.115518
0.706169
0.591255
0.246401
1.03003
0.129628
1.95456
0.914226
0.330201
0.576255
0.322119
0.529508
0.499491
0.718139
0.0637604
1.68679
0.29514
0.747816
1.53893
0.931208
0.0492911
0.0962397
0.134322
0.0704982
1.29177
1.6186
0.169653
0.187688
0.685204
0.321831
0.953917
0.428477
0.781421
1.2442
0.21992
0.0202661
0.275626
0.0703446
0.205129
0.472979
0.488831
0.35351
0.344981
0.427793
0.158561
0.00799819
0.689985
1.27592
0.0651217
0.746452
0.178498
0.00716151
0.0030913
0.325398
1.86357
0.86564
0.0106554
0.288465
0.260052
0.269976
0.0577264
1.21712
0.0304453
0.800527
0.362359
0.096795
0.239638
0.748687
0.216519
0.676937
0.310064
0.161704
0.177842
1.32246
0.413315
0.19932
0.572537
0.149894
0.292036
1.0317
0.872422
0.047357
0.218431
0.0599567
0.173711
0.241206
0.809219
0.0180821
0.631821
0.440996
0.347804
0.46129
0.0494516
1.77937
0.609386
0.714902
1.19451
0.103067
0.139976
0.335133
0.421768
0.109801
0.309124
0.0741344
0.700889
0.0821507
0.978791
0.0595782
0.131995
0.837606
0.418617
0.138805
0.437
0.0631681
0.476808
0.290418
0.449903
0.142992
2.1958
0.225769
0.721366
0.0788875
0.0784391
0.954113
0.132757
1.84165
0.449424
0.345368
0.179508
0.026562
0.147212
0.249172
0.487616
0.602714
0.470377
0.0400586
2.96257
0.505932
0.404599
0.184277
0.25907
0.658261
0.14079
0.597146
0.584631
0.198552
0.0567014
0.0365021
0.120834
0.89885
0.126444
0.872185
1.02715
0.882336
2.48736
0.0530766
0.826391
0.0490416
0.647506
0.193605
0.0280807
0.706483
0.12947
0.598071
0.574982
0.675734
0.500498
0.0493207
0.724083
0.136369
0.227806
0.0596111
1.7125
0.350118
0.0889658
0.602736
0.427633
0.452935
0.644185
2.16368
0.459169
1.019
1.03421
0.73539
0.0713437
0.79294
0.298472
0.310283
0.975632
0.929529
0.674474
0.177028
1.25553
0.37997
0.45017
0.729297
0.511837
0.554155
0.505232
0.666472
0.352371
0.217235
0.543115
0.0134556
0.195558
0.0123054
0.447042
0.0590674
0.436899
0.0842926
0.315153
0.680985
0.196855
0.622271
0.201529
1.68803
0.0270371
0.12535
0.459828
0.135249
0.217182
0.951712
1.56989
0.34696
0.472169
0.736102
0.514451
0.140315
0.385403
1.95437
0.33031
0.0506739
1.53367
0.511657
0.0570269
0.205819
0.0879863
0.298744
0.552673
0.0550115
0.048846
0.191781
0.0779157
1.01491
0.516716
3.21272
1.26215
1.17134
0.00437542
0.203755
0.327222
0.188594
0.0760547
0.854845
0.323825
0.941029
0.722471
0.282301
1.0296
0.743454
0.121493
0.23548
0.365938
0.0433838
0.54587
0.195925
0.172805
0.151797
0.0621728
0.36755
0.222396
0.287463
0.603275
0.218899
0.106288
0.229043
0.318995
0.378938
0.525279
0.0923348
0.258673
0.127349
1.35996
0.110062
0.339907
0.189408
1.22516
2.13512
0.171281
0.0852459
0.0929189
0.403067
0.796714
0.119859
0.551294
0.0547824
0.991484
0.0746227
0.128242
0.181803
1.33537
0.66499
0.484141
0.0745906
0.352848
1.36121
0.139379
0.263745
1.10327
0.193755
0.0576404
1.62378
0.0662381
0.194635
0.65752
0.253647
0.0679983
0.523089
0.856367
0.959972
1.17231
0.238388
0.113984
0.795819
0.21625
0.000946946
0.513309
0.302998
0.360412
0.292277
0.195187
0.159543
0.0753194
0.280406
0.396328
0.184409
0.0186676
0.253519
2.26083
0.195515
1.34198
0.209782
0.430604
0.190632
0.377169
0.629844
0.00696114
1.52628
0.295789
1.01125
0.511585
0.67615
0.841705
0.387725
1.28634
0.106809
0.19994
0.140648
0.395524
0.443922
0.082344
1.13148
0.249548
0.565321
2.09817
1.72121
0.150749
0.815415
0.884205
0.253364
0.856631
0.280075
1.15353
1.74178
0.0541507
0.118874
0.430031
0.393305
0.604703
0.125532
0.0370118
0.475055
0.866635
0.202782
0.360657
0.371553
0.842798
0.933636
0.602866
0.455429
0.028918
0.0972754
0.211629
0.090392
1.31957
2.02612
0.562146
0.118061
0.21767
0.0429631
0.0743347
0.359744
0.289149
0.00708169
0.35667
2.67462
0.280172
0.0603124
0.724952
0.632212
0.194401
1.56867
0.460477
0.0133791
0.626228
1.22524
0.256761
0.96905
0.507896
0.074199
0.688873
1.21451
0.163751
0.0479566
0.640464
0.140235
0.425051
0.185506
0.00121038
0.500592
0.566069
0.00821994
0.657687
0.146547
0.00496159
0.344773
0.310166
0.110385
0.435677
0.893534
1.20849
0.463822
0.426067
1.10774
0.835386
0.026495
0.220127
0.307553
0.135694
0.0440001
0.098173
0.754253
0.736511
1.70133
0.586174
0.994702
0.128887
0.471896
0.231405
0.735137
0.28751
0.606016
0.754201
0.312001
0.0200723
0.597798
0.177501
0.0613795
0.374343
0.404939
0.52195
0.0778699
0.589003
0.0970703
0.797463
0.324409
0.336879
0.0266182
0.244932
0.137045
0.268463
0.0491368
0.331889
1.40759
0.405287
0.746205
0.0411736
0.132735
0.0486555
0.473575
0.216738
0.188738
2.60026
0.160422
0.328833
0.0153319
0.0879197
0.271286
0.161465
0.194694
0.755053
1.27959
0.879693
1.3129
0.31447
0.650321
0.292618
0.063642
0.0177951
0.0146386
0.198984
0.293872
0.377425
0.474735
0.455958
0.0622099
0.0547613
0.240678
0.230014
0.017184
0.154766
0.048078
0.22971
2.63695
0.284359
0.101237
0.292915
1.20037
1.46934
0.268605
1.1572
0.596041
0.221426
0.540199
0.791857
0.222848
0.137933
0.451945
0.283206
0.221146
0.985717
0.0435611
0.455147
0.231695
0.449703
0.459378
0.570384
1.94645
0.969882
0.171464
0.0179517
1.20613
2.83187
0.762699
0.109619
0.243002
0.590936
1.33345
0.924825
0.0594819
0.252904
0.18111
0.533139
0.20191
0.386594
0.065804
0.607864
0.682562
0.0577972
0.178645
0.111347
0.692463
0.389022
0.032439
1.05929
1.1089
0.496369
0.334742
0.300415
0.118169
0.329491
0.0522515
0.841074
0.269512
1.59715
0.0519256
0.228322
0.252137
0.111309
0.269567
0.0767238
0.244919
1.54313
0.438477
0.416007
0.668826
0.109425
0.787797
0.79892
0.564482
0.262259
0.0456416
0.0757226
0.320525
0.635747
0.0597488
0.273903
0.0734613
0.25197
0.971739
0.567775
0.0294883
0.453212
1.13178
0.229926
0.534927
0.56068
0.393598
0.227419
0.0368703
0.57508
1.02862
0.0261209
0.114483
0.0580555
0.336274
0.262063
0.335149
1.17708
0.282566
0.265363
0.11393
0.0350448
0.981538
0.253189
0.44409
0.150396
0.102784
1.89557
0.371108
0.00937421
0.185318
2.92278
0.060051
0.553883
0.786273
0.121451
0.616803
0.823543
0.263898
0.503967
0.204296
0.553823
0.0378833
0.202404
0.117428
0.45212
0.10671
0.113878
0.257983
0.845595
0.395557
0.0313154
0.434819
0.563175
0.17587
0.0991759
1.98121
1.35105
0.298931
0.77789
0.0551744
0.186067
0.0677721
0.223469
0.615604
0.662128
0.295747
0.358241
0.0356579
0.267283
0.862529
1.88397
0.986437
0.38107
0.719847
0.582041
0.17635
2.17342
0.0374101
0.682957
0.809845
1.04315
0.216797
0.594677
1.29689
0.188327
0.700457
0.91229
0.974738
0.672702
0.0219052
0.327311
0.51632
0.152547
0.134227
0.049646
0.280213
0.317797
0.00188617
0.269556
0.0626182
0.404004
0.376798
0.344809
0.0676313
0.0926037
0.164872
0.132401
0.057929
0.843981
1.04776
0.465108
0.835177
0.375514
0.202475
0.7631
0.318037
0.453849
0.0217478
1.82889
0.110974
0.0157786
0.273415
0.0974746
0.247076
0.649026
0.154277
0.462542
0.565168
0.221232
1.28057
1.26288
0.209124
0.0290886
0.36013
0.796056
1.1114
0.325747
0.382476
0.898027
1.54922
0.00776975
0.119583
2.79158
0.0597049
1.91856
0.407308
0.676733
0.0798855
0.36
0.315972
0.460059
1.38881
0.296559
0.219693
1.34047
0.113542
0.0612678
0.643704
0.749171
0.320077
1.66848
1.19661
0.200179
0.0296118
0.399996
0.295813
0.700725
0.275595
0.114994
1.81318
0.0158134
0.236209
0.317107
0.0514384
0.749925
0.0533847
0.180023
0.0222706
0.876507
0.27535
0.53339
0.648305
1.55783
0.138979
0.51893
1.0544
0.899997
0.444771
1.09224
2.03622
0.41103
0.808853
0.287888
0.0238858
0.688204
0.956869
0.388964
0.181644
0.159751
0.515287
0.912235
0.17904
0.110632
1.06461
0.749017
0.264731
0.356394
0.14366
0.235966
0.618728
0.173406
1.55012
0.265113
0.0582255
0.540164
0.762505
0.156676
0.689539
0.189512
0.561749
0.015763
0.698901
1.25992
1.02279
0.110866
0.0647132
0.58124
0.0546159
0.324654
0.253476
0.325027
1.38537
0.363636
0.637545
0.589163
0.0958088
1.02807
0.413637
0.604674
0.152531
1.62394
0.17443
0.681409
0.206184
0.244249
0.104448
3.32661
0.0145387
0.510995
0.220781
0.287413
0.289529
1.16732
0.0167076
0.244171
0.283583
1.04226
1.43783
1.62966
0.313094
0.452669
0.758577
0.0622827
0.0965177
0.207711
0.513387
0.0414536
0.453029
0.680729
0.234911
0.21367
0.0740529
1.33714
0.379483
0.847357
0.169049
0.182992
0.932926
0.316337
0.214102
0.271826
0.154803
0.429159
0.635523
0.16706
0.802503
0.0875061
0.0305221
0.0743302
0.81738
0.0824813
0.101072
0.0680008
1.06814
0.59301
0.706146
0.209795
0.673746
1.30729
0.543584
0.373498
0.233285
1.15288
1.03145
0.255985
0.662506
0.248639
0.0203037
0.147362
1.36819
0.0707577
0.242615
0.695198
0.461964
1.73884
0.390733
0.948046
0.0602757
0.948608
0.565356
0.146719
0.928059
0.410723
0.586957
0.109455
0.186007
0.156961
0.985532
0.0603314
0.386078
0.0636141
0.451806
0.238279
0.258718
0.33693
0.194984
1.12644
1.73587
0.830627
0.440439
0.0927993
0.718343
1.98121
1.56929
0.0133503
0.614998
1.75346
0.646857
0.23845
0.21789
1.65209
0.364836
0.230616
0.0366671
0.347595
1.00344
0.605657
0.312541
0.915306
0.547026
0.323103
0.0267313
0.0826157
0.726571
0.106449
0.453756
0.734221
0.156283
1.05993
0.0973913
0.169506
0.155756
0.268678
0.182646
0.239292
0.62978
0.777499
1.46372
0.670616
0.477505
1.30403
0.540471
0.552604
0.209873
0.038849
0.902342
2.3466
0.187133
0.183255
0.503699
0.218078
0.110399
0.0754773
1.19891
0.13773
0.34808
0.132906
0.0492019
0.578176
0.0444434
0.0289153
0.758949
0.3177
0.0298364
0.19703
0.636506
0.072503
1.27318
0.741922
0.466807
0.146835
0.26888
1.23409
1.05945
0.834713
0.249709
0.44017
0.0209816
0.265116
1.83745
0.0497463
0.403852
0.538998
0.379562
0.562281
1.06155
0.203147
0.119282
0.267523
0.529108
0.194061
0.126757
1.52262
0.139796
1.32218
0.203749
0.212709
0.528265
0.000189187
0.218944
0.313492
0.251672
0.0751773
0.098916
0.18792
0.662861
1.47148
0.362463
0.531151
0.241641
0.341281
0.15253
0.235632
0.414592
0.0127611
0.323908
0.0452714
1.13412
0.162105
0.24683
0.405225
0.346081
0.0666154
0.362573
0.362777
0.163416
0.122625
0.346635
0.345514
0.257716
0.199675
0.563916
0.31845
0.30511
0.261632
0.382224
0.388312
0.0252134
2.06053
0.230643
1.13029
1.98089
0.58716
0.0264748
0.396843
0.0640254
0.908975
1.01608
1.14583
0.105874
0.00317353
1.23015
0.309625
1.64226
0.422285
1.51442
0.543186
0.695285
2.6551
1.0109
0.0696405
0.627463
0.224449
0.571247
0.763415
0.273155
2.41559
0.326526
0.412019
0.545242
1.75683
0.0809056
0.22011
0.31512
2.43257
0.316475
0.672977
0.0751229
0.18949
0.1259
0.758434
0.00770307
0.611697
0.714909
0.159253
0.999678
0.550308
0.117118
0.0194487
0.583596
0.630888
0.355004
0.787335
0.279895
0.0671449
0.458758
0.919044
0.154836
0.378634
0.823678
1.34141
0.0243708
0.0693347
0.23885
1.20822
1.01735
0.301592
0.132654
1.37168
0.824604
0.0516136
0.209094
0.36645
1.69495
0.273249
0.281174
0.574429
0.0524938
0.454412
0.726513
0.761987
0.37257
0.109311
0.335303
0.239125
0.0541714
2.44553
1.48952
2.413
0.257108
0.456671
0.311918
0.365447
1.80977
0.209686
0.157674
0.120957
0.400084
0.350658
0.377957
1.16634
0.160953
0.0500665
0.599166
1.55728
0.0599165
0.0436465
0.249839
0.204523
0.337884
0.25937
0.358255
0.036319
1.03068
2.47128
0.429392
1.19212
0.221636
0.155148
0.73045
1.48894
1.73889
0.0152726
0.350983
0.191352
1.36582
0.0157054
0.659505
0.273221
0.20079
0.242199
0.495795
0.383162
1.57933
0.0952597
0.399313
0.257691
0.234037
0.59742
0.0354525
0.00901729
0.0949754
0.835312
2.29135
0.312999
0.665051
0.685036
0.326378
0.15618
0.0229077
1.08945
0.132058
0.811944
1.50356
0.396329
0.0883293
0.828828
0.0834932
0.288851
0.947881
0.961938
1.83206
3.06822
0.356998
0.232184
0.0405725
0.524673
0.0317864
0.842759
0.191788
1.24878
0.205412
3.15106
0.0613169
0.0143083
0.00545894
0.47717
1.13052
0.482324
0.125329
0.744265
0.870258
1.04898
0.203851
0.386364
0.332944
0.85761
0.116697
0.128544
0.189862
0.240977
0.159063
1.98383
0.00824012
0.493333
0.109519
0.39097
1.2507
0.745216
0.0634596
0.0751911
0.0980258
0.568767
1.60696
0.121884
0.0735012
0.132476
1.58837
0.344314
0.176473
0.462083
0.150378
0.544416
0.788957
0.533649
0.343881
0.0887555
0.223185
0.0596711
0.903781
0.0950336
0.626321
0.546014
0.180695
1.06457
0.591165
0.566767
0.0165616
2.35911
0.0335061
0.200862
0.527059
0.265641
0.691821
0.104135
0.162379
0.139177
2.68145
0.396715
0.988791
1.06024
0.130767
0.104536
0.326772
0.752035
0.337449
0.00335647
0.83892
0.0563805
0.155476
0.406787
0.178716
0.664477
0.812525
0.0620096
0.754009
0.0990601
0.37231
0.496623
0.173194
0.0462948
0.119048
0.301003
0.119859
1.74452
0.293867
0.234778
0.419481
0.0604119
0.350123
0.464892
0.00015941
0.564588
0.296988
0.206217
0.123383
0.421355
0.102193
1.16118
0.124791
0.772667
0.364129
0.143153
0.283651
0.322929
1.15238
0.269227
0.142893
0.666663
0.177034
0.448302
0.664945
0.0523473
0.65744
0.0171609
0.399639
0.171511
0.370543
0.570259
0.370828
0.481756
0.0130194
0.23427
1.08206
0.549868
0.398978
0.261425
0.359554
0.319114
0.0653857
0.247701
0.616903
0.517934
0.964966
0.557836
0.0535502
0.262366
0.341375
0.588868
0.415442
0.0809711
0.761038
0.651308
0.21333
0.630016
0.149633
0.041483
0.198181
0.467854
0.154566
0.755359
0.391041
0.932456
0.354531
0.472464
0.459963
0.939124
0.586638
0.831302
1.87109
0.496944
1.22273
0.0470652
0.728001
0.421124
0.337319
0.191622
0.328982
0.659991
0.375193
0.128837
0.976491
1.60508
1.6179
0.620421
0.229779
0.559448
0.144156
0.320974
0.0404429
0.0264963
0.118392
0.510908
0.444057
0.16626
0.267298
0.168064
0.0245016
1.42445
0.620596
0.0370013
0.440201
0.256364
0.197958
0.31257
0.240759
0.00364963
0.567646
0.0278126
0.642357
0.243278
0.147048
0.547017
0.0320811
0.624605
1.97058
0.228876
0.0397684
0.998365
0.0820975
0.00316853
0.0646156
0.400088
0.25996
0.513333
0.343786
0.121117
0.258713
0.882777
0.640274
0.104654
0.0617178
0.702668
0.470049
0.654639
0.191034
1.27769
0.18761
1.0006
0.044674
0.490188
0.334904
0.182341
0.0165961
0.27844
0.635024
0.0874439
0.691905
0.607618
0.217479
0.305894
0.269775
0.055012
0.517846
0.409282
1.1271
0.287386
0.34941
0.219801
0.539508
0.15929
0.353196
0.447484
0.41196
0.40806
0.67718
0.172075
0.537827
0.455382
0.357846
0.280375
0.489819
0.328158
0.0846187
0.0848177
0.560397
0.104395
0.501906
0.290716
0.378007
0.0972771
0.479149
1.36069
0.0945316
0.111682
0.0828841
0.0947237
0.254011
0.00257062
0.663389
0.640768
0.223509
0.409465
0.553317
0.848828
0.303651
0.830026
0.521934
3.04659
0.177269
0.023542
0.0526019
0.0799497
0.05451
0.150617
0.0843108
1.33306
0.233678
0.232628
0.00407302
0.866907
0.42788
0.639341
0.360133
0.0445747
0.268822
0.355581
0.231102
1.31963
1.2171
0.331311
0.129171
0.094691
0.884755
0.753644
1.62176
0.0506875
1.40698
0.872219
0.117724
0.573805
0.565703
0.684146
0.0193997
0.682277
0.457811
0.211734
0.65356
0.631491
1.95345
0.58351
0.897779
0.651158
0.475526
0.236066
1.55535
0.00519304
0.313646
0.0326339
0.520566
0.0280906
0.246182
0.0876764
1.50504
0.360368
0.378316
0.0475779
2.31034
0.700171
0.514194
0.116163
0.789345
0.569355
0.301405
1.06308
0.123468
1.00181
0.0860582
0.501398
0.075384
0.263179
1.30473
1.7952
0.0584919
2.45388
0.3254
0.149912
0.472332
0.247321
0.0277156
0.594957
0.203036
1.40873
0.155087
0.0296163
0.640557
0.160936
0.0553392
0.229147
0.966781
0.0453473
0.0043704
0.0851929
0.239817
0.307226
0.111481
1.51318
0.264374
0.147753
1.37509
0.764291
0.477336
0.606187
0.682787
0.25957
1.05665
0.0297602
0.160392
0.117336
1.08021
0.877187
0.593215
0.0208687
1.01381
0.87416
0.161749
0.850947
0.19992
0.644337
1.10848
0.0621345
0.573759
0.506569
0.0772562
0.00454382
0.468443
0.217819
0.196391
0.369147
0.109063
0.0742267
0.729135
0.03606
0.153094
0.0144659
1.43603
0.219789
1.12552
0.722227
0.238487
0.72953
0.104171
0.400561
1.74016
0.436901
0.0100318
0.183562
0.0655045
0.187554
0.0482269
0.367962
0.105249
0.121022
1.47565
1.0457
1.01989
1.3398
0.317181
0.564793
0.893594
0.172032
1.83249
0.702072
1.46302
0.20895
0.199706
3.1056
1.14196
0.438156
0.142277
0.148068
0.350376
0.0442194
0.274682
0.0769479
0.132451
0.224428
1.4156
0.300707
0.264604
0.663085
0.0848106
0.193298
0.00719183
0.19866
1.49602
1.39578
1.13731
0.156397
0.850806
0.582281
0.0907168
0.725864
0.188046
0.265887
0.0404659
0.290618
0.441784
0.610222
0.16818
0.92817
0.0416454
0.158326
0.455093
0.342959
0.486042
0.415737
0.0769207
0.135363
1.33553
0.146474
0.435455
0.0813095
0.296012
0.366046
0.410293
1.95919
0.0901625
0.788464
0.877281
0.17509
0.646539
0.0431307
1.25361
1.74959
0.0604135
0.129425
0.291794
0.173883
0.1016
0.256605
0.401735
0.204191
0.227003
0.15784
0.0172889
0.502163
0.193683
3.03881
0.524011
0.337312
0.75993
0.327047
0.104876
0.475115
0.068751
0.00373034
0.312561
0.10559
0.0866875
0.507026
0.206579
1.00559
0.116792
0.752513
0.118119
0.228403
0.803724
0.250507
0.306012
0.0354853
0.341144
0.32765
2.11743
0.0784219
0.255752
0.535549
0.0424252
0.397177
0.505642
0.66741
1.47432
0.481718
0.0991973
0.157096
1.31741
0.0373035
0.016541
0.481875
0.644304
0.132196
0.0589972
1.07311
0.475765
1.00375
0.447376
0.239119
0.363097
0.746378
0.186111
0.533998
0.0241805
0.475796
0.381802
1.12511
0.0359646
0.234388
0.0901566
0.46317
0.779692
0.0761782
1.05366
2.45335
0.392606
1.55689
0.414043
0.738646
0.000702002
0.0289853
0.13245
0.0520756
0.0393005
0.154053
0.10106
0.0333932
1.7456
0.290293
0.360101
0.719913
0.238705
0.146509
1.28718
0.0917932
0.0378988
0.590042
0.383975
0.433794
0.253348
0.0219697
0.456121
0.213261
0.217452
0.501674
0.370092
0.630993
0.142523
0.0146542
0.46243
0.887763
0.0616947
0.537794
0.68677
1.10965
0.806784
0.206977
0.994574
0.686083
0.432822
1.19073
0.51527
0.484108
0.046603
0.771322
0.723899
0.675348
0.0254826
0.416326
0.166732
0.0583818
0.0250976
0.561517
0.0327136
0.349077
0.743697
0.292128
1.01938
0.494825
0.795468
0.311548
1.8417
0.0209659
0.418332
0.299955
1.22232
0.20818
0.483516
1.12762
0.0423153
0.10476
0.0627419
0.294055
0.101462
0.0387136
0.277891
0.28027
0.145598
1.65644
0.375176
0.113196
0.18241
0.314286
0.399136
0.0808646
0.127264
0.557682
0.207148
0.261052
0.844506
0.60087
0.657697
0.477635
0.447134
0.105042
0.568806
0.312816
0.391385
0.0469176
1.13846
0.408609
1.90256
0.134745
0.529125
0.362594
0.709645
0.471647
0.616896
0.110418
0.386714
0.303685
0.0900806
0.471945
0.116548
0.494257
1.88351
0.873171
0.110442
1.20307
0.133695
0.112389
0.941703
0.0523399
0.394401
1.54977
0.438565
0.596912
0.407709
0.161072
0.119391
1.13451
0.210682
0.283508
0.456612
0.142771
0.537158
0.413814
0.838921
0.163751
0.513761
0.178596
0.703953
0.186349
0.458175
0.0988297
0.372305
0.201742
0.455766
0.981134
1.93807
0.956437
0.309722
0.605258
0.12933
0.852415
0.549338
0.83233
0.39854
1.47909
0.0196272
0.109028
0.155096
1.99304
0.131938
0.252924
0.0300108
0.772726
1.35107
0.202825
1.34699
0.725137
0.100138
0.19302
0.0681085
0.306446
0.948663
1.8153
0.157774
0.11693
0.200864
0.119689
0.769251
0.132223
0.471539
0.0618532
0.334039
0.483514
0.177255
0.260029
0.0222614
0.545086
1.07303
0.793224
0.0895148
2.69306
0.270271
0.442781
0.275677
0.106303
0.54101
0.221866
1.30444
0.406402
0.0465022
0.701598
0.32773
0.355389
0.717575
0.63621
0.203079
0.337217
0.0633923
0.178165
0.460737
0.161762
0.0684914
0.521912
1.30751
0.0285153
0.481778
0.0305528
0.754313
0.0169597
0.40152
0.0707324
0.42856
0.357917
0.178719
1.14021
0.0153038
0.288943
0.156847
0.340003
0.647656
0.20513
0.531061
1.38027
0.344759
0.490045
1.12485
0.184192
0.500049
0.564761
1.30226
0.153564
0.0560466
0.122442
0.0313651
0.0273723
0.60815
0.355933
0.130718
0.0258378
0.520044
0.00389326
0.206902
0.119455
0.67231
0.227031
0.0553072
0.111166
0.423833
0.305151
0.0133336
0.350135
0.618793
0.331147
0.390424
0.295094
0.177206
1.0736
0.168551
0.247267
0.0877401
2.0389
0.849034
0.0503561
0.274078
0.0943352
0.244775
0.100992
0.467246
0.23451
0.565672
0.352681
0.236567
1.32508
0.875388
0.714306
0.115139
0.180926
0.025819
0.00944831
0.423595
0.167592
0.137185
0.00808656
0.392081
0.144179
0.0158415
0.329958
0.373567
1.11978
0.117785
1.16395
0.155646
0.150543
0.285835
0.0512717
0.341016
0.332857
0.340399
0.285165
1.37877
1.55811
0.337803
0.674851
0.241502
0.0165528
0.193128
0.477754
0.317573
2.66742
0.372489
0.18236
0.632802
0.69021
0.419149
0.223937
0.0915368
1.26658
0.071635
1.42936
0.856807
1.8082
1.5045
0.143372
0.407196
1.7018
0.706907
1.20515
0.536025
1.37503
1.1591
0.495192
0.24885
0.692831
0.0119098
0.190637
0.675765
0.320812
0.466916
0.111291
0.338236
2.60646
0.613754
0.593877
0.309119
0.209531
0.300057
1.4509
0.0410289
0.964613
0.224884
1.31259
0.0618897
0.0624605
1.58949
0.0381441
0.680268
0.00753853
0.0292554
0.157485
0.133082
1.02064
0.35048
0.965995
0.446103
0.169504
0.603477
0.0107644
0.11084
0.0896607
1.07036
0.16412
0.0237439
0.0273132
0.411444
0.685339
0.364009
0.241091
1.6375
0.266373
0.775582
0.291873
0.748396
0.388068
1.39834
0.0928244
1.00483
0.455632
7.13055e-005
0.356022
0.64103
0.300899
0.865003
0.428714
0.831396
0.774237
0.799276
0.29617
0.705403
0.737007
0.111431
0.191867
0.187925
0.620961
0.0210715
0.0981927
0.159938
1.36751
0.757876
0.497022
1.10617
0.298378
0.646608
2.976
1.02964
1.50053
1.35286
0.0978602
0.58998
0.0384474
0.282939
1.36073
0.511874
0.178884
0.468326
0.491995
0.156489
0.629124
0.513719
0.265042
0.98914
1.3347
0.0970104
0.00300222
0.483489
0.393596
0.229952
2.76698
0.802974
0.505032
0.126434
0.229323
0.00688138
0.390487
0.51683
0.154295
0.239578
1.79149
0.00520592
0.934706
0.478859
0.523531
0.0469072
0.0811387
0.0424543
0.0397601
0.577382
0.0729884
0.138434
0.115641
0.85666
0.0124884
0.547769
0.402266
0.496364
0.227431
0.870206
1.68715
0.261988
0.427387
0.287526
1.03265
0.137416
0.085801
0.0968009
0.0262019
1.71947
0.356988
1.6992
0.50784
0.923027
0.625309
0.334188
0.203257
0.572814
0.0407989
0.267963
0.28373
0.658275
0.707811
0.440561
0.478305
1.23441
0.762123
0.336139
0.840746
0.453897
0.279171
0.187856
0.940972
0.402014
0.0681536
0.239545
1.46792
0.131174
0.632008
0.826095
0.156285
0.0325865
0.774343
1.38296
0.617704
0.0746784
0.0424603
0.248824
0.430193
0.977616
0.0417322
1.2872
0.778272
0.753389
0.0981046
0.336153
0.108887
0.135841
0.587809
0.302271
0.853851
0.621033
0.755874
0.273886
0.167373
1.59623
0.112327
0.0652091
0.163166
0.0723454
0.153107
0.742876
0.457295
0.604916
0.206344
0.401145
0.354757
0.700763
0.215992
0.223482
0.15063
1.73263
0.178508
1.05831
0.318703
0.190105
0.916767
0.437297
0.669402
1.58229
1.54751
0.0409181
0.156004
0.142346
0.171643
0.148138
0.629766
0.359576
1.10986
0.510871
1.47837
0.159576
0.330069
0.189765
0.569179
1.04723
1.15843
1.94452
0.557307
0.510732
0.411366
0.0901372
0.248133
1.2358
0.468744
0.112257
0.116812
0.449175
1.16647
0.193099
0.881527
0.491176
0.10933
0.42263
0.515109
0.902682
0.503401
0.894994
0.33153
0.210173
1.87562
0.0908908
0.167034
0.231054
1.35012
0.0335429
0.957441
0.268135
0.0119422
0.184268
1.05826
0.0988943
1.76487
0.480615
0.0588271
0.876235
0.34841
2.63898
0.605435
0.234435
0.0560489
0.656084
0.0817065
0.24907
0.609055
0.172015
0.0431013
0.277483
0.182968
0.279911
1.12749
0.51404
2.34852
0.24714
0.614918
0.428629
1.39379
0.0880903
0.284932
0.0744915
0.515952
1.66852
0.677017
0.213528
0.206871
1.10411
0.359766
1.0784
0.0338159
0.144908
0.145817
0.672517
0.266437
0.266753
0.960545
0.451052
0.160775
0.906227
1.37333
0.53505
0.78626
0.551065
0.174282
0.387235
1.3631
0.584118
0.550326
0.507309
0.905911
0.237845
0.240165
0.00388885
0.563434
0.0137987
0.603819
0.239763
1.38653
0.756967
0.521891
1.70558
0.667625
0.0122241
0.03484
0.0961445
0.412297
0.128846
0.000682878
0.168788
1.17933
1.92263
1.1708
0.0325081
0.735929
0.160978
0.899493
0.013599
0.0522883
0.0341747
0.211365
0.346086
0.647902
0.149556
0.162647
0.331741
1.18526
0.189213
0.169826
0.058543
1.45491
0.779424
1.29875
0.0325892
0.408279
0.138906
0.781531
1.4972
0.359321
0.474887
0.133653
0.0260929
1.63296
0.812415
0.587065
0.190359
0.0869115
0.22147
0.0116219
0.207131
0.773659
0.130601
0.646997
0.895838
0.433305
0.161916
0.0451095
0.700907
0.221759
0.0522702
1.57233
0.412105
0.356876
0.241774
0.00914905
0.368279
0.341558
0.0871426
0.413274
0.0810088
0.733523
0.335888
0.215165
0.160857
0.996431
0.0919785
0.0819648
0.214788
0.127011
0.864941
1.56434
0.152771
1.30214
0.01168
1.36713
0.326239
0.139785
0.427991
0.464308
0.517554
0.150478
0.0281303
0.282143
0.0938945
1.1737
0.00647409
1.73086
0.811849
0.193044
1.06579
0.605633
0.310055
0.453776
0.104604
0.464777
0.998062
0.144047
0.684484
0.355461
0.0843478
0.0518206
0.174092
0.989635
1.18585
0.181317
0.236855
0.078641
0.185032
0.0629328
2.73553
0.514486
0.050999
0.272735
0.139498
0.928098
0.135762
0.564891
0.338884
1.22169
0.765021
0.284449
0.321799
0.0758644
1.69371
0.278789
0.122284
0.136001
0.32534
0.220037
0.803004
0.311598
0.0921241
1.0713
0.732732
0.207705
0.453285
0.177562
0.39186
0.375753
0.0252776
2.10836
0.455091
0.400462
0.140957
0.0549553
0.610622
0.330886
0.823157
0.730436
0.364735
0.883863
0.298275
0.638185
0.107368
0.0457271
0.0570347
0.513194
0.758319
0.648191
0.000549088
0.0441185
0.344321
1.00146
0.33878
0.573433
0.0232553
1.28341
2.40809
0.476052
0.0140304
0.450608
0.671825
0.577525
0.369847
3.56395
0.230194
0.124772
0.930321
0.179733
0.170612
0.00516253
0.151504
0.432019
0.196221
0.0801793
0.700194
1.11867
0.249997
0.235888
0.461628
0.971571
1.59043
0.0128291
0.0718404
0.217905
0.385198
0.470125
0.0808
0.381154
0.128447
1.65904
0.357053
0.583058
1.52351
0.517285
0.790441
0.514145
1.11365
0.59008
1.09131
0.0236397
0.817834
0.106647
2.32332
0.257915
0.190872
0.148132
0.430434
0.0108909
0.247836
0.0572436
0.0974699
0.000479958
0.0955111
0.0404143
0.491689
0.571698
0.303096
0.234715
0.091763
0.141217
0.743388
0.396407
0.404431
0.613518
0.933721
0.0829863
0.166339
0.531245
0.0751193
0.571906
0.261737
0.495776
0.143328
0.0813708
0.717752
0.983335
0.103192
0.0169411
0.322691
0.395581
0.30681
0.904761
0.0826677
0.296693
0.294859
0.853404
1.17532
0.0412898
0.296855
0.691813
0.561788
0.573091
0.655852
0.192721
0.046153
0.0383014
0.253633
0.268483
0.237579
0.085001
0.327574
0.4618
0.3293
0.209316
0.268857
0.113141
0.182423
0.394697
1.63765
0.366952
0.594471
0.0234682
0.581632
0.543819
1.57418
0.100502
0.159093
0.196667
0.0218197
0.0906087
0.225038
1.03894
0.21232
0.145994
0.19094
0.0764808
0.405222
1.76184
0.359066
0.057559
0.440423
0.909201
0.0631029
0.27461
0.106442
0.000613611
0.624869
0.128194
1.6086
0.696073
0.365684
0.397592
0.401989
1.25123
3.01442
0.283495
0.744673
0.224304
0.760682
0.190974
0.0587905
0.102557
0.238977
0.719828
1.34351
0.928635
0.157465
1.12554
0.309227
0.172447
0.474317
0.755223
0.374464
0.274411
0.362114
0.972218
0.0703636
0.322343
0.534363
0.257398
0.418156
1.31357
0.876649
0.185767
0.223821
0.483982
0.950286
0.125872
0.263875
0.20911
0.144652
0.770166
0.398246
0.00987228
0.113637
0.800365
0.0427277
0.476903
0.720075
0.114196
0.0682058
0.135921
2.77736
0.315792
0.321369
0.0184463
0.211967
0.178369
0.619127
0.744882
0.132687
0.702241
0.377789
0.114017
0.133204
0.0462706
0.207956
1.01202
0.386043
0.992555
0.354402
0.306888
0.603333
1.17305
0.456459
0.339729
0.0923101
0.973668
1.06587
0.61144
0.023015
0.332767
0.602342
1.45759
0.222661
0.0861324
0.127116
0.0126148
0.442923
1.26803
0.440104
1.03685
2.07998
0.230042
0.988988
0.477466
0.213594
0.00103701
1.04198
0.142067
0.0981154
0.862334
0.0651376
0.878679
0.450679
0.616444
0.431424
0.7397
0.41268
0.494642
0.901075
0.0280252
1.13641
0.402137
0.154266
0.183954
0.380819
0.0928775
0.557331
0.160312
0.079846
0.340874
0.0794149
0.527693
0.50567
0.0142098
0.714023
1.55514
0.715679
0.0498026
2.18164
0.827489
0.594784
0.708142
0.232082
0.724493
0.534451
0.576596
0.289909
0.145976
2.03901
0.287252
1.16996
1.23417
1.16874
0.115795
0.189873
0.151797
0.923215
0.294123
1.07338
0.0140906
0.0381605
0.75714
1.12265
0.112823
0.415439
0.101756
0.596168
0.626789
0.0151549
0.105958
0.278912
0.0448218
1.33239
0.514296
0.244771
0.054404
0.0674104
0.261762
0.984764
0.627314
0.504907
0.140728
0.11264
0.355011
0.193406
0.56995
1.53207
0.410089
1.35681
0.52677
0.306227
0.223276
1.0216
0.131949
0.610885
0.192656
0.0562272
0.145736
2.06113
0.00563176
0.661242
0.219646
0.725495
0.538166
0.42553
1.17152
0.544169
0.00427498
0.708136
0.528733
1.1621
1.61785
0.0601517
1.01897
2.11368
0.432589
0.683249
0.30686
0.347798
0.0363669
0.513886
0.781042
0.268812
0.463306
0.456782
0.654074
0.0215343
0.106571
0.395379
0.343733
0.017354
1.78263
0.0168981
1.20209
0.0570796
0.486039
2.31798
0.294506
0.0544869
0.691311
0.406558
0.927993
0.661897
0.0889466
2.69118
0.854247
0.881154
0.256144
0.124132
0.0822641
0.246086
1.56535
0.392073
0.471041
0.791249
0.294629
0.284117
0.0198552
1.27969
0.151749
0.586389
0.101989
0.978976
0.558097
0.194391
0.11434
1.5899
0.219469
0.480356
0.113923
1.58885
0.0334819
0.345321
0.00463373
0.09376
0.725586
0.196226
0.879582
0.585398
0.0281907
0.623856
0.00793859
0.419731
0.0288591
0.560215
0.452147
0.773852
0.0435131
0.213686
0.78365
0.0345474
1.61151
0.0520915
0.4801
1.05364
0.381065
0.111123
0.479825
0.0803778
0.276598
0.752281
0.0587901
0.826533
1.30303
0.33076
0.387308
0.0463844
0.313352
0.773401
0.180982
0.595726
0.220738
0.618864
0.2401
0.0896862
0.194198
0.219918
0.797058
0.522222
1.06038
0.372933
0.106572
1.83602
0.69186
0.232539
0.857706
0.179074
2.07539
0.578317
0.902303
0.406633
0.178193
0.72151
0.637869
0.175471
0.242949
0.105623
0.0152698
0.00183956
0.628419
0.140944
0.199082
0.624343
0.0393941
0.200452
1.14041
0.405939
1.55236
0.239829
1.04237
0.333176
0.162618
1.34087
0.636601
1.44133
0.423421
0.575183
0.185337
0.615429
0.371548
0.0996369
0.114418
0.327511
0.475625
0.229543
0.0895568
0.250258
0.782706
0.192798
0.362525
0.185953
0.596201
0.0988242
1.01574
0.565918
0.182422
1.14057
1.19135
0.0144309
0.23025
0.671456
0.0497738
0.0853171
0.527265
0.510449
0.979843
0.161571
0.942127
0.16012
0.0134023
1.14893
0.950779
0.535706
0.328655
0.359173
0.0592088
0.334507
0.0756846
0.305108
0.1192
0.65934
2.08327
0.313964
0.410803
0.436014
0.0577213
0.26524
0.13379
1.44669
0.35546
0.116146
0.334747
0.16306
0.611267
0.898433
1.24975
0.513521
0.0917286
0.834655
0.892032
0.826295
1.18634
2.80891
0.616269
0.146967
0.362094
1.35915
0.0733845
0.179991
0.544027
0.100584
3.25586
0.542393
0.863957
0.773825
0.361798
0.137599
0.410876
0.590106
0.812973
0.696021
0.161825
0.512898
0.700757
0.265882
0.193432
0.100188
0.523469
0.250093
0.109869
0.239973
0.782435
0.257405
0.0453639
0.0128089
0.284434
0.473079
0.677251
0.040179
0.510331
0.718692
1.4305
0.758095
0.411163
0.625018
0.0670314
0.373877
0.0569254
0.630917
0.0588657
0.0665009
0.591844
0.414028
0.137375
0.139257
1.21723
0.0616486
0.257602
0.610677
0.21588
0.742849
0.32299
0.549586
0.724032
0.272583
0.598197
2.16768
1.35407
0.367078
0.177367
0.462222
0.110157
0.532011
0.0628002
2.04457
0.561115
0.272146
1.46619
0.505517
0.0821688
0.119937
0.393483
0.79775
0.746323
0.0208506
0.293401
0.0815767
0.348685
0.150142
0.296654
0.04566
0.441743
0.20028
0.104814
0.30626
0.383672
0.501071
0.585057
0.886107
0.763425
0.543873
0.715578
0.552408
0.464493
0.059703
0.0514525
0.385795
0.0756647
0.315661
0.578741
0.0972649
0.259012
0.325027
0.31809
0.575413
0.0657684
0.109843
0.569431
0.601918
0.71661
0.0126142
0.0573558
1.73079
0.126427
0.0805316
0.554162
0.676993
0.679785
0.271989
0.309514
0.315799
0.467965
0.00420845
1.81656
0.23625
0.638746
0.450966
0.217688
0.785538
1.16593
0.717222
1.75909
0.0936669
0.19206
0.903735
0.0932368
0.154918
0.0656354
0.181365
0.687261
1.53303
0.0568906
0.42366
0.674074
0.23161
0.135481
0.176401
0.288034
0.0044553
0.464692
0.11502
1.08804
0.905665
0.0755622
0.0900044
0.722866
0.16758
0.27868
1.03526
0.0521655
0.159133
0.209976
0.389216
0.426045
0.53432
0.00910112
0.997467
0.235976
0.20845
0.884177
0.142617
0.629539
0.246555
0.119494
0.230941
0.593161
1.43246
0.0831193
0.346243
0.194835
0.607257
0.031373
1.19333
0.13455
0.513907
0.126628
0.436683
0.834532
0.762991
0.601966
0.772498
1.02241
0.813612
0.0682184
0.652322
0.0982377
0.117622
0.718132
0.665057
0.314344
0.464825
0.552086
0.555135
1.15426
0.403853
0.0991615
0.152778
0.960804
0.220329
0.220142
0.794604
0.338918
0.988372
0.84122
0.984961
0.146826
0.226802
0.193789
0.112577
1.15777
0.112374
0.116139
0.321804
0.297021
0.427149
0.095791
0.616601
0.757327
0.937192
0.0995719
0.464955
0.392704
0.0544301
0.152763
0.520991
0.368659
0.0905191
0.674366
0.150571
0.489216
0.0674811
1.32525
2.10596
0.421048
0.303854
0.988113
0.0856314
0.331719
0.376788
0.127375
0.404585
0.352898
0.197575
0.693858
0.201813
0.507221
0.814671
0.228278
0.288277
1.56968
0.117321
0.275564
0.0933002
0.0397717
0.706203
0.00592725
1.77603
0.260307
0.592667
0.104538
0.285957
0.257101
0.215951
0.0795448
0.0216941
0.474718
0.0265649
0.199099
0.108164
0.606418
0.355606
0.732983
0.140451
0.424773
0.182536
2.1916
0.171006
0.260664
0.220621
0.206734
0.878568
0.359056
0.146588
0.122045
0.516839
0.283169
0.572126
0.482403
0.43577
0.0536094
0.00989185
0.780258
0.0304223
0.614413
0.578056
0.763248
1.37626
1.03994
0.743095
0.794357
0.413086
0.221854
0.211667
1.63191
0.401265
0.714709
2.19329
0.234059
0.791109
0.870701
0.175885
0.159131
1.27706
0.633382
0.948246
0.469126
0.393469
0.0622966
0.0927602
0.650414
0.547316
0.0739704
0.689728
0.196362
1.07414
0.280666
0.672085
0.109497
0.307024
0.161814
0.595268
0.16102
0.388877
0.370468
0.0968776
1.03358
0.140741
0.113205
0.0340551
0.416999
0.0931772
0.0111679
0.270974
0.186867
0.246174
0.388675
0.284731
0.260171
0.432859
0.8266
0.414795
0.380164
1.42883
0.927357
0.423535
0.168482
0.284914
0.60632
0.0642163
0.520728
0.0437765
0.71048
0.714642
1.46085
0.078603
0.636768
0.0611274
1.39962
1.13211
0.266672
1.02623
0.981587
0.0184758
2.12268
0.0683859
0.318659
0.303085
0.0773606
0.896155
0.581503
0.286849
0.786408
0.242271
0.00303372
0.85289
0.192431
0.757205
0.237161
0.0302674
1.09325
0.400489
0.409447
0.0847466
0.495687
0.457409
0.260136
0.517316
0.156603
0.11338
0.00285952
0.492113
0.334386
0.0436744
1.04739
0.628629
0.532253
0.0172804
0.305076
0.0299898
0.561275
0.387551
0.444934
0.177689
0.149679
0.24427
0.0749927
0.319314
0.113019
0.63424
0.122279
0.0527256
0.860819
0.372113
0.18675
0.394648
0.398518
0.30531
0.0615402
0.382339
0.85837
0.173114
0.0571647
0.247386
0.476024
0.550433
0.271786
0.7321
0.36336
0.211947
0.160728
0.119752
1.09798
0.204417
1.42393
1.00527
0.136547
0.8488
1.479
0.322909
0.125014
0.065695
0.147718
0.381063
0.0158712
0.00628249
1.22769
0.207916
0.255098
0.0523217
0.827078
0.422615
0.141868
0.0399855
0.0611301
0.152516
0.435992
0.794509
0.209116
0.29722
0.159742
0.245013
0.0102678
0.913279
0.667386
1.36931
0.183829
0.639924
0.477415
3.29052
1.24791
0.117948
0.120846
0.237421
0.469559
0.721543
0.791864
0.623918
0.0988981
0.148584
0.140009
0.460845
0.109508
0.652643
0.103473
0.334062
0.129754
0.903095
0.215261
0.297441
0.696953
0.0274447
0.249504
0.507746
0.0677322
0.403465
0.867034
0.201128
0.307902
1.99791
0.323817
0.672701
0.0630868
0.0287044
0.332075
0.415431
0.161919
1.81397
0.29274
0.762539
0.131418
0.0965126
0.471405
0.554786
0.0403646
0.146032
0.00944854
0.877188
0.167133
0.318037
0.0572894
0.221641
0.00587943
0.257402
0.0691736
0.554093
0.134029
0.625587
0.281456
0.315863
0.248428
0.598136
0.110089
2.64532
0.205236
0.832294
0.852796
0.523992
0.196845
0.62808
0.292741
0.210278
0.135496
0.587187
0.111623
0.22068
0.12931
0.354979
0.313699
0.77135
2.24485
0.579356
0.0678073
0.793227
0.92619
0.183784
1.02656
0.501377
0.258175
0.63213
0.854856
1.48509
0.125551
0.695335
0.0026691
0.0429442
0.143952
0.264124
0.473589
1.05398
0.096585
0.157015
0.811245
0.0025724
0.718272
1.84222
0.771455
0.00670723
0.291369
0.0248853
0.810061
0.0986686
0.476269
0.0872844
0.841032
1.33229
0.381673
0.167831
1.82871
0.716824
0.063193
1.16468
0.025171
0.708606
0.111945
0.721352
0.205826
0.436226
0.44407
0.136845
0.0745089
0.335372
0.382049
1.92189
0.191233
0.481056
0.436941
0.130282
0.097824
0.518608
1.44823
0.844645
0.540941
0.00268288
0.0583185
0.35646
1.45106
0.394904
0.0209191
0.111155
0.112697
0.283777
0.578368
0.928916
0.107737
0.302822
1.07394
0.0790778
0.589567
0.256486
0.527871
0.378134
0.475724
0.228022
0.033412
0.244249
0.0216234
0.200457
0.176604
0.064918
1.37254
0.0827868
0.151621
0.155931
0.170317
0.486609
0.637625
0.256266
2.69781
0.0692925
0.666511
1.04482
0.574707
0.435091
0.107827
0.378341
0.904317
0.184185
0.101784
0.531575
0.157868
1.37381
0.343424
0.323421
0.537974
0.375276
0.451486
0.676517
0.202729
0.126364
0.480343
0.136572
0.304994
0.16677
0.481811
0.344578
1.38652
0.495571
1.19213
0.639413
0.189662
0.265406
0.274315
1.04876
0.24563
1.36079
0.067235
0.540827
0.0110259
0.305597
0.734077
0.612341
0.0739206
1.72594
0.0163564
0.0445787
0.240273
0.0835437
0.978497
0.083874
0.169955
0.226351
0.258797
0.375137
0.0100202
0.0763785
1.27885
0.216502
1.00273
0.983905
0.187265
0.580437
0.0908328
1.41681
0.50605
0.418733
0.0711428
0.899708
0.888254
0.581664
0.73116
0.0296062
0.688763
0.224206
0.141098
0.285856
1.40246
0.166511
0.544413
0.86134
0.158755
0.153226
0.499639
0.639478
0.408766
0.0174125
0.524145
0.11025
0.829883
0.222143
0.9248
1.12217
1.6241
0.163181
0.943011
0.671587
0.374196
0.363479
0.240174
0.758955
1.13781
0.432536
0.617586
0.0367356
0.403611
0.176066
0.0739224
0.214586
0.00369141
0.0704874
0.214871
0.127304
1.05839
0.700163
0.493359
0.220313
0.228936
0.604461
1.79876
0.227929
0.481642
0.000741642
0.0616789
0.256632
0.846454
0.0927048
0.530931
1.20463
0.603909
3.36896
0.576254
0.256498
1.21421
0.491558
0.315359
2.46781
0.208308
0.717432
1.53311
1.43665
0.586398
1.50104
1.06767
0.0108602
0.00939074
0.437853
0.293369
0.775459
0.0835428
0.606131
0.745634
0.709209
0.580798
0.230538
0.703161
0.80644
0.0529291
0.288858
0.0512781
0.329429
0.671325
0.353433
0.144115
1.11102
0.573525
0.415173
0.563792
0.668671
0.47684
0.202774
0.761914
0.150328
0.217552
0.0573466
0.830992
0.247103
0.197177
0.709053
0.116198
0.209557
0.403186
0.0604185
0.573283
2.76825
0.888373
0.527606
0.226902
1.2995
0.381076
0.167663
0.383445
0.42158
0.419724
0.341609
0.73383
0.26112
0.275756
0.317411
0.500385
0.658869
0.982239
0.92913
0.263556
0.100375
0.0736559
0.134966
0.523306
0.174172
2.19163
0.214229
0.0633658
0.652399
0.335046
0.265466
0.949922
0.172538
0.0139937
0.0113994
0.458955
0.239336
0.641161
0.235745
1.25273
0.421722
0.0463604
1.07956
0.227427
0.852225
0.850765
1.42033
0.347602
0.812013
0.0265953
0.136139
0.223734
0.0511715
0.792158
0.395406
0.136589
0.253388
0.105618
0.293738
0.820819
0.496353
0.366516
1.33848
0.108188
0.861453
0.388379
0.218397
0.245748
1.05673
0.459726
0.220965
1.35933
0.603295
0.288011
0.164195
0.451346
1.01588
0.651727
0.249545
0.317786
0.560338
0.0303646
1.5645
0.46988
0.146968
0.0399341
0.588181
0.634986
0.140438
0.245821
0.0307653
2.16849
0.232167
0.297699
0.0899397
0.42209
0.0282824
0.403324
0.178815
1.65024
0.264634
0.177618
0.184958
0.250381
0.0194745
0.334229
0.0983461
1.35933
0.140965
1.87638
0.310409
0.279358
0.937692
0.45127
0.0164422
0.768019
0.259734
1.17975
0.177976
0.374485
0.306195
0.91507
0.245979
3.47382
0.382947
0.437346
0.201318
0.437712
0.12769
0.969374
0.603845
0.785236
1.05437
0.214221
0.106456
0.830169
0.353476
0.826853
0.588146
0.332229
0.15128
0.157773
0.259298
0.109224
0.370088
0.457091
0.77331
0.299587
0.111169
0.0475736
0.947564
0.127722
0.0887041
0.054833
0.0741478
0.402697
0.227229
0.332704
0.125637
0.0124136
0.276966
0.285209
0.191788
0.40705
0.285654
0.222083
0.633009
0.937931
1.72462
0.105185
0.640416
0.723609
1.09413
0.431136
0.405947
0.240453
0.0719026
1.86717
0.285572
0.397921
0.302752
0.18246
0.130988
1.62425
0.191825
0.224292
0.366165
1.87457
0.404578
0.0213401
1.09537
0.132368
0.469315
0.612704
0.114348
0.420775
0.0308914
0.9584
0.23379
0.153383
1.04264
0.939419
0.0227273
0.437845
0.0407521
0.395627
0.645046
0.0193954
0.156253
0.427678
1.15804
0.264392
0.279925
1.13754
0.146857
0.581187
0.2988
0.83212
0.212388
0.385385
0.0492214
0.312363
0.603122
0.656442
0.952649
0.347497
0.329611
0.765741
0.154146
0.191766
0.0804851
0.0517852
0.124341
0.680996
1.09788
0.227347
0.232803
0.276152
0.124843
0.720229
1.03909
0.475189
0.146032
0.443576
0.3106
0.215621
0.809464
0.204089
0.151564
0.0307865
0.621471
2.13112
0.831216
0.918178
0.662756
0.551236
0.115066
0.444587
0.030514
0.782661
0.802529
0.0810964
0.235206
0.791907
0.217204
0.129519
0.176106
0.865347
1.36508
0.0628505
0.0434183
0.191334
1.11037
0.180404
2.40282
1.20874
0.0679701
0.119566
0.909509
0.310388
1.48966
2.04707
1.27325
0.0986816
1.07397
0.182537
0.0170393
0.0616382
0.549336
0.52829
0.184954
0.904916
0.429731
0.225133
1.43125
1.23405
0.147224
0.243648
1.46151
0.62421
0.254308
0.06631
1.21606
0.320861
0.575659
0.415111
0.411815
0.796434
0.203503
0.723625
0.335574
0.235449
0.120599
0.415196
0.531262
0.414873
0.0390085
0.644357
0.063851
0.0033685
0.278694
0.166689
0.352582
0.314241
0.300447
0.376683
0.138546
1.26473
0.0755991
0.0648475
0.0823184
0.109312
0.243121
1.08776
0.041536
0.555509
1.92895
0.462221
0.0313843
0.0366568
1.2433
0.555809
0.710639
0.510633
0.929537
1.44187
0.322375
0.313813
0.136791
0.168283
0.100651
0.42014
0.348245
0.540781
0.29449
0.406969
0.444634
0.735357
0.0632407
1.6322
0.401393
4.31241e-005
0.743487
0.330991
0.893874
0.953194
0.503587
0.0995867
0.161454
0.421739
0.15823
0.949895
0.215423
0.346067
0.171578
0.407178
0.506128
0.140322
0.542616
0.0403336
1.52022
0.407192
0.818625
0.0330502
0.85915
0.0174902
1.39577
0.437228
0.0284175
0.472549
0.100612
0.350501
0.946009
0.0240015
0.371403
0.492111
0.793798
0.66769
0.751386
0.519097
0.706291
0.215448
0.0835355
0.284139
0.562915
0.184453
0.00717066
0.778257
1.62835
0.133474
0.251585
0.285896
0.83761
0.0346528
0.996333
0.277499
0.0665454
0.741093
0.777148
0.171037
0.550566
0.811967
0.0274412
1.54031
0.00471779
0.00207195
0.178592
0.121831
0.00890502
0.245525
0.457253
0.809254
0.910271
0.396083
0.124807
0.798473
0.10334
0.985788
0.273759
0.741059
1.20324
0.032623
0.308645
0.199822
0.35427
0.139825
0.143152
0.904273
0.0504585
0.0763347
0.0490277
0.431323
0.41109
0.0230176
0.188502
0.317053
1.00943
0.139336
0.675317
0.477409
0.398714
0.689382
0.905954
0.847216
0.0956547
0.756745
0.168615
0.410207
0.379608
0.960664
0.794526
0.240161
0.663881
0.48642
0.382183
0.245971
0.571477
0.0844928
0.401237
0.0777009
0.93619
0.730134
0.558622
0.49902
0.747319
0.0495913
0.0702177
0.00542686
0.233359
0.0252493
0.163752
0.803071
0.203575
0.0762616
0.51872
0.0271535
0.545666
0.496295
0.226508
0.428392
0.621119
0.474098
0.18594
1.3086
0.859955
0.877565
0.185496
1.30474
0.73138
0.932107
0.164293
1.73514
0.0153046
0.601338
0.0756168
0.282512
0.271798
1.36341
0.0869247
0.275353
0.431843
0.218762
0.222211
0.0936581
0.331761
0.910616
0.215776
0.175703
1.18438
1.00541
0.464586
1.12726
0.306378
0.419449
1.03673
0.0996253
0.579234
0.209289
0.425615
0.0492715
0.441021
0.426531
0.0161576
0.278763
1.31412
0.901559
0.0278922
0.138237
0.787809
0.419246
0.112967
1.77948
1.62427
0.765907
0.128692
2.48782
0.0857086
0.236095
0.247259
0.0808769
0.397615
0.462454
0.547961
0.767763
0.358032
0.150674
0.981507
0.372999
0.280654
0.33498
2.12273
2.1084
0.102723
0.644067
0.539497
0.507944
0.650714
0.010575
0.563819
1.20654
0.676125
1.3049
0.0901309
0.0656672
0.245615
0.10781
0.0913073
0.680685
0.0537417
3.08021
0.0437113
0.154971
0.0696487
0.721618
0.302539
0.057778
0.232454
0.377014
0.25854
0.0393816
0.304668
0.542728
0.176118
0.112999
1.70906
0.0163796
0.10328
0.257919
0.00565627
0.143949
0.244901
0.056516
0.0810978
0.16199
0.180552
0.734582
0.670485
0.925851
0.629325
0.915747
0.27554
0.489985
0.923444
0.05508
0.146828
0.388129
0.230027
0.236007
1.60643
0.323884
1.02411
0.032094
0.112214
0.357365
1.78376
1.43809
0.252259
0.170899
0.0920181
0.22375
0.378273
1.61471
1.09958
1.74715
0.0158681
0.0960094
0.464382
0.20412
0.462543
0.409632
0.0614566
0.149798
0.0797801
0.575378
2.2163
1.46777
0.313661
0.384723
0.885464
0.0554863
0.355218
0.0405902
1.49645
0.992563
0.256205
0.673015
0.464142
0.17274
0.0407343
0.63268
0.295336
0.369807
0.257678
1.41502
0.119619
0.488426
0.826512
0.298455
1.05034
0.143314
0.13365
0.415935
0.331128
0.509855
0.297298
0.455695
0.253651
0.0684457
0.347228
1.41212
0.195888
1.39426
0.223771
0.322178
0.145965
1.32816
1.61647
2.04949
0.922495
0.101874
0.627235
0.0259462
0.830813
0.190622
0.188835
0.693642
0.0685503
0.61531
0.0680766
0.288574
0.157296
0.000265879
0.118422
0.250313
0.807331
0.130409
1.73952
0.24933
0.187016
0.156733
2.63289
0.795165
0.0204065
0.277718
0.0529573
0.120819
1.00964
0.154068
0.234911
0.234873
0.129763
0.126318
0.35454
0.525469
0.18727
0.437064
0.0712525
1.11945
0.817505
0.307924
0.460736
0.798095
0.127133
0.548911
0.777371
0.361163
0.139082
0.431588
0.0272011
0.20819
0.476172
0.320567
0.906077
0.0736635
0.138948
0.184861
1.12753
0.36527
0.125393
0.338837
1.10852
1.36611
0.522599
1.28625
0.306138
0.175595
0.139174
0.202198
0.317118
0.683104
0.443733
0.146302
0.700528
0.793108
0.281059
0.291461
1.38872
1.40464
0.0419211
2.14866
0.0490255
0.780021
0.326348
0.193366
1.76335
0.303888
0.284847
0.847637
0.529632
0.676704
0.0811735
1.04859
1.05106
0.51616
0.51286
0.943595
0.0451127
0.0118837
0.0138802
0.829181
0.777092
0.0296191
0.284151
1.07478
0.412386
0.204975
0.0578277
0.0816146
1.20452
0.947093
1.04255
0.934713
0.60717
0.686557
0.16376
0.106384
0.461239
0.0471237
0.0623039
0.124786
0.119916
1.34074
0.0166343
1.73447
2.10814
0.856311
0.297997
0.311002
0.109577
0.358038
1.76233
0.156026
0.785878
0.906251
0.00314609
0.00274454
1.3146
0.540201
0.447192
1.11972
0.9452
0.552319
0.179033
0.377078
0.400286
0.360961
0.100039
0.359906
0.263917
0.286504
0.0373998
0.283721
0.438383
0.164675
0.554888
1.10712
0.75037
1.07082
1.8298
0.376587
0.839049
0.135586
0.626482
0.0284492
0.056436
1.48399
0.434787
0.410565
0.419029
0.779716
0.194988
0.1401
0.245954
0.708166
1.29779
0.343374
0.362273
0.418734
0.5141
0.05655
0.0100362
0.152667
0.249036
0.310619
0.120936
0.335942
1.28273
0.91681
0.336946
0.150672
0.890401
0.607041
0.0229316
0.385441
1.12555
0.634691
0.160396
0.230398
1.16625
0.516269
0.153977
0.64024
0.435126
0.474959
0.121439
0.447331
0.44955
0.379487
0.445198
0.705335
0.77608
0.135392
0.103034
0.14461
0.252299
0.937698
0.323133
0.328854
0.237421
0.46714
0.51516
0.258258
0.245651
0.179083
0.120325
0.228795
0.0276355
0.310948
0.280107
0.164081
0.1156
0.00794817
0.809336
0.220815
0.773833
0.741117
0.0471914
0.177409
0.183526
1.06228
0.238741
0.300318
0.810474
0.0520543
0.426281
0.180697
0.156818
0.349294
0.707159
0.567156
0.762252
1.02692
0.204615
1.22026
0.459861
0.953975
1.66317
0.0638358
0.213452
0.255628
0.210126
0.000138919
1.38123
0.241293
1.88631
0.36015
0.0552166
0.736357
0.857444
0.658186
0.355038
0.0064074
0.0942272
0.531019
0.480864
0.926597
0.496417
0.22966
0.151763
0.488774
1.3339
0.431414
0.13053
0.0473137
0.0561612
0.259622
0.177759
0.0116569
0.997306
1.07537
0.564892
0.823538
0.584825
1.13582
0.0264794
0.171758
0.727015
0.128754
0.198855
0.116883
0.282601
0.24807
0.401714
0.221618
0.0246623
1.39413
0.351432
0.0848793
0.115426
0.00619258
0.0488756
2.17588
0.178747
1.15302
0.0841494
1.50357
1.7416
0.546087
0.268967
0.166381
1.31333
0.627551
0.292372
1.20879
0.0261422
0.331727
1.58483
0.731077
0.355713
0.246367
0.592838
0.112146
1.29503
0.0642717
0.0287781
0.196262
0.204305
0.461132
0.530017
0.509302
0.0764221
0.4581
0.200479
0.501891
0.0618475
0.315766
0.511841
0.592527
0.00287431
0.637583
0.181949
0.147215
0.595997
0.426236
0.845519
0.192941
0.556294
0.950471
0.415802
0.230902
1.34305
0.502736
0.511491
0.424043
1.30808
1.37772
0.709795
0.595607
0.160944
0.536691
1.77132
2.14565
1.10353
0.0952644
0.415729
0.377785
0.835155
1.21708
0.111859
0.504766
0.284804
0.273959
0.390443
0.154233
0.332562
2.08674
0.0242838
0.51501
0.634155
0.0245232
0.0133903
0.906449
0.814359
0.927569
0.190363
0.908442
0.00323917
1.23569
1.0416
0.516999
0.163281
0.522344
1.09412
0.0714368
0.456432
0.561114
0.166428
0.199011
0.79186
0.191276
0.663647
0.122644
0.457253
0.00255166
0.291164
0.615751
0.891816
1.30644
1.54444
0.963557
1.48943
0.5497
0.463117
1.04874
0.703467
1.71135
0.536886
0.941547
0.108468
0.112382
0.343094
0.00651897
1.53042
1.31725
0.675487
0.0428338
0.338151
0.638396
0.268862
0.169585
0.968146
0.0163842
0.272414
0.0844755
0.0446158
1.60004
1.44565
0.345473
0.901263
0.59345
0.0542901
0.49655
0.236426
0.569428
0.381346
0.237807
1.2234
0.173704
0.0660176
1.32301
0.606959
1.25931
0.611399
0.409692
0.626273
1.24639
1.46409
0.8246
0.312577
0.118621
0.0725805
1.12319
0.339258
0.0680743
1.03473
0.359426
0.375713
0.221501
0.044359
0.0607893
0.616106
0.204884
0.369991
0.118731
1.01229
0.409737
0.458624
0.424962
0.0511575
0.287414
0.276225
0.259199
0.939853
0.0523477
0.270629
0.355049
1.21326
1.2918
0.435272
0.68929
0.111229
0.484941
0.497013
0.129102
0.450115
0.384974
0.132091
0.461371
0.260563
0.211898
0.227815
0.17322
0.830418
0.599267
0.23946
0.33468
0.232937
0.374669
2.23554
1.13861
0.32844
0.581406
0.106144
0.250579
1.1568
0.37617
0.639557
0.0519623
0.378659
0.586932
0.137354
0.0953022
0.169749
1.79257
0.144807
1.40343
0.0925656
0.137586
0.289533
0.172141
1.34288
0.496805
1.50019
0.499496
1.08448
0.0200677
1.27346
0.247172
0.270267
0.0635126
0.704324
0.258104
0.163943
1.56133
0.852327
0.193461
2.17399
0.543065
1.17009
0.101388
0.00326389
0.0963581
0.438138
0.728157
0.678871
0.0085074
0.748382
0.150234
0.240854
0.0322771
0.328952
1.72025
0.0252354
0.42685
0.62592
0.218888
0.0433805
1.73836
0.0903594
0.132696
0.573761
0.297327
0.271169
0.86263
0.230177
0.420211
0.39096
0.859038
0.00201616
0.0400637
0.162905
1.05301
1.05757
0.0957883
0.212158
0.476147
0.00314936
0.485747
0.135176
0.662282
0.268993
0.832478
0.436092
0.999468
0.106082
0.0266407
1.71691
1.05294
0.213816
0.31543
0.0506812
0.256859
0.143945
0.144033
0.241052
0.307598
0.0806469
1.18847
0.281332
0.137761
0.218083
0.410937
0.432523
0.816418
0.294626
0.539962
0.797594
0.0399018
0.360067
0.133592
0.0667924
0.107892
0.173873
0.357179
0.54478
0.0693321
0.128781
0.774102
0.0866616
0.596643
0.208535
0.0819593
0.0554266
0.295535
0.96374
0.407426
0.266399
0.806704
0.843114
0.498998
0.347882
0.498449
0.0847711
0.58493
0.518678
0.10644
0.899669
0.070247
0.0161337
0.301592
4.41398
0.445113
0.183567
0.275541
0.502241
0.419612
0.0607851
0.241791
0.00687898
0.232589
0.260699
0.147931
1.16773
0.111822
0.82568
0.659662
0.289513
0.339183
0.19273
0.0716763
0.0641994
0.221555
0.0507247
0.949193
0.434147
0.645644
1.01411
1.80211
1.26449
0.171835
0.00877214
0.066479
0.220022
1.54618
0.281797
0.0192123
0.660288
0.184644
0.715748
0.52827
0.00828384
0.20972
0.503476
2.0307
0.617012
0.210691
0.308346
0.0241269
0.385698
0.848709
0.180771
0.0611505
0.35112
0.243144
0.448653
0.0794532
0.575291
0.322713
0.941667
0.408521
0.900302
0.175151
0.0227311
1.42973
0.124114
0.131977
0.0375642
0.297894
0.310378
0.846766
0.0514223
0.449634
0.598318
0.306602
0.327408
1.10925
0.87444
1.2248
0.1113
1.62256
1.02751
0.171408
0.272295
0.356193
0.496254
0.319345
0.492993
0.195232
0.0930198
2.41821
0.501273
0.188252
0.539991
0.488395
0.61704
0.0477682
0.465236
1.57763
0.157691
1.0566
0.0977459
0.00453988
0.312833
0.233664
0.641453
0.190945
0.794778
0.0406285
0.476506
0.58934
0.947632
0.473394
0.509679
0.585166
0.13839
0.510989
0.235413
0.0667478
0.559168
0.140718
2.70769
0.564424
0.6931
0.0106022
0.218898
0.529794
0.0333026
0.0662411
0.615069
0.729647
1.691
0.245499
0.00202823
0.09116
0.0958018
0.64105
1.61684
0.696558
0.789676
0.11333
0.190394
0.371539
0.268267
0.38207
0.295669
0.104823
0.450778
0.316565
0.104269
0.655225
0.11561
0.119178
0.794057
0.934569
0.196841
0.24322
0.266518
0.0983391
1.33582
0.948154
0.878943
0.145485
0.15573
0.349226
0.193101
0.883748
0.25165
0.827039
1.27912
0.0628235
0.00691429
1.11067
1.29818
0.459829
0.670882
1.31201
1.14151
0.923536
0.371859
0.314185
0.0252465
0.330321
0.972803
0.189609
0.110445
0.0388074
1.1076
0.797067
1.07823
0.113904
0.403935
0.677368
0.599278
0.610606
1.32427
0.00800089
1.55429
0.170176
0.478701
0.146583
0.120882
0.0529077
1.13477
1.0794
0.00180155
1.307
0.711437
0.0176864
0.0453285
0.0772504
0.103208
0.394751
0.233075
0.090839
0.175486
0.602966
0.458166
0.128225
0.0856515
0.291077
0.284496
0.215343
0.196304
0.697971
0.580634
0.0131133
0.0176945
0.0553529
0.920438
0.127767
0.132577
0.00678605
0.631776
0.0427719
0.122298
1.2828
0.773818
0.68998
0.163065
0.852684
0.174261
1.06527
1.2842
0.121013
0.348216
0.841367
1.70761
0.564469
0.328522
0.3587
0.315752
0.386273
0.185841
0.55618
0.186844
0.706159
0.497496
1.28424
0.331951
1.27105
0.792998
0.144457
0.0291809
0.361169
0.839759
0.780825
0.101943
0.529324
1.24681
0.842518
0.3604
0.879846
0.273267
0.364702
0.106383
0.812678
0.327439
0.415492
0.25902
0.609019
0.491784
0.0319886
0.341475
0.00485407
0.205821
0.649277
2.0558
0.410415
0.0781249
0.972533
0.0454289
0.69594
0.0320212
1.09736
0.044234
0.174907
0.845789
0.19033
0.0247126
0.366832
0.41121
0.213054
0.860276
0.741671
0.0646717
0.689374
1.611
0.117451
1.16692
0.155144
0.282551
0.0159492
0.177751
0.19302
0.0292163
0.124513
0.35982
0.596591
0.254769
0.53675
1.04745
0.416842
0.161441
0.343863
0.189313
0.21525
0.044008
0.183511
1.07997
0.474984
0.030686
0.413057
0.87755
0.675655
0.182523
0.00553649
0.253834
0.167102
0.454849
0.336042
0.0419243
0.0552549
0.396905
0.0398868
0.110456
0.16092
0.612428
0.303561
0.123817
0.579861
0.523742
0.154776
0.33144
1.42226
1.66988
0.092626
0.516729
0.128828
0.73337
0.426429
0.311997
0.0284954
1.2579
1.67526
0.207177
0.261726
0.258998
0.60676
0.285104
0.0299166
0.248942
0.0213399
0.705925
0.175815
1.16809
0.356322
3.95178
1.17801
0.36526
0.191545
0.101482
0.313804
0.331597
0.0962779
0.521926
0.0494447
0.0204234
0.327558
0.0598377
0.820829
1.36524
0.164962
0.296472
0.483835
0.574505
0.0783535
1.24004
0.00173331
0.00637563
0.49446
0.273877
1.68552
1.04113
0.54021
1.31361
0.363751
0.0658825
0.640489
0.0882972
1.82789
0.257356
0.335433
0.36228
0.543137
0.00386534
0.220173
0.215402
0.0221931
0.32622
0.371003
0.1003
0.433214
0.230674
0.174274
0.638752
1.79452
0.322026
2.00684
0.588558
0.314527
0.0346587
0.129146
1.40972
0.0913949
0.0640958
1.67971
0.00883543
0.499127
0.164434
0.157244
0.473715
0.0880039
0.809607
0.905418
0.35214
0.277151
0.723438
1.73633
0.107465
0.0881162
0.0259916
0.0632431
0.0233204
0.627783
0.62689
0.107605
0.0375468
0.561504
0.203196
1.41652
0.451266
0.566523
0.024203
0.0113692
0.525181
0.248417
0.720359
0.45455
0.00289998
0.488299
0.255945
3.21387
0.225412
0.603955
0.133064
0.159177
1.65828
0.428391
0.0468795
1.89521
1.36381
0.0400837
0.450668
0.225871
0.645852
0.167845
0.12679
0.31459
0.514449
0.915494
0.478744
2.49487
0.993101
0.568615
0.560647
1.29668
0.0883185
0.605062
0.155196
0.0309705
0.161508
0.020653
0.3152
0.564276
0.180232
0.56054
0.368576
0.0725376
0.0391797
0.697572
0.234059
1.19183
1.22354
0.423837
0.331266
0.681924
0.555763
0.365129
1.09949
0.146463
0.443428
0.810822
0.740986
1.62516
0.227934
1.6936
0.778774
0.396101
0.496502
0.866992
0.128373
0.282108
0.036201
0.114038
0.913333
0.546556
0.445249
1.55541
0.189433
0.148185
1.56475
0.418594
0.522424
0.0157052
1.21827
0.567274
0.967234
0.576683
0.767822
0.847617
0.100142
0.404364
0.0684908
0.412083
0.0771864
0.389378
0.725358
0.123246
0.457636
0.0304752
2.57024
0.213288
0.386807
0.586784
1.3882
0.0962063
0.380428
0.246191
0.0136584
0.218836
0.29418
0.0832361
0.212666
0.230835
0.259187
0.670144
0.32503
0.378001
0.0418635
0.237112
0.13052
0.253755
0.688902
0.685901
0.713717
0.182579
0.0858301
0.643282
0.0952154
0.325121
0.15699
0.4901
1.20275
0.379692
0.941879
0.162381
0.490321
0.616124
0.280969
0.216818
0.0501182
0.098456
1.76654
0.0159228
0.0802656
0.688106
0.117696
0.0197648
0.206727
0.0533657
1.1202
0.729768
0.0809531
0.795681
0.122221
0.226463
0.4481
0.572317
0.981309
0.0373184
0.00733776
0.233525
0.0720989
0.885926
1.02335
0.344636
0.577668
0.114941
0.615823
0.574582
2.04989
1.38732
2.09124
0.339747
0.164933
0.0777089
0.115097
0.134087
0.187452
0.540353
0.559347
0.116014
1.02592
0.0922906
0.699453
0.266761
1.00004
0.508459
0.407896
0.353509
0.0699257
0.260194
1.40311
0.364423
0.468653
0.00678789
0.359812
0.572491
0.336636
1.95233
0.000723538
0.321255
0.09923
0.0258723
0.289571
0.2826
0.154812
0.292838
0.0274734
0.859003
0.799413
0.200032
0.0690537
0.0668951
0.164841
0.568428
0.0836232
0.920495
0.504715
0.150445
0.274458
0.334499
0.861505
0.250029
0.120404
0.455714
0.174337
0.507048
0.810928
0.644952
0.836964
0.204149
1.43731
0.294814
0.302831
0.384574
1.82869
0.312317
2.17074
0.239958
0.197965
0.344921
0.405344
0.257185
0.0063997
0.28949
0.384892
0.372868
0.462925
0.349981
0.140087
0.0925589
0.156512
0.49905
0.529112
0.600263
0.291743
0.0696169
0.163435
0.481503
0.34372
0.0909503
0.0847796
0.194295
0.0602093
0.0865907
0.169552
0.0510528
0.87503
0.537619
0.101123
1.51642
0.254193
0.452507
0.109792
1.16964
0.517182
0.237339
0.140129
2.1424
0.216874
0.757124
0.0390377
0.815546
0.147095
0.432894
0.21383
0.0712058
0.159833
0.322887
0.823654
0.113276
0.3291
1.28971
0.0928061
0.268242
0.0516612
0.20056
0.467012
2.25459
0.678945
0.0517704
0.0929396
0.185615
0.202573
0.364973
0.206119
0.163394
0.6102
0.0733814
0.189076
1.44665
0.183697
0.319387
0.163964
0.0599019
0.227399
0.172197
0.200004
0.806156
0.916242
0.103867
0.280177
0.745407
0.305356
0.171495
0.642158
0.111669
0.862588
0.386536
0.0230252
0.203322
0.286876
1.15462
0.362172
0.200376
1.09119
0.0297077
0.964892
0.711541
0.191456
0.213309
0.596424
0.916512
0.24206
0.755097
0.488967
0.0417293
1.4454
0.291077
0.5547
0.366645
0.634159
0.297191
1.94385
1.84796
0.156084
0.386722
0.728757
0.235109
0.144695
1.18112
0.142555
0.0219463
0.0492275
0.122643
0.271477
1.46206
0.765754
1.86372
0.136659
0.0876507
0.121478
0.733946
0.037335
0.460358
0.307251
0.868288
1.20844
0.0916661
0.367078
1.33403
1.25924
0.257306
0.329883
0.321533
0.711256
1.06666
1.01569
0.0747126
0.24406
0.052316
0.231868
0.618656
0.408045
0.667274
0.372153
2.20138
0.686926
0.121132
0.0596588
0.0444388
0.904432
0.319167
0.748089
0.385288
0.860154
0.425387
0.638986
0.173155
0.567628
0.342053
0.407491
1.15967
0.609108
0.336611
0.105746
0.203894
0.450773
0.60232
0.234522
2.89637
0.180369
1.70889
0.363707
0.21318
0.807797
0.128989
0.572891
1.17843
0.947317
0.217099
0.424236
0.101737
0.172213
1.31194
0.0467432
0.986539
0.25486
1.2782
0.699817
0.0542797
0.572717
0.759584
0.534811
0.0880099
0.217101
0.00589827
1.52163
0.104021
0.173011
0.107553
0.403459
1.94494
1.38862
0.158694
1.05915
0.400866
0.025153
0.116686
0.550862
0.87263
0.525449
0.00759855
0.415392
0.0314322
0.794502
0.485766
0.528021
0.607385
1.70022
0.78532
0.987241
1.24552
0.052569
0.357831
0.286425
0.453142
0.509691
0.255635
0.245494
0.620146
0.769573
0.952258
0.113736
0.225504
0.126455
0.864403
0.307966
0.357194
0.236503
0.148793
0.035549
0.565379
0.329916
1.31544
0.342534
0.641121
0.142217
0.114072
0.868433
0.562614
0.139429
0.026488
0.78851
0.155638
0.235982
0.432558
0.533415
0.38768
0.50988
0.217721
1.17622
0.365723
0.221985
0.101853
1.08872
0.479003
0.970561
0.981583
0.0303274
0.57271
0.323971
0.292049
2.13171
0.115177
0.392584
0.101877
1.65253
1.11175
0.385242
0.071983
0.818865
1.98717
1.20349
0.669055
1.30117
0.0293351
0.00440326
0.194209
0.542201
0.351315
0.244592
0.680619
0.526165
0.0150347
0.0976381
0.488512
0.110307
0.0404152
1.20735
0.14239
0.0624175
1.30364
0.486059
0.0675408
0.88373
1.59252
0.441745
0.548496
1.35897
0.127886
1.05088
1.72577
0.601417
0.627649
0.159662
2.03755
0.605523
0.114988
0.135785
0.00274427
0.453182
0.496934
0.786112
0.169716
0.626997
0.0742665
0.67076
0.835818
0.0803752
0.235614
0.211257
0.00524012
0.548604
0.400214
0.266529
0.371784
0.408567
0.408147
0.319113
0.129627
0.133896
0.749705
0.366674
0.0536962
0.64347
0.27695
0.99379
0.280547
0.231981
0.0428099
1.40566
0.210148
0.267749
1.4395
1.05234
0.283387
0.582098
0.0797282
0.364052
0.367903
1.35141
0.173464
0.444206
0.546609
0.725949
0.290056
0.851857
0.0499063
0.205147
0.558398
0.0367997
0.119844
0.501916
0.839126
0.627663
0.0647935
0.0334479
0.136934
0.0297467
0.258482
0.966883
0.611944
0.82051
0.438933
0.035132
0.150702
0.183385
0.853844
0.0194018
0.200131
0.958669
0.143218
0.171117
0.26544
0.0868451
0.526651
0.974163
0.00131465
1.26341
0.00283223
0.0403147
0.364204
0.725672
0.455865
0.709202
0.0520979
0.316548
0.0290258
0.888025
0.655186
0.0930027
0.124072
0.617848
0.721613
1.19192
0.413167
1.23812
0.0138063
0.368627
0.130437
0.139857
0.561962
0.110361
0.105608
0.681962
0.076335
0.258317
0.424631
0.296543
0.863411
0.454838
2.11612
0.174827
0.249288
0.17902
0.494267
0.770888
0.220027
0.397444
0.142121
0.0726007
0.460215
0.110187
0.177968
1.34874
0.210779
0.415917
1.31116
0.40995
0.0793941
0.388555
0.295621
0.26493
0.809486
0.0519118
1.03894
0.574328
1.66266
0.563848
0.721442
0.110304
0.303962
0.0461835
0.224446
0.510039
0.469361
0.621895
0.875932
0.0484889
0.213014
1.19122
0.15581
0.528353
1.30683
0.0263678
0.742723
0.343258
0.304541
0.0108735
0.00726618
0.00669127
0.375282
0.536506
0.148441
0.383663
0.273622
0.361365
0.714284
0.0834995
0.45521
0.386642
0.341453
0.0980168
0.547995
0.336556
1.23934
1.09629
2.79789
0.225934
0.633409
0.239564
0.0962725
0.311878
0.73336
0.0123881
0.0645443
0.239788
0.432353
0.192402
0.298911
0.312838
0.0422059
0.0784095
0.314598
0.957229
0.725725
1.31635
0.115417
1.6162
0.458725
0.833889
0.620043
0.0438985
1.30267
0.087993
0.881745
0.415016
0.195955
0.360054
0.0922782
0.694492
0.114002
0.610851
0.167712
1.39564
0.0674194
0.105759
0.220497
0.0678483
0.496047
0.105757
0.238529
0.484095
1.7074
0.356965
0.719883
0.367768
0.0914296
0.457449
0.309429
0.112119
0.130024
0.0960004
0.383936
0.243332
0.936644
0.317479
0.0428872
2.20043
0.731421
0.728466
0.333816
0.547878
0.0374243
0.33481
0.0539102
0.19974
0.120477
1.20697
0.762227
2.01769
0.652198
0.580144
0.149183
0.826162
0.528242
1.49582
0.130037
0.420017
0.989133
0.19658
0.268537
1.55653
0.257608
0.0174852
0.630035
0.0508587
0.206213
0.619829
0.974253
1.56791
0.167064
0.0196662
1.00175
0.00852761
1.75565
0.0802219
0.412568
0.938354
0.157558
0.368786
0.227132
0.058293
0.179741
0.896027
0.389419
0.0855077
0.124908
0.302347
0.503886
0.3432
1.44284
0.790815
0.265913
1.14241
0.465207
0.489954
0.2734
0.337034
0.207982
0.109926
1.23788
0.10664
0.00610923
0.0691715
0.000728882
0.146614
0.312053
0.454859
0.363251
0.0101933
0.4754
0.930772
0.60975
0.139672
0.363535
0.160931
0.142387
0.712533
0.0865185
0.116741
0.509217
0.172192
0.292898
0.535175
0.618295
0.223231
1.2984
0.79525
0.158683
1.06145
0.655151
0.299334
0.251214
0.705292
0.838389
0.31942
0.219323
0.032768
0.251955
1.33287
0.419314
0.344452
0.238972
0.289686
0.749027
0.941686
0.078308
0.175169
2.2964
0.393891
0.590987
0.323254
0.0509188
0.862969
0.716828
0.250183
0.175635
0.680774
0.024105
1.81526
0.0548974
0.993162
0.528715
1.21729
0.249419
0.296008
0.816896
1.86922
0.508014
0.338182
0.529466
1.41569
0.25417
0.698802
0.104461
0.64201
0.0734352
0.128167
0.929097
1.33307
0.037039
0.478235
0.131971
0.47156
1.40631
0.119843
2.60699
0.0650336
0.70657
0.631274
0.195589
0.287674
0.213629
0.741005
0.138927
0.24134
0.305332
0.447416
0.382905
0.0960356
0.50083
2.12264
0.647628
0.364926
0.0377489
0.0639856
1.67444
1.01425
0.170961
0.263962
1.07244
0.0419336
0.600879
0.0274878
0.414586
1.04177
2.53397
0.00915735
2.52033
0.0135264
0.0589311
0.20609
0.400911
0.300104
1.18902
0.186023
0.372168
0.223533
0.606643
2.3285
1.20541
0.639555
0.480101
0.400385
0.0246287
0.377165
1.20356
0.56959
0.195638
1.48968
2.44716
0.116402
1.13332
0.641148
0.75509
0.402148
0.565409
0.979274
0.50675
0.619481
1.61504
0.154827
0.711474
0.246492
0.271496
0.205825
0.752312
0.216358
0.995613
0.650975
0.0651486
0.522468
0.137217
0.312727
0.382926
0.166342
0.251604
0.0502883
0.0342147
0.1082
0.508221
0.677604
0.452163
0.148532
2.10532
0.0409486
0.265904
0.326324
0.646059
0.0147724
0.331953
0.219635
0.550983
0.766521
