0
0.303888
2.12084
1.32758
1.29075
4.19436
1.48229
2.23293
1.18767
4.34644
0.181345
0.730149
3.29529
3.01982
1.21162
1.3285
0.783117
2.27166
1.38741
0.0425163
0.746718
0.623448
0.490636
3.46039
0.0341726
0.0716985
6.80695
0.0971658
3.63596
0.643372
3.85041
1.85279
0.969501
3.13334
0.791001
0.163434
2.21811
1.88847
2.35621
1.30101
0.0556432
5.81518
1.58132
1.58011
0.0763665
0.762121
0.0930832
0.722901
1.83972
2.08497
5.91759
1.07604
7.15906
1.55978
2.12004
3.03592
4.19397
0.241475
2.07634
9.62938
0.20108
0.445408
0.309692
3.70971
0.584597
0.337077
2.27923
2.16781
1.83768
0.983888
0.680612
1.01493
2.58261
2.22831
0.799225
0.410359
3.13291
1.00088
0.0406429
0.672183
0.260263
0.247014
0.724123
0.866676
0.990041
4.09757
1.24079
0.371782
3.63229
1.80846
4.72589
2.64359
1.25609
1.57917
1.10718
0.388627
4.39337
1.54083
2.75589
1.14131
7.72991
2.59903
1.44524
2.55013
7.72451
1.60638
1.05686
1.06333
0.11142
1.42701
1.5378
1.15007
2.39762
0.552576
0.224241
1.27014
0.429201
1.54734
1.68313
8.93167
1.53975
2.06801
1.52318
0.168283
0.567388
2.22647
0.404723
0.117476
1.88391
1.36503
0.13934
1.06833
5.21993
5.40992
4.44926
0.942783
4.2047
1.70086
6.73312
0.363305
0.536436
1.28091
0.55477
0.566612
0.0490575
2.16532
1.98937
3.74762
2.40225
0.352568
2.60934
1.30674
2.17008
0.784757
3.3862
1.9142
2.13652
1.49033
0.232368
2.51417
0.159014
0.330461
0.314181
0.201984
5.82893
2.8907
0.708029
0.121989
3.77727
1.70457
3.6645
1.90432
1.08746
8.61563
0.901799
4.30908
0.191851
2.78636
0.235173
0.0938371
0.0615921
0.525282
0.607878
1.34657
0.777908
2.57149
1.33014
0.833042
3.75731
2.28545
2.22847
2.9485
0.422199
2.02912
1.90431
2.61869
1.39308
0.333859
1.44592
7.2249
1.23211
2.27449
2.54705
1.65486
0.134291
10.1609
1.32343
2.46237
6.77583
1.49854
1.89597
3.08736
0.408311
0.795214
0.946918
1.31976
0.176286
1.99377
0.59433
3.1947
0.381219
1.40072
1.05957
2.7445
11.6125
0.931211
0.695141
0.535643
1.67381
0.372505
1.02209
2.76411
0.908692
1.70279
3.45792
2.26075
0.953996
0.506174
1.0131
4.78236
2.36515
0.292885
0.354265
3.5003
0.319681
2.10466
0.0032902
3.92175
0.0728587
1.35907
4.9464
0.894146
0.61043
3.83713
5.66162
0.133806
2.21636
0.17591
0.985877
8.06501
4.0452
3.54148
0.237015
1.1231
1.56089
5.54332
2.12273
0.410177
0.41673
1.56009
0.115224
2.04259
4.42927
3.26779
0.969907
2.50564
0.439073
0.0355543
0.423218
0.43973
3.05793
10.3373
0.688786
1.20436
0.630002
2.85246
0.0604766
1.9764
7.78406
1.45944
8.64343
2.83086
2.87352
3.8251
0.614478
5.40594
1.81919
1.21433
2.82646
1.4943
0.187679
1.48302
1.23083
2.54468
0.1434
6.39558
3.93474
0.86625
0.162398
4.98357
2.52783
1.01316
1.47236
3.37358
0.133505
0.0262828
0.199289
5.47261
0.22941
3.33138
2.06144
6.62713
0.663478
2.84383
1.80236
0.0610828
2.32773
0.460725
4.56179
1.13806
0.653933
2.31623
3.08574
1.9422
0.556777
0.937731
3.3926
0.407686
1.93837
2.25428
2.72538
0.0214673
0.305707
2.72955
0.774466
0.0878341
3.2449
0.684298
4.87631
2.31264
0.95193
0.722095
4.72677
1.08741
0.284949
2.26499
5.15804
1.22056
2.42621
5.10728
0.816561
4.80894
0.382084
1.59192
0.000911079
0.484402
1.93366
3.12963
1.73769
3.73472
0.0741369
1.92397
2.30975
2.14586
3.09214
1.08417
0.855555
2.37706
1.16677
0.604942
7.13334
0.391354
0.183784
0.433109
0.310186
2.36811
0.595769
1.32544
4.68353
1.99229
1.79409
0.92848
2.99004
0.805039
5.5651
1.49155
4.24902
5.81569
0.41804
1.49927
2.34757
8.57405
6.04022
1.54275
5.282
0.719182
3.97612
1.21627
0.229689
4.78181
0.660089
1.19688
0.74674
0.815318
0.602429
0.873726
1.28585
0.874175
1.18546
5.20963
1.25364
1.76789
2.31355
3.14575
0.593897
0.279131
0.996737
2.29752
1.41158
0.707113
3.73103
1.50261
0.959439
3.2296
5.97953
3.88382
0.207664
5.12497
2.87644
1.81382
2.5445
0.762681
4.47558
0.803052
3.90702
0.936471
1.91993
2.0815
0.260244
0.500703
1.45996
0.629575
3.59614
3.37804
5.14416
0.661372
4.08228
1.34718
4.66822
0.330415
8.24648
0.867204
0.664871
0.649321
0.163609
0.253225
0.0851373
2.26432
1.05611
1.41251
7.29743
1.05335
0.164389
2.44552
8.20683
3.27256
3.14878
1.75772
4.1224
1.02685
0.817681
1.78955
2.76817
6.83555
0.670341
0.374641
1.84215
1.40098
1.58969
1.55434
0.872988
1.39258
1.76638
0.997354
0.012307
1.02771
0.364654
2.85617
0.365907
1.24508
2.86686
0.303232
1.84076
1.06034
0.477684
2.28037
0.666155
1.34568
4.63464
0.560175
5.95964
2.55303
1.20807
2.67997
2.09637
1.51798
0.548202
4.55377
0.72458
0.450369
9.55114
1.4076
2.46229
7.27426
2.41792
0.900618
0.824582
2.33014
1.55033
2.38011
0.0241071
1.13458
0.166667
0.812447
1.02913
1.10561
0.697084
0.0788314
0.335511
1.54072
1.53377
0.770804
4.17957
2.64924
1.04588
2.30741
2.68426
2.54378
0.697752
0.629557
2.25464
2.09649
2.02412
2.08185
1.25741
0.0524404
1.51653
0.188537
1.70798
0.333934
0.9302
2.43456
0.0363027
0.675404
0.0553873
1.19445
1.50824
1.13636
1.99944
1.07764
1.9643
4.76295
1.64797
0.316471
2.97251
6.16192
1.12832
0.928804
0.0752438
0.309559
2.82212
3.73188
1.31266
2.78499
4.25516
0.0962604
1.44112
0.395911
0.905375
9.50432
0.738884
2.1561
0.638098
3.26949
0.216655
0.95942
0.13989
0.286527
1.25113
0.663981
2.25931
0.784744
0.142619
2.68135
1.97
4.04124
1.47311
2.74097
6.75781
1.14949
0.740866
1.06388
0.924183
4.31035
6.50759
2.7568
1.30217
1.41721
5.38863
6.48981
2.60919
0.933436
1.9485
0.8384
2.66148
1.30713
1.1565
0.403914
0.201916
0.123109
0.423364
3.98911
2.27984
0.827665
0.775665
0.0583427
0.57113
0.905809
4.4105
1.43175
1.25695
0.891497
3.12627
9.47236
0.431936
0.00230258
0.826937
3.02882
0.107719
6.0231
1.49885
3.53383
0.601549
0.300378
0.16607
1.15679
5.77741
1.99793
5.67632
18.4797
1.35481
2.57528
0.714181
1.29253
0.967368
2.46799
2.30264
2.35992
0.31802
3.04489
5.31418
0.765566
2.81202
0.209257
7.02732
0.021681
5.95285
3.88193
1.85387
1.18755
0.97662
0.0121247
3.67808
0.0231717
1.9982
2.48742
3.43141
2.17334
3.96283
1.02075
2.6286
2.18046
3.35793
1.60095
4.55481
0.628405
2.21013
0.704455
1.75314
2.14917
0.600579
1.58348
0.718052
0.397495
1.03433
0.355877
5.29212
5.12811
0.998885
0.995539
1.12465
0.36353
2.46778
0.190865
0.812633
3.41281
1.0331
0.622908
0.573326
1.14119
3.36582
0.190003
4.21234
0.46401
3.47544
0.00100048
0.0624764
1.20202
7.36369
1.72727
3.46153
0.47723
4.93711
3.02821
8.04577
1.29683
0.263239
2.36134
1.21279
4.23528
5.0138
0.997082
2.44969
0.900727
0.0982516
2.7147
0.474823
0.455955
1.02853
1.79481
1.24605
0.574652
9.4063
1.83177
3.53356
0.354855
1.05813
3.41369
0.800727
5.32842
0.878313
0.426777
0.342814
1.77357
0.169398
0.325693
3.14394
2.71687
0.472899
0.740316
0.183109
0.673185
1.46912
6.64669
0.223933
8.11255
2.54158
2.77936
0.314797
2.13689
1.4071
2.72746
2.87063
0.0808443
1.15538
0.640585
3.36711
0.949768
0.0873451
1.65618
3.29677
0.564322
0.0459011
0.176957
4.63012
0.750364
1.65666
1.21135
1.99194
3.75722
0.730873
1.10928
1.44489
0.067016
0.501334
1.13111
1.12755
3.19395
0.253275
2.45012
2.12541
1.78371
0.412403
3.46861
0.538057
2.48117
0.128176
0.336411
1.10801
2.19291
0.638634
1.79745
1.36199
6.41595
0.442385
0.062396
1.79133
0.555264
2.75008
2.37129
0.324798
1.54069
1.09959
0.459276
1.13394
0.0416765
0.625231
3.66238
0.933236
0.24689
0.8315
2.96254
1.338
0.168696
1.40556
1.16956
1.5713
3.56487
1.05612
1.07024
0.504586
0.238775
0.221155
2.17167
5.13524
2.23806
2.63206
3.36562
0.158559
2.77104
2.55122
0.778062
0.311211
0.514642
0.392161
3.01884
1.94016
3.79439
0.185173
3.73206
0.564975
0.32559
1.85181
3.25875
7.50878
0.757776
1.58679
1.83201
0.742166
3.94179
0.798351
3.41101
6.6838
3.19021
2.51724
1.10812
0.143466
1.91979
2.50145
5.23715
2.92742
1.30539
0.7469
1.36982
4.19766
1.61297
1.31468
3.42483
1.36287
2.47642
0.472251
2.23988
2.19078
1.40453
0.215937
0.857052
0.635617
0.394583
1.50043
1.76366
1.97381
3.57402
1.47487
2.44225
0.955824
3.22184
0.715157
0.609371
0.102647
0.962935
0.0243965
1.68886
5.48069
0.0202821
2.1043
0.351489
4.21528
1.31608
4.84881
0.729618
0.518658
1.36337
0.77647
3.45483
0.216392
2.64366
0.49167
0.72284
4.23853
1.11777
3.6339
0.991529
0.11494
2.35342
1.34678
1.1998
0.183851
1.03207
0.516413
0.742012
0.708606
8.36693
4.55689
1.92796
1.38144
2.24184
1.90924
0.130033
0.394741
1.93995
2.54296
1.02912
0.0109536
0.209215
4.13045
3.75445
1.15832
0.563041
0.808975
1.33127
5.56124
1.93081
4.01252
0.860183
2.18426
1.41321
1.11706
0.712882
0.893528
1.97169
0.343712
4.60895
0.956768
4.41877
4.89696
8.50478
3.63675
1.26361
5.76681
1.14848
2.34531
0.0921373
0.373409
1.32585
1.70987
0.174501
1.72175
5.09477
1.28398
0.14815
5.58685
3.10559
0.301486
1.88092
2.62476
5.29757
0.358721
0.597735
0.274125
0.371741
0.452833
3.26215
0.936865
2.38312
3.10342
0.219298
1.11811
0.448096
0.318326
0.0727382
0.160014
1.49289
0.307722
0.925893
3.84933
1.8621
0.264168
2.96795
0.0836511
3.03149
5.69025
0.1169
0.258605
0.0270063
4.83549
2.25248
0.204403
0.0834504
5.07728
3.33025
6.98535
0.515786
0.701884
0.0811188
1.76516
2.51195
3.20683
0.933762
3.67511
1.44089
2.59961
1.13969
0.655147
0.556542
2.57787
0.776949
2.30752
5.76007
2.23112
0.154185
2.70343
1.90315
0.136485
0.593794
1.56582
1.19059
1.22679
2.91434
0.509158
0.106637
0.0530246
0.206221
0.635929
0.887684
0.99727
3.65744
0.102609
2.97736
0.16181
2.71309
2.04369
3.14432
2.63777
0.713268
1.63835
8.33234
3.16027
1.48983
0.778832
1.68736
2.67129
3.11855
3.09486
1.56388
1.55427
0.946966
3.71048
1.30996
5.59036
0.342336
1.58278
1.09373
1.23034
1.09497
0.315198
0.787332
2.30784
1.41671
0.71898
1.74213
0.192
1.2196
4.367
0.507822
0.0028834
0.511963
1.14957
0.0367868
1.55064
0.2047
4.74246
1.84456
2.66097
0.759708
3.63196
4.2062
0.423692
0.612638
1.43502
1.78562
0.242535
4.52551
1.59249
2.25092
0.238099
0.440026
1.96281
0.268494
4.13761
0.196305
0.574849
0.0689003
0.692819
0.364482
0.104173
1.70077
0.228757
0.206691
2.27154
0.265425
1.32736
0.119215
1.20894
4.11187
0.15435
0.842479
0.424037
2.99437
0.450945
1.7824
0.299721
1.52616
0.551534
1.264
0.121268
2.02916
1.43567
7.78199
3.68175
0.349252
1.36449
3.18691
0.147594
2.85841
4.16748
1.61879
1.68568
5.37466
1.00634
3.2773
5.97806
5.54091
4.54274
0.385925
0.0773907
1.94998
0.362101
0.250183
0.153823
1.316
10.852
1.75436
3.1549
1.30805
0.535001
0.193946
3.89085
1.89744
0.673997
2.13839
6.26713
1.43933
2.23305
0.201545
0.501782
0.0311195
6.02639
0.913104
0.943296
5.33185
3.69907
6.29164
11.035
0.817685
6.35976
0.778832
2.64877
0.793116
1.7939
0.363264
1.48656
2.43512
1.53744
0.685107
7.17381
5.70432
0.379772
8.43429
0.855807
0.725501
0.218228
0.074813
1.65994
0.726427
0.200936
0.975235
3.62128
1.88169
0.588767
0.609066
3.71665
4.34399
0.389671
0.480394
1.54481
0.629902
1.73661
0.824901
0.414875
3.13267
5.85896
2.16257
1.28671
1.33023
0.586665
1.31269
0.608187
2.17225
0.641369
4.9936
0.483649
3.65708
2.88203
1.81107
1.97414
1.46504
3.93825
0.161116
2.4817
2.79326
1.86863
2.83831
0.326036
3.37892
0.878065
0.110645
2.78056
1.10975
3.95128
1.88875
6.00209
4.99052
3.77386
1.38087
6.33184
3.30052
0.0448949
0.0927891
1.9673
2.7409
3.62979
1.04014
1.14386
0.983083
2.95033
2.94008
0.476239
1.30724
2.03639
0.404214
1.83495
0.392475
0.24437
1.57421
2.33389
1.44426
0.0127771
1.31831
1.0817
3.10883
8.41501
4.11813
3.79023
0.305508
0.233975
1.06164
10.2105
0.0442032
0.911793
4.31971
7.43925
1.49521
4.79654
4.82674
0.819142
2.57348
2.69314
1.80539
0.0150057
2.87616
0.258984
0.850781
8.72167
2.54695
1.17852
3.28453
3.0098
1.49827
2.17422
1.77308
0.922305
7.22712
0.462321
0.883729
1.60382
0.734008
1.60152
0.410116
0.873115
1.25676
1.31727
2.21009
8.30106
0.184112
0.963683
1.14362
0.444343
1.27821
0.25218
1.18414
6.72278
2.6595
2.00559
0.762483
5.57168
0.125497
4.49757
0.749742
0.145608
1.01137
0.253475
4.00924
1.09215
1.1771
14.6088
0.367479
0.238773
3.77948
0.592706
0.463486
1.97273
3.04178
4.03377
2.83388
0.143445
1.02378
0.983428
0.421026
2.89843
1.81998
0.830736
1.2403
1.30508
5.36216
1.10594
0.541331
1.46445
3.02436
1.81162
1.17144
2.1823
1.2778
1.84464
2.39012
0.115809
0.759902
1.89369
1.35743
0.656202
0.262452
9.59371
1.38975
0.22685
2.20184
2.88941
0.648229
3.39941
0.208838
3.45892
0.113182
0.896357
6.11184
0.518674
0.563637
2.4478
3.53985
2.50382
3.3797
0.72566
7.54984
0.954068
2.92507
0.556181
0.759038
0.341382
0.942578
0.886719
4.15075
0.174534
0.138818
5.28735
1.84994
0.404577
0.194645
3.03735
3.11098
2.0384
0.045892
2.10453
5.2539
0.58675
0.190362
1.1532
0.0754352
3.40743
0.857395
0.74637
2.09903
1.51672
1.74294
1.9975
3.94924
0.234757
0.494354
1.67749
1.42964
5.84444
2.20384
2.12522
0.886536
0.984587
0.654083
1.86264
0.374941
0.178481
2.34402
0.365567
0.398701
3.01379
0.405816
0.888355
1.19726
4.28099
0.670863
1.23956
3.11917
0.685191
0.9747
0.47989
0.62717
0.304192
0.429232
4.57434
0.197413
3.16997
8.06594
3.57291
0.588768
4.79112
0.318674
1.22644
0.244505
1.73705
0.902274
0.508412
3.03419
1.65771
4.87295
0.745662
3.24991
0.945885
3.12331
0.546055
1.13819
0.162427
0.61302
0.226953
0.641698
3.3537
0.0238152
0.0667349
4.01491
2.76306
1.67938
1.19236
4.9405
0.646311
3.19691
0.147686
0.108722
1.53738
2.94132
1.37736
8.56712
5.4651
0.926561
4.08131
0.670613
0.876955
2.15081
0.604655
0.283647
0.347639
0.489837
5.61033
0.5517
5.6039
0.692346
4.18084
2.232
1.67802
2.62095
1.72534
0.45669
7.14316
1.49018
0.247155
0.142085
0.672971
2.0475
1.29497
0.260312
1.93734
1.91286
0.502942
5.57514
1.32588
2.42672
0.0253811
1.94159
3.79801
0.906041
2.66233
3.4449
0.00760875
6.17136
5.51348
0.0349941
4.94306
0.221354
3.35189
1.8254
0.338438
2.02193
1.11555
1.55991
1.56433
1.87197
1.72631
2.148
0.973165
1.75319
0.667028
2.78013
8.32455
0.159848
2.74501
0.899535
0.285779
1.50051
1.0174
0.911498
2.63334
2.02234
4.05433
0.821239
4.78738
2.96122
0.780192
2.22348
1.35583
0.0689054
0.236419
1.6379
1.8735
3.42913
2.27505
0.231559
3.4915
0.81953
1.98825
6.1767
2.69944
0.787355
0.0127218
3.84329
0.2351
3.16136
1.00617
1.01818
2.36949
4.52483
0.911852
1.94162
3.56158
1.79109
0.216781
0.237793
8.23724
1.31176
3.73833
0.901719
1.0813
0.634381
2.59714
0.829186
0.599237
1.03677
3.50481
0.923542
3.48715
0.363032
1.01754
0.186675
1.41052
1.23358
0.15026
3.78781
0.601282
5.58063
4.45847
1.64043
3.24461
3.4793
2.11116
5.53391
2.35099
5.44283
7.14969
0.233383
0.32618
4.81984
0.338179
2.43374
0.974233
4.90323
1.73933
0.725155
1.26546
0.0836071
1.74681
0.702002
1.31842
1.79715
1.11178
4.26515
2.14881
0.456301
0.202837
5.50158
2.02124
1.72128
0.772773
5.46746
0.126763
5.81614
2.12966
0.139033
2.90287
2.1199
0.743304
1.69365
3.27386
4.04279
0.0341121
6.60369
0.851534
0.560346
0.940874
3.13506
0.083107
1.24005
2.58098
0.679322
0.887173
1.92218
2.06424
3.71573
0.26856
0.0732007
1.33392
3.86229
0.0192296
4.22211
0.770603
2.89034
0.105639
3.11465
0.827485
0.430462
0.988452
0.823688
2.577
5.14913
2.71463
0.535611
0.43855
6.13157
1.57084
2.29228
1.02299
2.5715
2.85093
0.230389
3.94312
1.08106
1.01901
0.70504
3.28235
1.46859
3.06326
2.73873
2.24867
0.127077
5.45058
0.469576
1.92657
0.930389
0.994395
1.28035
0.48158
0.897314
0.0156809
0.134124
0.183387
0.714843
0.944274
1.19367
4.41101
2.71718
0.492828
3.70632
0.923309
1.70965
2.87473
0.0708284
4.97089
7.49872
0.747849
1.32308
4.09999
0.535445
1.22847
0.932507
3.90826
1.75349
4.26311
0.975754
0.951883
0.460603
0.536667
4.05466
1.46084
4.11564
9.67363
0.551003
2.29756
1.523
0.832479
0.473109
0.101901
0.171049
0.533298
1.03397
1.12374
0.996209
2.31337
4.03637
0.752805
2.2252
0.127723
4.61888
0.58615
2.84116
2.58534
0.657837
0.653292
0.927268
2.66094
4.90167
0.232145
2.01143
4.63394
3.35728
0.719594
1.45172
0.174209
0.104353
0.515815
0.95821
0.585661
2.76688
0.943917
4.16259
3.13046
2.00474
0.29114
1.5892
3.31589
1.07543
1.16117
2.69381
0.80485
0.829612
0.1784
0.000682889
3.25663
9.03539
4.27794
1.91813
7.41655
6.66567
0.770032
0.141694
0.679282
1.94756
4.05231
2.23904
1.19552
2.2325
0.514429
3.39384
3.79087
5.1279
0.555712
0.807815
4.41241
2.07393
0.59557
0.310262
4.39692
0.581766
6.51541
3.21484
1.31916
3.06823
0.421718
1.24165
4.84251
2.90679
0.723244
1.92827
3.91908
0.439848
0.494282
2.30012
0.380912
2.01722
0.962516
1.64191
1.55802
4.12638
2.4895
0.354225
1.10409
2.22628
1.65308
1.93215
2.14786
0.46799
0.134916
0.0103213
0.829967
0.146022
0.108015
0.389937
3.97605
4.78624
0.474086
1.21562
1.44783
2.66321
0.300663
1.14485
1.45498
1.18049
0.605243
3.01272
0.192624
0.699302
1.94674
1.64596
3.62097
0.859131
7.64877
0.50665
0.00712196
3.05899
4.09301
1.57336
6.07822
3.23215
0.0123686
1.0866
1.05278
6.28576
3.91637
2.50745
1.90936
0.809916
0.396226
1.14751
1.64276
1.51933
0.936711
5.90782
1.52584
4.60158
1.23499
0.182089
0.923731
5.25261
5.06284
0.506925
0.718449
0.266323
0.770873
2.36501
3.16354
1.74545
3.71976
3.3026
0.382754
3.03013
0.915971
2.70789
1.59001
2.90046
2.94982
0.0614955
0.00217244
2.41335
2.03953
1.38859
0.649959
0.818045
0.120105
2.83461
9.35178
2.26469
2.04562
2.15925
0.343073
0.48213
4.30816
2.83385
3.22727
3.94929
0.449731
5.45621
1.90567
2.20878
0.576945
0.114494
1.51426
0.476581
0.861704
2.12522
0.259487
2.00439
0.866726
4.64517
2.15215
4.45713
0.995165
3.08893
0.299452
1.31888
5.15539
0.197469
0.371307
5.55598
1.98311
4.15318
2.66424
0.0333265
3.77739
5.9424
7.8734
0.0429688
1.15556
0.779646
1.12965
0.13912
0.0716258
6.02269
0.243795
0.969563
8.83599
0.806864
2.00086
5.85347
5.03658
2.26037
1.65226
3.4331
0.912167
6.27597
0.935011
0.951602
2.89003
0.735067
0.465763
4.7759
0.20602
1.87343
1.45986
0.868473
0.69915
0.809391
2.96699
0.242956
2.36764
1.5514
3.72613
2.18906
1.73227
1.10599
2.46284
0.297605
1.64504
0.44942
2.62351
3.36533
6.33612
0.239823
0.465452
2.48587
1.88468
1.08894
0.703485
1.01669
1.67207
1.22423
3.1525
0.0152819
6.58944
1.91317
0.583781
2.21275
0.519919
1.05233
0.560343
9.26895
2.64017
0.155843
2.17653
1.37351
0.64163
0.739445
0.126318
0.883085
0.507241
0.257835
1.90591
0.128435
8.04613
8.01151
1.94471
0.965694
0.410139
0.0887038
0.833169
0.818719
1.26912
0.108441
2.03333
1.20482
5.90096
1.11104
1.94684
2.01808
0.383
0.633077
2.50712
0.534107
0.159227
1.59767
1.39507
0.765118
1.86577
3.17697
0.411959
2.45217
0.739825
2.11537
2.73918
5.65407
0.0597229
1.38126
2.92051
1.12901
0.322364
0.280423
0.313113
0.992856
0.250171
0.668115
4.30738
2.83211
0.929559
2.16241
2.93879
0.374919
0.0936814
0.0815486
0.0109195
0.277661
1.4429
0.164564
4.48941
0.618749
3.88525
4.21508
0.183485
0.465537
1.39449
1.35681
1.06862
1.33214
0.868825
0.804423
3.49237
2.46319
1.92336
8.24569
0.663653
0.216046
0.179282
0.662639
3.32106
2.12558
2.69816
6.4975
5.17511
2.50731
3.25439
0.546076
2.68831
0.452962
0.0751263
3.50372
0.590702
0.739557
0.881307
7.32516
0.841387
1.74298
0.094874
7.12977
2.64436
2.13678
0.190563
2.67943
1.98096
2.59054
1.3256
1.41547
2.49662
1.03182
8.69091
2.56592
2.06617
3.09659
0.232443
0.105736
1.21065
0.302693
0.141063
3.31756
2.5133
2.33548
5.49216
0.707664
0.874201
3.65787
0.45608
1.4759
3.7698
0.152374
2.23368
3.64526
1.31639
0.392939
0.679013
0.32418
0.133569
3.55339
6.87906
0.461791
0.797149
0.162094
0.774323
0.871122
0.0592483
5.70854
2.41788
0.715535
0.619494
1.84278
0.709499
0.446859
0.229638
8.17781
0.0799516
1.1964
2.0649
4.62325
0.376332
0.649945
1.43591
3.9452
2.30066
1.17084
0.709315
2.37985
2.81535
1.08582
6.42935
0.807455
4.48093
5.36631
5.62727
0.399159
0.0828958
0.0390799
0.727353
1.92649
0.330381
1.77757
1.24452
0.181371
0.874065
0.403444
1.26862
1.47752
0.398404
0.393896
0.940798
0.0307079
0.882504
2.7917
4.35356
5.90241
0.0897723
2.13815
0.50959
1.88051
0.450409
0.514922
1.48989
0.790988
1.08999
2.39425
1.20928
0.104806
1.89364
4.12484
2.0217
2.21796
0.852121
1.62525
2.76186
2.76405
0.506834
1.90481
3.99508
1.06891
0.112908
0.574831
0.28082
0.0736867
0.672802
1.26182
0.692766
0.0774066
1.13188
1.57176
4.72799
3.20418
4.83796
0.231276
1.45411
0.149589
1.20232
2.43392
7.17666
0.23108
3.77509
1.12563
0.363891
0.392301
2.61354
0.664477
4.94299
4.42381
0.728861
0.281432
2.86038
3.33656
0.226291
2.47615
5.47021
2.64811
4.83327
0.849116
1.50268
1.00812
0.348871
1.25884
3.32217
1.55644
3.26794
4.20892
0.225389
2.03814
0.872551
0.31313
1.25858
1.14645
0.485195
0.784196
0.0810955
0.891169
1.26588
3.6432
2.02674
2.93822
0.639481
1.37784
1.83192
6.11633
0.97654
1.24556
0.0856475
1.52941
1.46197
1.45235
1.57105
0.0505843
0.957665
1.65501
1.26602
0.24248
0.607153
0.463334
0.773055
2.85897
0.611809
1.53485
3.1101
0.541341
0.917349
3.11677
0.118053
0.0333878
0.646012
0.391939
2.37008
0.0460817
0.190127
0.296764
6.47037
0.529699
1.98751
0.380536
1.86494
1.06275
1.13761
3.44869
0.211556
0.575774
0.194872
3.68179
0.00632043
0.324886
3.71018
8.63957
0.0465567
0.459217
2.16269
5.41525
1.45773
0.540101
10.7714
3.23624
2.36314
2.24595
0.477857
0.491667
0.523601
2.02312
6.85772
3.35835
0.278171
6.50759
1.50623
3.7747
2.38167
1.83962
0.34054
2.2513
1.30149
2.71961
0.300884
2.27164
1.84396
4.68657
0.850802
6.69699
5.3473
0.641319
0.820403
3.62163
0.188973
1.42073
4.31453
1.90347
1.53065
0.306358
1.4226
0.317562
1.15615
2.74251
0.399698
1.54772
0.468265
2.30569
0.0663545
2.13535
0.0545637
1.49871
0.848561
0.621874
2.37261
0.601005
2.2066
2.22399
2.29596
2.19609
0.707907
4.09193
1.96163
0.846155
3.66564
1.0733
0.523188
1.17514
0.907679
5.72513
0.0637288
0.609507
3.10928
1.19674
3.52445
0.974971
7.47559
2.1081
7.0201
2.9736
1.44302
2.84216
1.99297
1.2807
3.38006
0.632754
3.76641
2.26042
0.746177
1.49989
1.77447
3.9896
0.353001
3.97891
4.79113
3.84947
1.12633
0.495838
2.68425
0.829192
2.08445
1.22443
1.10869
2.48429
2.18923
0.0179833
3.22031
4.24093
1.2569
0.829356
0.0589941
4.0257
3.15976
8.29993
0.736154
8.31572
0.856582
5.51497
0.642902
2.15976
0.278399
2.9361
5.04732
0.0681119
1.9486
4.65937
1.04403
0.289
1.73317
0.60925
0.791934
1.06922
1.87124
2.05621
3.10662
0.0152993
4.34433
0.198637
0.808192
0.21185
1.88597
1.09487
0.321988
0.57145
1.60135
4.36112
4.12554
0.637016
2.72935
0.117431
0.446259
1.4609
0.721933
6.70037
1.73078
0.11488
1.47832
1.52864
2.32174
1.52773
5.14065
0.219605
1.63678
1.11636
3.54132
0.454759
0.0739229
1.06507
2.97421
0.958723
1.03084
0.869306
2.48707
2.87969
1.49365
0.828412
0.562866
2.23979
10.195
0.764189
0.808185
6.94461
2.05132
2.60434
5.03211
1.08324
2.02972
0.323266
1.85803
4.27653
0.248681
2.24429
0.604215
0.540212
2.12372
2.5174
0.109666
5.43054
1.26734
1.04827
5.19319
2.92502
1.34166
2.09855
0.915501
2.6276
0.308971
1.83263
2.016
4.40268
0.62726
0.373028
3.90745
3.51196
2.18113
1.1667
0.354537
3.4301
3.29009
1.31263
0.309188
0.229138
4.58132
0.681571
9.33047
0.498966
7.58934
0.340663
0.207696
1.32755
0.875379
2.56896
0.744089
0.561735
1.87734
0.9165
0.306646
0.984262
0.546767
0.812409
5.56267
0.0779877
0.654767
1.02203
7.58018
1.95058
2.01108
3.34047
1.17028
2.63374
3.66129
1.22413
0.369469
1.42452
0.785807
0.0997483
0.144199
1.46936
0.301733
0.103433
0.801856
0.577054
0.407457
1.44574
3.43122
1.61236
2.39007
8.98293
0.848742
8.69776
3.62454
2.99905
1.61285
0.612772
4.03151
0.765766
7.87413
0.527405
0.813638
1.786
0.0682886
1.66228
6.0908
2.87526
1.14078
0.0377545
2.11173
1.45181
3.56598
1.26093
0.848356
0.585245
3.1952
1.32201
0.489916
1.1537
1.02365
0.135984
3.12593
1.94717
1.95743
0.567368
2.14808
0.617277
1.58516
1.42057
0.268081
0.57555
0.376383
2.28397
1.94663
0.881368
0.0791967
0.140872
1.25733
3.09399
1.11264
0.0524601
4.4739
0.669834
0.848366
0.178959
0.958644
4.41655
1.44498
0.0641252
2.85779
0.18112
0.0911765
4.78917
0.780638
0.168386
4.64362
3.84835
3.74251
2.08424
0.535933
5.76053
1.4299
0.590466
4.61724
1.10807
1.1341
3.04094
0.182767
1.89175
0.4651
2.27904
1.28278
0.730252
0.23081
3.69527
5.75731
0.238546
0.635979
1.8031
0.812966
2.92521
0.702525
1.33063
0.690504
2.11445
0.320686
3.23002
1.10531
5.35329
0.831309
2.64026
3.73099
6.34404
3.74868
3.4578
0.953353
0.28903
2.83171
1.15444
2.55165
2.6773
5.83351
5.61502
2.96532
0.127263
3.47065
1.55974
7.20687
0.879007
2.02755
2.00197
1.35529
0.846716
1.69223
4.60663
1.26555
14.7881
3.20114
0.762189
1.38205
3.71581
6.9538
1.58298
0.0121908
3.09351
2.29583
4.11211
7.8733
2.11647
3.89122
0.829673
1.07533
1.24783
1.79215
1.09482
3.05475
0.687905
0.559387
2.48149
1.09095
1.12961
3.02415
0.79919
1.72986
0.0607991
1.19024
1.2519
0.920832
2.1703
3.18834
1.21542
4.88182
0.156381
1.29996
4.10211
1.64152
1.72234
1.25588
0.203385
1.24303
3.79179
3.62796
0.181764
0.708524
0.713313
1.36673
0.502269
3.83124
0.550884
1.53784
5.87609
0.318975
3.23968
4.43458
1.34441
1.23876
0.994355
0.0675415
0.336135
0.537941
4.25897
5.05393
2.57112
2.14335
0.120047
2.09297
0.067523
0.528104
0.429653
2.20987
0.267783
7.51386
0.73233
6.07968
0.232171
3.78124
1.83456
5.90586
0.840055
4.68969
1.47253
0.0677963
0.512067
0.505778
3.92154
1.61818
2.74703
0.974762
2.30153
3.0769
4.69465
0.757325
0.719306
2.42465
1.02666
3.18334
0.247846
6.13144
4.32884
3.62469
0.390645
1.08867
1.10125
0.14644
0.242185
0.37531
0.635584
1.41821
3.12444
2.12959
0.795288
3.06375
0.144382
6.46922
1.62399
5.0656
0.842941
1.58257
2.16846
3.2784
2.70564
3.84735
0.247953
2.26335
5.62969
0.836088
0.960547
10.3144
0.412561
0.361542
1.47215
1.91961
1.01755
2.65091
0.343719
0.49524
1.33311
2.06436
1.5849
1.05541
0.105111
0.762831
1.87476
2.11508
3.18847
1.71075
2.47652
0.195399
0.493816
0.8898
0.0379563
4.37575
0.308442
0.462072
2.82468
2.36502
0.985603
4.12014
0.518514
7.81824
3.6569
1.3208
2.30502
1.28848
2.11803
1.99796
2.87256
0.255041
6.74714
1.18056
2.99126
6.15574
3.72483
0.197164
0.384959
0.537289
0.281993
5.16709
6.47439
0.678612
0.750754
2.74081
1.28732
3.81567
1.71391
3.12568
4.97679
0.879682
0.0810644
1.1025
0.281379
0.820517
1.89191
1.95533
1.41404
1.37992
1.71117
0.634244
0.0319927
2.75994
5.10369
0.260487
2.98581
0.713993
0.028646
0.0123652
1.30159
7.45429
3.46256
0.0426215
1.15386
1.04021
1.0799
0.230905
4.86848
0.121781
3.20211
1.44944
0.38718
0.958553
2.99475
0.866076
2.70775
1.24026
0.646818
0.711369
5.28983
1.65326
0.79728
2.29015
0.599577
1.16815
4.12682
3.48969
0.189428
0.873723
0.239827
0.694843
0.964823
3.23687
0.0723283
2.52728
1.76398
1.39122
1.84516
0.197806
7.11746
2.43754
2.85961
4.77804
0.412268
0.559903
1.34053
1.68707
0.439206
1.2365
0.296537
2.80356
0.328603
3.91516
0.238313
0.52798
3.35042
1.67447
0.555221
1.748
0.252672
1.90723
1.16167
1.79961
0.571969
8.78321
0.903075
2.88547
0.31555
0.313756
3.81645
0.531028
7.3666
1.7977
1.38147
0.718033
0.106248
0.58885
0.996687
1.95047
2.41085
1.88151
0.160234
11.8503
2.02373
1.6184
0.737109
1.03628
2.63304
0.56316
2.38859
2.33852
0.794207
0.226806
0.146009
0.483337
3.5954
0.505775
3.48874
4.10859
3.52934
9.94946
0.212307
3.30556
0.196166
2.59002
0.77442
0.112323
2.82593
0.517881
2.39228
2.29993
2.70294
2.00199
0.197283
2.89633
0.545477
0.911223
0.238444
6.85
1.40047
0.355863
2.41094
1.71053
1.81174
2.57674
8.65473
1.83668
4.076
4.13685
2.94156
0.285375
3.17176
1.19389
1.24113
3.90253
3.71812
2.6979
0.70811
5.02213
1.51988
1.80068
2.91719
2.04735
2.21662
2.02093
2.66589
1.40948
0.86894
2.17246
0.0538223
0.782234
0.0492215
1.78817
0.23627
1.7476
0.33717
1.26061
2.72394
0.787421
2.48909
0.806115
6.75213
0.108148
0.501398
1.83931
0.540995
0.868727
3.80685
6.27957
1.38784
1.88867
2.94441
2.0578
0.56126
1.54161
7.81746
1.32124
0.202696
6.1347
2.04663
0.228108
0.823276
0.351945
1.19498
2.21069
0.220046
0.195384
0.767125
0.311663
4.05962
2.06687
12.8509
5.04861
4.68535
0.0175017
0.815019
1.30889
0.754374
0.304219
3.41938
1.2953
3.76412
2.88988
1.12921
4.11838
2.97382
0.485973
0.941918
1.46375
0.173535
2.18348
0.7837
0.691219
0.607189
0.248691
1.4702
0.889584
1.14985
2.4131
0.875598
0.425151
0.916171
1.27598
1.51575
2.10112
0.369339
1.03469
0.509397
5.43985
0.440246
1.35963
0.757633
4.90063
8.54046
0.685123
0.340983
0.371676
1.61227
3.18686
0.479437
2.20518
0.21913
3.96594
0.298491
0.512966
0.727213
5.34148
2.65996
1.93656
0.298362
1.41139
5.44485
0.557518
1.05498
4.41309
0.775018
0.230562
6.49513
0.264953
0.778541
2.63008
1.01459
0.271993
2.09235
3.42547
3.83989
4.68925
0.953552
0.455938
3.18327
0.865002
0.00378779
2.05324
1.21199
1.44165
1.16911
0.780746
0.638172
0.301278
1.12163
1.58531
0.737635
0.0746704
1.01408
9.04333
0.782058
5.36793
0.83913
1.72242
0.762529
1.50868
2.51938
0.0278446
6.10513
1.18316
4.045
2.04634
2.7046
3.36682
1.5509
5.14536
0.427236
0.799759
0.562592
1.5821
1.77569
0.329376
4.5259
0.998191
2.26128
8.39269
6.88483
0.602997
3.26166
3.53682
1.01346
3.42652
1.1203
4.61413
6.96713
0.216603
0.475495
1.72012
1.57322
2.41881
0.502129
0.148047
1.90022
3.46654
0.811127
1.44263
1.48621
3.37119
3.73455
2.41147
1.82171
0.115672
0.389102
0.846517
0.361568
5.27827
8.10447
2.24858
0.472244
0.870681
0.171852
0.297339
1.43898
1.1566
0.0283268
1.42668
10.6985
1.12069
0.24125
2.89981
2.52885
0.777605
6.27466
1.84191
0.0535166
2.50491
4.90096
1.02705
3.8762
2.03158
0.296796
2.75549
4.85805
0.655003
0.191826
2.56185
0.56094
1.7002
0.742025
0.00484153
2.00237
2.26428
0.0328798
2.63075
0.586189
0.0198464
1.37909
1.24067
0.441541
1.74271
3.57414
4.83396
1.85529
1.70427
4.43095
3.34154
0.10598
0.880509
1.23021
0.542775
0.176001
0.392692
3.01701
2.94604
6.80533
2.34469
3.97881
0.515548
1.88758
0.925619
2.94055
1.15004
2.42406
3.01681
1.248
0.0802891
2.39119
0.710004
0.245518
1.49737
1.61976
2.0878
0.311479
2.35601
0.388281
3.18985
1.29764
1.34752
0.106473
0.979728
0.548179
1.07385
0.196547
1.32755
5.63035
1.62115
2.98482
0.164694
0.530939
0.194622
1.8943
0.866951
0.75495
10.401
0.641688
1.31533
0.0613274
0.351679
1.08515
0.64586
0.778777
3.02021
5.11834
3.51877
5.25161
1.25788
2.60128
1.17047
0.254568
0.0711805
0.0585544
0.795936
1.17549
1.5097
1.89894
1.82383
0.24884
0.219045
0.962711
0.920055
0.068736
0.619064
0.192312
0.918842
10.5478
1.13744
0.404946
1.17166
4.8015
5.87736
1.07442
4.62878
2.38416
0.885704
2.1608
3.16743
0.891391
0.551731
1.80778
1.13282
0.884583
3.94287
0.174244
1.82059
0.92678
1.79881
1.83751
2.28154
7.78579
3.87953
0.685855
0.0718068
4.82452
11.3275
3.0508
0.438476
0.972009
2.36374
5.33379
3.6993
0.237927
1.01162
0.72444
2.13256
0.807639
1.54637
0.263216
2.43146
2.73025
0.231189
0.714579
0.445387
2.76985
1.55609
0.129756
4.23717
4.43562
1.98548
1.33897
1.20166
0.472678
1.31796
0.209006
3.36429
1.07805
6.3886
0.207702
0.913289
1.00855
0.445234
1.07827
0.306895
0.979674
6.17252
1.75391
1.66403
2.6753
0.4377
3.15119
3.19568
2.25793
1.04903
0.182566
0.30289
1.2821
2.54299
0.238995
1.09561
0.293845
1.00788
3.88696
2.2711
0.117953
1.81285
4.52713
0.919704
2.13971
2.24272
1.57439
0.909678
0.147481
2.30032
4.11447
0.104483
0.457934
0.232222
1.3451
1.04825
1.3406
4.70833
1.13026
1.06145
0.455721
0.140179
3.92615
1.01276
1.77636
0.601585
0.411137
7.58228
1.48443
0.0374969
0.741274
11.6911
0.240204
2.21553
3.14509
0.485803
2.46721
3.29417
1.05559
2.01587
0.817185
2.21529
0.151533
0.809617
0.469711
1.80848
0.42684
0.455514
1.03193
3.38238
1.58223
0.125262
1.73928
2.2527
0.703479
0.396703
7.92484
5.40418
1.19572
3.11156
0.220697
0.744268
0.271088
0.893877
2.46241
2.64851
1.18299
1.43296
0.142632
1.06913
3.45012
7.53587
3.94575
1.52428
2.87939
2.32816
0.705401
8.69368
0.14964
2.73183
3.23938
4.17258
0.867189
2.37871
5.18757
0.753309
2.80183
3.64916
3.89895
2.69081
0.087621
1.30925
2.06528
0.610189
0.536909
0.198584
1.12085
1.27119
0.00754468
1.07822
0.250473
1.61602
1.50719
1.37924
0.270525
0.370415
0.659488
0.529605
0.231716
3.37592
4.19104
1.86043
3.34071
1.50205
0.809898
3.0524
1.27215
1.8154
0.0869914
7.31557
0.443896
0.0631143
1.09366
0.389899
0.988303
2.5961
0.61711
1.85017
2.26067
0.884928
5.12229
5.05151
0.836495
0.116354
1.44052
3.18422
4.44562
1.30299
1.5299
3.59211
6.1969
0.031079
0.478333
11.1663
0.23882
7.67423
1.62923
2.70693
0.319542
1.44
1.26389
1.84024
5.55523
1.18624
0.878774
5.36187
0.454169
0.245071
2.57482
2.99668
1.28031
6.67394
4.78645
0.800717
0.118447
1.59998
1.18325
2.8029
1.10238
0.459975
7.25273
0.0632535
0.944835
1.26843
0.205754
2.9997
0.213539
0.720092
0.0890825
3.50603
1.1014
2.13356
2.59322
6.23131
0.555916
2.07572
4.21762
3.59999
1.77909
4.36895
8.14488
1.64412
3.23541
1.15155
0.0955433
2.75281
3.82748
1.55586
0.726577
0.639004
2.06115
3.64894
0.716159
0.442526
4.25845
2.99607
1.05892
1.42558
0.57464
0.943864
2.47491
0.693626
6.20046
1.06045
0.232902
2.16066
3.05002
0.626703
2.75816
0.758047
2.247
0.0630521
2.7956
5.03967
4.09116
0.443465
0.258853
2.32496
0.218464
1.29862
1.0139
1.30011
5.54148
1.45454
2.55018
2.35665
0.383235
4.11228
1.65455
2.41869
0.610123
6.49576
0.69772
2.72564
0.824736
0.976995
0.417792
13.3064
0.0581547
2.04398
0.883122
1.14965
1.15811
4.66929
0.0668302
0.976684
1.13433
4.16904
5.75132
6.51863
1.25238
1.81067
3.03431
0.249131
0.386071
0.830844
2.05355
0.165814
1.81212
2.72292
0.939645
0.854681
0.296212
5.34856
1.51793
3.38943
0.676195
0.731969
3.7317
1.26535
0.856407
1.0873
0.619214
1.71663
2.54209
0.66824
3.21001
0.350024
0.122088
0.297321
3.26952
0.329925
0.404289
0.272003
4.27258
2.37204
2.82458
0.839179
2.69498
5.22917
2.17434
1.49399
0.933142
4.61153
4.12579
1.02394
2.65002
0.994557
0.0812147
0.589448
5.47275
0.283031
0.970458
2.78079
1.84786
6.95535
1.56293
3.79218
0.241103
3.79443
2.26142
0.586876
3.71224
1.64289
2.34783
0.43782
0.744029
0.627845
3.94213
0.241325
1.54431
0.254456
1.80722
0.953116
1.03487
1.34772
0.779938
4.50577
6.9435
3.32251
1.76176
0.371197
2.87337
7.92484
6.27716
0.0534012
2.45999
7.01385
2.58743
0.9538
0.871561
6.60837
1.45934
0.922463
0.146668
1.39038
4.01376
2.42263
1.25016
3.66122
2.1881
1.29241
0.106925
0.330463
2.90629
0.425796
1.81502
2.93688
0.625133
4.23971
0.389565
0.678023
0.623022
1.07471
0.730585
0.957168
2.51912
3.11
5.85486
2.68246
1.91002
5.21611
2.16188
2.21042
0.839493
0.155396
3.60937
9.38639
0.748533
0.73302
2.0148
0.87231
0.441598
0.301909
4.79565
0.550919
1.39232
0.531625
0.196808
2.3127
0.177774
0.115661
3.0358
1.2708
0.119345
0.788119
2.54603
0.290012
5.09273
2.96769
1.86723
0.58734
1.07552
4.93637
4.23782
3.33885
0.998838
1.76068
0.0839265
1.06046
7.34979
0.198985
1.61541
2.15599
1.51825
2.24913
4.24619
0.812587
0.477127
1.07009
2.11643
0.776244
0.507026
6.09047
0.559183
5.28871
0.814994
0.850837
2.11306
0.000756747
0.875774
1.25397
1.00669
0.300709
0.395664
0.751679
2.65144
5.88593
1.44985
2.1246
0.966566
1.36513
0.610118
0.942526
1.65837
0.0510445
1.29563
0.181086
4.53648
0.648418
0.987319
1.6209
1.38432
0.266462
1.45029
1.45111
0.653663
0.490501
1.38654
1.38206
1.03086
0.798699
2.25566
1.2738
1.22044
1.04653
1.5289
1.55325
0.100853
8.2421
0.922571
4.52115
7.92358
2.34864
0.105899
1.58737
0.256102
3.6359
4.06434
4.5833
0.423495
0.0126941
4.9206
1.2385
6.56903
1.68914
6.05766
2.17274
2.78114
10.6204
4.04358
0.278562
2.50985
0.897796
2.28499
3.05366
1.09262
9.66235
1.30611
1.64808
2.18097
7.02734
0.323622
0.880439
1.26048
9.73028
1.2659
2.69191
0.300491
0.757958
0.503601
3.03374
0.0308123
2.44679
2.85964
0.637012
3.99871
2.20123
0.468473
0.0777947
2.33438
2.52355
1.42002
3.14934
1.11958
0.26858
1.83503
3.67617
0.619343
1.51454
3.29471
5.36562
0.0974831
0.277339
0.955399
4.83287
4.0694
1.20637
0.530616
5.48672
3.29842
0.206454
0.836374
1.4658
6.7798
1.093
1.1247
2.29771
0.209975
1.81765
2.90605
3.04795
1.49028
0.437246
1.34121
0.956498
0.216686
9.7821
5.95806
9.652
1.02843
1.82668
1.24767
1.46179
7.23908
0.838742
0.630697
0.483828
1.60034
1.40263
1.51183
4.66536
0.643811
0.200266
2.39666
6.22914
0.239666
0.174586
0.999355
0.81809
1.35153
1.03748
1.43302
0.145276
4.1227
9.88513
1.71757
4.76847
0.886546
0.620592
2.9218
5.95577
6.95556
0.0610902
1.40393
0.765409
5.46328
0.0628215
2.63802
1.09288
0.803159
0.968796
1.98318
1.53265
6.3173
0.381039
1.59725
1.03076
0.936149
2.38968
0.14181
0.0360691
0.379902
3.34125
9.16539
1.252
2.6602
2.74014
1.30551
0.624722
0.0916306
4.35779
0.52823
3.24777
6.01425
1.58532
0.353317
3.31531
0.333973
1.1554
3.79153
3.84775
7.32824
12.2729
1.42799
0.928736
0.16229
2.09869
0.127145
3.37104
0.767154
4.99512
0.821648
12.6042
0.245268
0.0572332
0.0218358
1.90868
4.52208
1.92929
0.501315
2.97706
3.48103
4.1959
0.815402
1.54546
1.33178
3.43044
0.466789
0.514177
0.759448
0.963906
0.636251
7.93531
0.0329605
1.97333
0.438078
1.56388
5.0028
2.98086
0.253839
0.300764
0.392103
2.27507
6.42782
0.487534
0.294005
0.529905
6.35349
1.37725
0.705893
1.84833
0.601512
2.17766
3.15583
2.1346
1.37552
0.355022
0.89274
0.238685
3.61513
0.380134
2.50529
2.18406
0.722781
4.25828
2.36466
2.26707
0.0662465
9.43645
0.134024
0.80345
2.10824
1.06256
2.76728
0.416539
0.649518
0.556708
10.7258
1.58686
3.95516
4.24096
0.52307
0.418144
1.30709
3.00814
1.3498
0.0134259
3.35568
0.225522
0.621903
1.62715
0.714864
2.65791
3.2501
0.248038
3.01604
0.396241
1.48924
1.98649
0.692777
0.185179
0.476193
1.20401
0.479437
6.97807
1.17547
0.939113
1.67792
0.241647
1.40049
1.85957
0.000637639
2.25835
1.18795
0.824869
0.493534
1.68542
0.408771
4.64474
0.499163
3.09067
1.45652
0.572612
1.13461
1.29172
4.60951
1.07691
0.571571
2.66665
0.708135
1.79321
2.65978
0.209389
2.62976
0.0686434
1.59856
0.686043
1.48217
2.28103
1.48331
1.92702
0.0520777
0.937081
4.32823
2.19947
1.59591
1.0457
1.43821
1.27645
0.261543
0.990802
2.46761
2.07174
3.85986
2.23135
0.214201
1.04946
1.3655
2.35547
1.66177
0.323884
3.04415
2.60523
0.853319
2.52006
0.598533
0.165932
0.792724
1.87142
0.618264
3.02144
1.56417
3.72983
1.41812
1.88986
1.83985
3.7565
2.34655
3.32521
7.48434
1.98777
4.89092
0.188261
2.912
1.6845
1.34928
0.766486
1.31593
2.63996
1.50077
0.51535
3.90596
6.4203
6.47162
2.48168
0.919116
2.23779
0.576623
1.2839
0.161772
0.105985
0.473567
2.04363
1.77623
0.665039
1.06919
0.672258
0.0980066
5.6978
2.48238
0.148005
1.7608
1.02546
0.791832
1.25028
0.963036
0.0145985
2.27058
0.11125
2.56943
0.973114
0.588192
2.18807
0.128324
2.49842
7.88231
0.915504
0.159073
3.99346
0.32839
0.0126741
0.258462
1.60035
1.03984
2.05333
1.37514
0.48447
1.03485
3.53111
2.56109
0.418615
0.246871
2.81067
1.8802
2.61855
0.764137
5.11076
0.750442
4.00238
0.178696
1.96075
1.33961
0.729363
0.0663846
1.11376
2.5401
0.349775
2.76762
2.43047
0.869915
1.22358
1.0791
0.220048
2.07138
1.63713
4.50841
1.14954
1.39764
0.879205
2.15803
0.637162
1.41278
1.78994
1.64784
1.63224
2.70872
0.688299
2.15131
1.82153
1.43138
1.1215
1.95928
1.31263
0.338475
0.339271
2.24159
0.417579
2.00762
1.16286
1.51203
0.389108
1.9166
5.44276
0.378127
0.44673
0.331537
0.378895
1.01604
0.0102825
2.65355
2.56307
0.894038
1.63786
2.21327
3.39531
1.2146
3.3201
2.08774
12.1863
0.709075
0.0941681
0.210408
0.319799
0.21804
0.602469
0.337243
5.33224
0.934711
0.930513
0.0162921
3.46763
1.71152
2.55737
1.44053
0.178299
1.07529
1.42232
0.924407
5.27853
4.8684
1.32524
0.516685
0.378764
3.53902
3.01458
6.48704
0.20275
5.62793
3.48888
0.470897
2.29522
2.26281
2.73659
0.0775988
2.72911
1.83124
0.846937
2.61424
2.52596
7.81381
2.33404
3.59112
2.60463
1.9021
0.944263
6.22139
0.0207721
1.25459
0.130535
2.08226
0.112363
0.984726
0.350706
6.02016
1.44147
1.51327
0.190311
9.24135
2.80068
2.05677
0.464653
3.15738
2.27742
1.20562
4.25232
0.493874
4.00724
0.344233
2.00559
0.301536
1.05272
5.21892
7.18079
0.233968
9.8155
1.3016
0.599649
1.88933
0.989284
0.110863
2.37983
0.812146
5.63494
0.620348
0.118465
2.56223
0.643743
0.221357
0.916588
3.86712
0.181389
0.0174816
0.340772
0.959267
1.22891
0.445924
6.05271
1.0575
0.591013
5.50035
3.05716
1.90934
2.42475
2.73115
1.03828
4.22658
0.119041
0.641568
0.469345
4.32083
3.50875
2.37286
0.0834748
4.05525
3.49664
0.646995
3.40379
0.799681
2.57735
4.43391
0.248538
2.29504
2.02628
0.309025
0.0181753
1.87377
0.871275
0.785564
1.47659
0.436253
0.296907
2.91654
0.14424
0.612378
0.0578637
5.74412
0.879157
4.50208
2.88891
0.953949
2.91812
0.416685
1.60225
6.96066
1.7476
0.0401271
0.734247
0.262018
0.750217
0.192908
1.47185
0.420996
0.484089
5.90262
4.18278
4.07955
5.3592
1.26872
2.25917
3.57438
0.688128
7.32994
2.80829
5.85208
0.835801
0.798825
12.4224
4.56784
1.75262
0.569108
0.592273
1.4015
0.176878
1.09873
0.307792
0.529804
0.89771
5.6624
1.20283
1.05842
2.65234
0.339242
0.773191
0.0287673
0.794641
5.98409
5.58312
4.54924
0.625588
3.40323
2.32912
0.362867
2.90346
0.752183
1.06355
0.161863
1.16247
1.76713
2.44089
0.672719
3.71268
0.166581
0.633304
1.82037
1.37184
1.94417
1.66295
0.307683
0.541451
5.34213
0.585895
1.74182
0.325238
1.18405
1.46418
1.64117
7.83676
0.36065
3.15386
3.50912
0.700361
2.58616
0.172523
5.01442
6.99836
0.241654
0.517701
1.16718
0.695532
0.406401
1.02642
1.60694
0.816763
0.908014
0.63136
0.0691555
2.00865
0.774731
12.1552
2.09604
1.34925
3.03972
1.30819
0.419502
1.90046
0.275004
0.0149214
1.25024
0.422359
0.34675
2.0281
0.826318
4.02234
0.467168
3.01005
0.472477
0.913612
3.2149
1.00203
1.22405
0.141941
1.36457
1.3106
8.46973
0.313688
1.02301
2.1422
0.169701
1.58871
2.02257
2.66964
5.8973
1.92687
0.396789
0.628386
5.26966
0.149214
0.0661641
1.9275
2.57722
0.528785
0.235989
4.29242
1.90306
4.015
1.7895
0.956476
1.45239
2.98551
0.744443
2.13599
0.0967221
1.90318
1.52721
4.50044
0.143858
0.937553
0.360626
1.85268
3.11877
0.304713
4.21465
9.81338
1.57043
6.22755
1.65617
2.95458
0.00280801
0.115941
0.529802
0.208302
0.157202
0.616211
0.404239
0.133573
6.98241
1.16117
1.4404
2.87965
0.954821
0.586035
5.1487
0.367173
0.151595
2.36017
1.5359
1.73518
1.01339
0.0878786
1.82448
0.853045
0.869806
2.0067
1.48037
2.52397
0.570093
0.0586167
1.84972
3.55105
0.246779
2.15118
2.74708
4.4386
3.22713
0.827908
3.9783
2.74433
1.73129
4.76293
2.06108
1.93643
0.186412
3.08529
2.89559
2.70139
0.10193
1.66531
0.666928
0.233527
0.10039
2.24607
0.130854
1.39631
2.97479
1.16851
4.07751
1.9793
3.18187
1.24619
7.3668
0.0838634
1.67333
1.19982
4.88927
0.832721
1.93406
4.5105
0.169261
0.419039
0.250968
1.17622
0.405846
0.154854
1.11157
1.12108
0.58239
6.62576
1.5007
0.452783
0.72964
1.25715
1.59654
0.323458
0.509058
2.23073
0.828592
1.04421
3.37803
2.40348
2.63079
1.91054
1.78854
0.420167
2.27522
1.25126
1.56554
0.18767
4.55385
1.63444
7.61024
0.53898
2.1165
1.45038
2.83858
1.88659
2.46758
0.441673
1.54685
1.21474
0.360323
1.88778
0.466191
1.97703
7.53406
3.49268
0.441766
4.81227
0.53478
0.449557
3.76681
0.20936
1.5776
6.1991
1.75426
2.38765
1.63084
0.644287
0.477565
4.53803
0.842727
1.13403
1.82645
0.571082
2.14863
1.65526
3.35568
0.655003
2.05504
0.714384
2.81581
0.745394
1.8327
0.395319
1.48922
0.806969
1.82306
3.92454
7.75226
3.82575
1.23889
2.42103
0.517319
3.40966
2.19735
3.32932
1.59416
5.91636
0.078509
0.436111
0.620386
7.97215
0.527752
1.0117
0.120043
3.09091
5.4043
0.811298
5.38795
2.90055
0.400551
0.77208
0.272434
1.22578
3.79465
7.26119
0.631097
0.467719
0.803458
0.478755
3.07701
0.528892
1.88616
0.247413
1.33616
1.93405
0.709022
1.04011
0.0890455
2.18034
4.29211
3.1729
0.358059
10.7723
1.08108
1.77112
1.10271
0.425214
2.16404
0.887464
5.21774
1.62561
0.186009
2.80639
1.31092
1.42155
2.8703
2.54484
0.812315
1.34887
0.253569
0.71266
1.84295
0.647048
0.273965
2.08765
5.23005
0.114061
1.92711
0.122211
3.01725
0.0678388
1.60608
0.28293
1.71424
1.43167
0.714876
4.56085
0.0612154
1.15577
0.62739
1.36001
2.59062
0.82052
2.12424
5.52107
1.37903
1.96018
4.49941
0.736769
2.00019
2.25904
5.20904
0.614254
0.224186
0.489767
0.12546
0.109489
2.4326
1.42373
0.522874
0.103351
2.08018
0.015573
0.827608
0.477819
2.68924
0.908126
0.221229
0.444664
1.69533
1.2206
0.0533342
1.40054
2.47517
1.32459
1.5617
1.18038
0.708822
4.2944
0.674203
0.989069
0.35096
8.15558
3.39614
0.201424
1.09631
0.377341
0.979099
0.403966
1.86898
0.938042
2.26269
1.41072
0.94627
5.3003
3.50155
2.85723
0.460556
0.723706
0.103276
0.0377933
1.69438
0.670369
0.54874
0.0323463
1.56833
0.576715
0.0633659
1.31983
1.49427
4.47911
0.47114
4.65581
0.622584
0.602173
1.14334
0.205087
1.36406
1.33143
1.3616
1.14066
5.51509
6.23243
1.35121
2.6994
0.966008
0.0662111
0.77251
1.91102
1.27029
10.6697
1.48995
0.729439
2.53121
2.76084
1.6766
0.895748
0.366147
5.0663
0.28654
5.71743
3.42723
7.2328
6.01801
0.573488
1.62879
6.80719
2.82763
4.82058
2.1441
5.50013
4.63639
1.98077
0.995402
2.77132
0.0476392
0.762546
2.70306
1.28325
1.86766
0.445164
1.35294
10.4258
2.45502
2.37551
1.23647
0.838125
1.20023
5.80361
0.164115
3.85845
0.899536
5.25035
0.247559
0.249842
6.35797
0.152576
2.72107
0.0301541
0.117022
0.629939
0.532326
4.08257
1.40192
3.86398
1.78441
0.678017
2.41391
0.0430577
0.443362
0.358643
4.28143
0.656481
0.0949756
0.109253
1.64578
2.74135
1.45603
0.964364
6.54999
1.06549
3.10233
1.16749
2.99359
1.55227
5.59337
0.371298
4.01933
1.82253
0.000285222
1.42409
2.56412
1.2036
3.46001
1.71485
3.32558
3.09695
3.1971
1.18468
2.82161
2.94803
0.445722
0.767468
0.7517
2.48384
0.0842859
0.392771
0.63975
5.47003
3.0315
1.98809
4.42468
1.19351
2.58643
11.904
4.11857
6.00212
5.41143
0.391441
2.35992
0.15379
1.13176
5.44293
2.0475
0.715537
1.8733
1.96798
0.625956
2.51649
2.05488
1.06017
3.95656
5.33879
0.388042
0.0120089
1.93396
1.57439
0.919808
11.0679
3.2119
2.02013
0.505736
0.917293
0.0275255
1.56195
2.06732
0.617182
0.958311
7.16595
0.0208237
3.73882
1.91544
2.09412
0.187629
0.324555
0.169817
0.15904
2.30953
0.291953
0.553736
0.462563
3.42664
0.0499535
2.19108
1.60906
1.98545
0.909725
3.48082
6.74859
1.04795
1.70955
1.1501
4.1306
0.549662
0.343204
0.387204
0.104808
6.87788
1.42795
6.79681
2.03136
3.69211
2.50123
1.33675
0.813026
2.29126
0.163196
1.07185
1.13492
2.6331
2.83124
1.76224
1.91322
4.93766
3.04849
1.34456
3.36298
1.81559
1.11668
0.751425
3.76389
1.60805
0.272614
0.95818
5.87168
0.524695
2.52803
3.30438
0.625139
0.130346
3.09737
5.53183
2.47082
0.298713
0.169841
0.995294
1.72077
3.91046
0.166929
5.14882
3.11309
3.01356
0.392418
1.34461
0.435546
0.543363
2.35124
1.20908
3.4154
2.48413
3.0235
1.09554
0.669492
6.38492
0.449309
0.260836
0.652665
0.289382
0.612429
2.97151
1.82918
2.41966
0.825375
1.60458
1.41903
2.80305
0.863968
0.89393
0.602519
6.93052
0.714031
4.23326
1.27481
0.760421
3.66707
1.74919
2.67761
6.32917
6.19004
0.163672
0.624018
0.569383
0.686574
0.592552
2.51906
1.4383
4.43943
2.04348
5.91349
0.638304
1.32028
0.759059
2.27672
4.18891
4.6337
7.7781
2.22923
2.04293
1.64546
0.360549
0.992531
4.94319
1.87498
0.449026
0.467247
1.7967
4.66588
0.772397
3.52611
1.96471
0.43732
1.69052
2.06043
3.61073
2.0136
3.57998
1.32612
0.840692
7.50249
0.363563
0.668135
0.924215
5.40048
0.134172
3.82976
1.07254
0.0477687
0.73707
4.23303
0.395577
7.05948
1.92246
0.235308
3.50494
1.39364
10.5559
2.42174
0.937739
0.224196
2.62434
0.326826
0.996281
2.43622
0.688059
0.172405
1.10993
0.73187
1.11964
4.50997
2.05616
9.39407
0.98856
2.45967
1.71452
5.57517
0.352361
1.13973
0.297966
2.06381
6.67406
2.70807
0.854111
0.827486
4.41645
1.43906
4.3136
0.135264
0.579633
0.583266
2.69007
1.06575
1.06701
3.84218
1.80421
0.6431
3.62491
5.49332
2.1402
3.14504
2.20426
0.697128
1.54894
5.4524
2.33647
2.2013
2.02924
3.62364
0.951379
0.960659
0.0155554
2.25374
0.0551948
2.41528
0.959053
5.54611
3.02787
2.08756
6.8223
2.6705
0.0488964
0.13936
0.384578
1.64919
0.515383
0.00273151
0.67515
4.71733
7.69053
4.68319
0.130033
2.94372
0.643911
3.59797
0.0543961
0.209153
0.136699
0.84546
1.38435
2.59161
0.598225
0.65059
1.32696
4.74106
0.756853
0.679305
0.234172
5.81964
3.11769
5.19501
0.130357
1.63311
0.555624
3.12612
5.98882
1.43728
1.89955
0.534612
0.104371
6.53185
3.24966
2.34826
0.761436
0.347646
0.88588
0.0464875
0.828526
3.09463
0.522404
2.58799
3.58335
1.73322
0.647666
0.180438
2.80363
0.887035
0.209081
6.2893
1.64842
1.42751
0.967094
0.0365962
1.47312
1.36623
0.348571
1.6531
0.324035
2.93409
1.34355
0.86066
0.643426
3.98572
0.367914
0.327859
0.859153
0.508043
3.45976
6.25736
0.611086
5.20856
0.0467198
5.46851
1.30496
0.559139
1.71196
1.85723
2.07022
0.601912
0.112521
1.12857
0.375578
4.69482
0.0258963
6.92345
3.2474
0.772175
4.26318
2.42253
1.24022
1.8151
0.418415
1.85911
3.99225
0.576188
2.73793
1.42184
0.337391
0.207282
0.696366
3.95854
4.74341
0.725267
0.947419
0.314564
0.740128
0.251731
10.9421
2.05794
0.203996
1.09094
0.55799
3.71239
0.543048
2.25956
1.35553
4.88676
3.06008
1.1378
1.28719
0.303457
6.77485
1.11516
0.489135
0.544004
1.30136
0.88015
3.21201
1.24639
0.368496
4.2852
2.93093
0.830821
1.81314
0.710247
1.56744
1.50301
0.10111
8.43342
1.82037
1.60185
0.563826
0.219821
2.44249
1.32354
3.29263
2.92175
1.45894
3.53545
1.1931
2.55274
0.429472
0.182909
0.228139
2.05278
3.03328
2.59276
0.00219635
0.176474
1.37728
4.00584
1.35512
2.29373
0.0930211
5.13366
9.63236
1.90421
0.0561215
1.80243
2.6873
2.3101
1.47939
14.2558
0.920777
0.499087
3.72129
0.718931
0.682446
0.0206501
0.606014
1.72808
0.784884
0.320717
2.80078
4.47467
0.999987
0.943553
1.84651
3.88628
6.36174
0.0513164
0.287362
0.871621
1.54079
1.8805
0.3232
1.52462
0.513789
6.63615
1.42821
2.33223
6.09405
2.06914
3.16176
2.05658
4.4546
2.36032
4.36524
0.0945589
3.27134
0.426587
9.29328
1.03166
0.76349
0.592527
1.72174
0.0435636
0.991344
0.228974
0.38988
0.00191983
0.382044
0.161657
1.96675
2.28679
1.21238
0.93886
0.367052
0.564869
2.97355
1.58563
1.61773
2.45407
3.73488
0.331945
0.665354
2.12498
0.300477
2.28762
1.04695
1.9831
0.573314
0.325483
2.87101
3.93334
0.412768
0.0677642
1.29076
1.58233
1.22724
3.61904
0.330671
1.18677
1.17943
3.41362
4.7013
0.165159
1.18742
2.76725
2.24715
2.29236
2.62341
0.770886
0.184612
0.153206
1.01453
1.07393
0.950315
0.340004
1.31029
1.8472
1.3172
0.837265
1.07543
0.452563
0.72969
1.57879
6.55062
1.46781
2.37788
0.0938729
2.32653
2.17527
6.29671
0.402007
0.636371
0.786667
0.0872788
0.362435
0.90015
4.15577
0.849279
0.583974
0.763759
0.305923
1.62089
7.04735
1.43626
0.230236
1.76169
3.6368
0.252412
1.09844
0.425768
0.00245444
2.49947
0.512775
6.43439
2.78429
1.46274
1.59037
1.60796
5.00493
12.0577
1.13398
2.97869
0.897215
3.04273
0.763895
0.235162
0.410229
0.955909
2.87931
5.37403
3.71454
0.629861
4.50216
1.23691
0.68979
1.89727
3.02089
1.49785
1.09764
1.44846
3.88887
0.281455
1.28937
2.13745
1.02959
1.67262
5.25428
3.5066
0.743067
0.895285
1.93593
3.80115
0.503486
1.0555
0.83644
0.578607
3.08066
1.59298
0.0394891
0.45455
3.20146
0.170911
1.90761
2.8803
0.456783
0.272823
0.543685
11.1094
1.26317
1.28547
0.0737851
0.847868
0.713477
2.47651
2.97953
0.530747
2.80896
1.51116
0.456069
0.532814
0.185082
0.831823
4.04809
1.54417
3.97022
1.41761
1.22755
2.41333
4.6922
1.82584
1.35892
0.36924
3.89467
4.26348
2.44576
0.0920602
1.33107
2.40937
5.83037
0.890644
0.34453
0.508463
0.0504591
1.77169
5.07211
1.76042
4.14739
8.31994
0.920167
3.95595
1.90986
0.854375
0.00414805
4.16792
0.568269
0.392462
3.44934
0.260551
3.51472
1.80272
2.46577
1.72569
2.9588
1.65072
1.97857
3.6043
0.112101
4.54564
1.60855
0.617064
0.735816
1.52328
0.37151
2.22932
0.641246
0.319384
1.3635
0.31766
2.11077
2.02268
0.0568391
2.85609
6.22058
2.86272
0.199211
8.72655
3.30996
2.37914
2.83257
0.928327
2.89797
2.1378
2.30638
1.15964
0.583903
8.15604
1.14901
4.67983
4.93668
4.67495
0.46318
0.759493
0.607187
3.69286
1.17649
4.29352
0.0563624
0.152642
3.02856
4.49059
0.45129
1.66175
0.407024
2.38467
2.50716
0.0606196
0.423832
1.11565
0.179287
5.32954
2.05718
0.979084
0.217616
0.269642
1.04705
3.93906
2.50926
2.01963
0.562913
0.450559
1.42005
0.773623
2.2798
6.12827
1.64036
5.42723
2.10708
1.22491
0.893102
4.08641
0.527796
2.44354
0.770626
0.224909
0.582943
8.24452
0.022527
2.64497
0.878583
2.90198
2.15266
1.70212
4.68609
2.17667
0.0170999
2.83254
2.11493
4.64839
6.47138
0.240607
4.07586
8.4547
1.73036
2.733
1.22744
1.39119
0.145468
2.05555
3.12417
1.07525
1.85323
1.82713
2.6163
0.0861371
0.426284
1.58152
1.37493
0.0694159
7.13053
0.0675922
4.80837
0.228318
1.94416
9.27192
1.17803
0.217948
2.76525
1.62623
3.71197
2.64759
0.355786
10.7647
3.41699
3.52462
1.02457
0.496529
0.329056
0.984345
6.26141
1.56829
1.88416
3.16499
1.17852
1.13647
0.0794209
5.11875
0.606996
2.34556
0.407955
3.9159
2.23239
0.777566
0.45736
6.35958
0.877875
1.92142
0.455694
6.35542
0.133927
1.38129
0.0185349
0.37504
2.90235
0.784903
3.51833
2.34159
0.112763
2.49542
0.0317544
1.67892
0.115436
2.24086
1.80859
3.09541
0.174052
0.854742
3.1346
0.13819
6.44604
0.208366
1.9204
4.21455
1.52426
0.444491
1.9193
0.321511
1.10639
3.00912
0.23516
3.30613
5.21211
1.32304
1.54923
0.185538
1.25341
3.0936
0.723928
2.3829
0.882951
2.47546
0.960399
0.358745
0.776792
0.879672
3.18823
2.08889
4.24153
1.49173
0.426286
7.34407
2.76744
0.930156
3.43082
0.716296
8.30155
2.31327
3.60921
1.62653
0.712774
2.88604
2.55147
0.701883
0.971796
0.422493
0.0610794
0.00735823
2.51368
0.563776
0.796329
2.49737
0.157576
0.801807
4.56165
1.62376
6.20946
0.959317
4.16947
1.3327
0.650471
5.36347
2.5464
5.76534
1.69368
2.30073
0.741347
2.46172
1.48619
0.398548
0.457671
1.31004
1.9025
0.918172
0.358227
1.00103
3.13082
0.771192
1.4501
0.74381
2.3848
0.395297
4.06295
2.26367
0.729687
4.56229
4.76539
0.0577237
0.920999
2.68582
0.199095
0.341268
2.10906
2.0418
3.91937
0.646283
3.76851
0.640481
0.0536092
4.59574
3.80311
2.14282
1.31462
1.43669
0.236835
1.33803
0.302738
1.22043
0.476801
2.63736
8.3331
1.25586
1.64321
1.74406
0.230885
1.06096
0.535159
5.78674
1.42184
0.464585
1.33899
0.65224
2.44507
3.59373
4.99901
2.05408
0.366915
3.33862
3.56813
3.30518
4.74534
11.2356
2.46508
0.587867
1.44838
5.4366
0.293538
0.719963
2.17611
0.402337
13.0234
2.16957
3.45583
3.0953
1.44719
0.550397
1.6435
2.36042
3.25189
2.78408
0.647302
2.05159
2.80303
1.06353
0.773729
0.400751
2.09387
1.00037
0.439476
0.959893
3.12974
1.02962
0.181456
0.0512358
1.13774
1.89231
2.709
0.160716
2.04133
2.87477
5.72199
3.03238
1.64465
2.50007
0.268126
1.49551
0.227702
2.52367
0.235463
0.266004
2.36737
1.65611
0.5495
0.55703
4.86892
0.246594
1.03041
2.44271
0.863519
2.9714
1.29196
2.19835
2.89613
1.09033
2.39279
8.67073
5.41628
1.46831
0.709468
1.84889
0.440629
2.12804
0.251201
8.17829
2.24446
1.08858
5.86476
2.02207
0.328675
0.479748
1.57393
3.191
2.98529
0.0834025
1.17361
0.326307
1.39474
0.600567
1.18662
0.18264
1.76697
0.80112
0.419257
1.22504
1.53469
2.00428
2.34023
3.54443
3.0537
2.17549
2.86231
2.20963
1.85797
0.238812
0.20581
1.54318
0.302659
1.26264
2.31496
0.38906
1.03605
1.30011
1.27236
2.30165
0.263073
0.439374
2.27772
2.40767
2.86644
0.0504568
0.229423
6.92316
0.505707
0.322126
2.21665
2.70797
2.71914
1.08796
1.23806
1.2632
1.87186
0.0168338
7.26622
0.945002
2.55499
1.80386
0.870752
3.14215
4.66371
2.86889
7.03634
0.374668
0.768239
3.61494
0.372947
0.619671
0.262542
0.725461
2.74904
6.13212
0.227563
1.69464
2.6963
0.926438
0.541922
0.705602
1.15214
0.0178212
1.85877
0.460079
4.35216
3.62266
0.302249
0.360018
2.89146
0.670321
1.11472
4.14102
0.208662
0.636532
0.839905
1.55686
1.70418
2.13728
0.0364045
3.98987
0.943904
0.833798
3.53671
0.570466
2.51816
0.986221
0.477974
0.923766
2.37264
5.72986
0.332477
1.38497
0.779339
2.42903
0.125492
4.77332
0.5382
2.05563
0.506512
1.74673
3.33813
3.05196
2.40786
3.08999
4.08963
3.25445
0.272874
2.60929
0.392951
0.470486
2.87253
2.66023
1.25737
1.8593
2.20834
2.22054
4.61703
1.61541
0.396646
0.611112
3.84321
0.881317
0.880568
3.17842
1.35567
3.95349
3.36488
3.93984
0.587302
0.907209
0.775157
0.450307
4.6311
0.449495
0.464554
1.28721
1.18809
1.7086
0.383164
2.4664
3.02931
3.74877
0.398288
1.85982
1.57082
0.21772
0.61105
2.08397
1.47464
0.362077
2.69746
0.602285
1.95687
0.269924
5.30101
8.42386
1.68419
1.21541
3.95245
0.342526
1.32688
1.50715
0.509499
1.61834
1.41159
0.7903
2.77543
0.807253
2.02888
3.25868
0.91311
1.15311
6.27873
0.469286
1.10226
0.373201
0.159087
2.82481
0.023709
7.10412
1.04123
2.37067
0.418154
1.14383
1.02841
0.863806
0.318179
0.0867763
1.89887
0.10626
0.796397
0.432654
2.42567
1.42243
2.93193
0.561804
1.69909
0.730144
8.76639
0.684026
1.04266
0.882483
0.826935
3.51427
1.43622
0.586353
0.488179
2.06735
1.13267
2.2885
1.92961
1.74308
0.214437
0.0395674
3.12103
0.121689
2.45765
2.31222
3.05299
5.50505
4.15975
2.97238
3.17743
1.65234
0.887414
0.84667
6.52763
1.60506
2.85883
8.77317
0.936235
3.16444
3.4828
0.703541
0.636525
5.10824
2.53353
3.79298
1.87651
1.57387
0.249186
0.371041
2.60166
2.18926
0.295881
2.75891
0.78545
4.29654
1.12266
2.68834
0.437988
1.2281
0.647255
2.38107
0.644078
1.55551
1.48187
0.38751
4.13431
0.562964
0.45282
0.13622
1.66799
0.372709
0.0446716
1.08389
0.747468
0.984695
1.5547
1.13893
1.04069
1.73144
3.3064
1.65918
1.52066
5.71531
3.70943
1.69414
0.673929
1.13966
2.42528
0.256865
2.08291
0.175106
2.84192
2.85857
5.84338
0.314412
2.54707
0.24451
5.59848
4.52843
1.06669
4.10492
3.92635
0.073903
8.49071
0.273544
1.27464
1.21234
0.309442
3.58462
2.32601
1.1474
3.14563
0.969085
0.0121349
3.41156
0.769724
3.02882
0.948645
0.12107
4.37302
1.60196
1.63779
0.338987
1.98275
1.82964
1.04055
2.06926
0.62641
0.453518
0.0114381
1.96845
1.33755
0.174698
4.18954
2.51452
2.12901
0.0691217
1.2203
0.119959
2.2451
1.5502
1.77974
0.710754
0.598716
0.977079
0.299971
1.27726
0.452076
2.53696
0.489115
0.210902
3.44327
1.48845
0.747
1.57859
1.59407
1.22124
0.246161
1.52936
3.43348
0.692457
0.228659
0.989546
1.9041
2.20173
1.08714
2.9284
1.45344
0.847789
0.642913
0.479008
4.39192
0.817669
5.69573
4.02108
0.546187
3.3952
5.91599
1.29164
0.500057
0.26278
0.590872
1.52425
0.0634848
0.0251299
4.91075
0.831664
1.02039
0.209287
3.30831
1.69046
0.567473
0.159942
0.244521
0.610064
1.74397
3.17804
0.836465
1.18888
0.638969
0.980053
0.0410712
3.65312
2.66954
5.47725
0.735318
2.5597
1.90966
13.1621
4.99165
0.471791
0.483385
0.949686
1.87824
2.88617
3.16746
2.49567
0.395592
0.594335
0.560035
1.84338
0.438031
2.61057
0.413892
1.33625
0.519018
3.61238
0.861045
1.18976
2.78781
0.109779
0.998017
2.03098
0.270929
1.61386
3.46814
0.804512
1.23161
7.99165
1.29527
2.69081
0.252347
0.114818
1.3283
1.66172
0.647675
7.25587
1.17096
3.05016
0.525673
0.38605
1.88562
2.21914
0.161459
0.584127
0.0377942
3.50875
0.668531
1.27215
0.229158
0.886563
0.0235177
1.02961
0.276694
2.21637
0.536117
2.50235
1.12582
1.26345
0.993712
2.39254
0.440357
10.5813
0.820944
3.32918
3.41118
2.09597
0.787381
2.51232
1.17096
0.841114
0.541982
2.34875
0.446494
0.88272
0.517242
1.41991
1.2548
3.0854
8.9794
2.31742
0.271229
3.17291
3.70476
0.735135
4.10624
2.00551
1.0327
2.52852
3.41942
5.94038
0.502205
2.78134
0.0106764
0.171777
0.575807
1.0565
1.89436
4.21594
0.38634
0.628061
3.24498
0.0102896
2.87309
7.36888
3.08582
0.0268289
1.16548
0.0995411
3.24025
0.394674
1.90508
0.349138
3.36413
5.32917
1.52669
0.671323
7.31486
2.86729
0.252772
4.65873
0.100684
2.83442
0.447781
2.88541
0.823305
1.7449
1.77628
0.547381
0.298036
1.34149
1.52819
7.68756
0.764934
1.92422
1.74776
0.521126
0.391296
2.07443
5.79294
3.37858
2.16376
0.0107315
0.233274
1.42584
5.80422
1.57962
0.0836766
0.444619
0.450788
1.13511
2.31347
3.71566
0.430947
1.21129
4.29574
0.316311
2.35827
1.02595
2.11149
1.51254
1.9029
0.912088
0.133648
0.976996
0.0864936
0.801829
0.706418
0.259672
5.49018
0.331147
0.606484
0.623726
0.68127
1.94643
2.5505
1.02506
10.7912
0.27717
2.66604
4.17929
2.29883
1.74036
0.431309
1.51336
3.61727
0.736739
0.407134
2.1263
0.63147
5.49522
1.37369
1.29369
2.1519
1.5011
1.80594
2.70607
0.810916
0.505457
1.92137
0.546288
1.21997
0.667079
1.92724
1.37831
5.5461
1.98228
4.7685
2.55765
0.758648
1.06162
1.09726
4.19504
0.982521
5.44317
0.26894
2.16331
0.0441036
1.22239
2.93631
2.44936
0.295682
6.90376
0.0654257
0.178315
0.961093
0.334175
3.91399
0.335496
0.679819
0.905404
1.03519
1.50055
0.0400808
0.305514
5.11542
0.866007
4.01094
3.93562
0.749058
2.32175
0.363331
5.66726
2.0242
1.67493
0.284571
3.59883
3.55302
2.32666
2.92464
0.118425
2.75505
0.896822
0.564393
1.14343
5.60984
0.666044
2.17765
3.44536
0.635019
0.612904
1.99856
2.55791
1.63506
0.0696499
2.09658
0.441001
3.31953
0.888572
3.6992
4.48868
6.49639
0.652724
3.77204
2.68635
1.49678
1.45392
0.960697
3.03582
4.55125
1.73014
2.47034
0.146942
1.61444
0.704265
0.29569
0.858344
0.0147656
0.28195
0.859485
0.509214
4.23357
2.80065
1.97343
0.881251
0.915743
2.41784
7.19505
0.911715
1.92657
0.00296657
0.246716
1.02653
3.38582
0.370819
2.12372
4.81851
2.41564
13.4758
2.30501
1.02599
4.85682
1.96623
1.26144
9.87122
0.833232
2.86973
6.13245
5.74659
2.34559
6.00416
4.27068
0.043441
0.037563
1.75141
1.17347
3.10183
0.334171
2.42452
2.98254
2.83684
2.32319
0.922152
2.81264
3.22576
0.211716
1.15543
0.205113
1.31771
2.6853
1.41373
0.57646
4.4441
2.2941
1.66069
2.25517
2.67468
1.90736
0.811098
3.04766
0.601311
0.870207
0.229386
3.32397
0.988412
0.788709
2.83621
0.464791
0.838227
1.61275
0.241674
2.29313
11.073
3.55349
2.11042
0.90761
5.19801
1.5243
0.67065
1.53378
1.68632
1.67889
1.36644
2.93532
1.04448
1.10302
1.26964
2.00154
2.63548
3.92896
3.71652
1.05422
0.4015
0.294624
0.539864
2.09322
0.696687
8.76651
0.856914
0.253463
2.6096
1.34019
1.06186
3.79969
0.690151
0.0559749
0.0455974
1.83582
0.957342
2.56465
0.942979
5.01091
1.68689
0.185442
4.31826
0.909707
3.4089
3.40306
5.68133
1.39041
3.24805
0.106381
0.544557
0.894937
0.204686
3.16863
1.58162
0.546355
1.01355
0.422472
1.17495
3.28327
1.98541
1.46606
5.35393
0.432754
3.44581
1.55351
0.873586
0.982994
4.22693
1.8389
0.88386
5.43732
2.41318
1.15204
0.656778
1.80538
4.06352
2.60691
0.998181
1.27115
2.24135
0.121458
6.25798
1.87952
0.58787
0.159736
2.35272
2.53994
0.561751
0.983284
0.123061
8.67394
0.928668
1.19079
0.359759
1.68836
0.11313
1.6133
0.715259
6.60097
1.05853
0.710472
0.73983
1.00152
0.0778981
1.33692
0.393384
5.43734
0.56386
7.50553
1.24163
1.11743
3.75077
1.80508
0.0657688
3.07208
1.03894
4.71899
0.711905
1.49794
1.22478
3.66028
0.983916
13.8953
1.53179
1.74938
0.805272
1.75085
0.510762
3.87749
2.41538
3.14094
4.2175
0.856886
0.425823
3.32068
1.4139
3.30741
2.35258
1.32891
0.605122
0.631092
1.03719
0.436896
1.48035
1.82836
3.09324
1.19835
0.444675
0.190294
3.79025
0.510887
0.354816
0.219332
0.296591
1.61079
0.908916
1.33082
0.502548
0.0496543
1.10786
1.14084
0.767152
1.6282
1.14262
0.888333
2.53203
3.75172
6.8985
0.420741
2.56166
2.89444
4.37654
1.72454
1.62379
0.961813
0.28761
7.46866
1.14229
1.59168
1.21101
0.729839
0.523951
6.49698
0.767299
0.897167
1.46466
7.49826
1.61831
0.0853603
4.38149
0.529474
1.87726
2.45081
0.457392
1.6831
0.123566
3.8336
0.935161
0.613534
4.17057
3.75768
0.090909
1.75138
0.163008
1.58251
2.58018
0.0775815
0.625012
1.71071
4.63216
1.05757
1.1197
4.55016
0.587427
2.32475
1.1952
3.32848
0.849554
1.54154
0.196886
1.24945
2.41249
2.62577
3.8106
1.38999
1.31844
3.06296
0.616584
0.767064
0.32194
0.207141
0.497364
2.72398
4.39152
0.909387
0.931211
1.10461
0.499374
2.88092
4.15635
1.90076
0.584126
1.77431
1.2424
0.862482
3.23786
0.816356
0.606256
0.123146
2.48588
8.52447
3.32486
3.67271
2.65102
2.20494
0.460263
1.77835
0.122056
3.13064
3.21012
0.324386
0.940824
3.16763
0.868815
0.518078
0.704423
3.46139
5.46031
0.251402
0.173673
0.765336
4.44148
0.721618
9.61128
4.83494
0.27188
0.478262
3.63804
1.24155
5.95865
8.1883
5.09298
0.394727
4.2959
0.730146
0.0681571
0.246553
2.19735
2.11316
0.739815
3.61967
1.71892
0.900534
5.72499
4.93622
0.588895
0.974592
5.84604
2.49684
1.01723
0.26524
4.86426
1.28345
2.30263
1.66044
1.64726
3.18574
0.814013
2.8945
1.3423
0.941795
0.482395
1.66079
2.12505
1.65949
0.156034
2.57743
0.255404
0.013474
1.11478
0.666754
1.41033
1.25696
1.20179
1.50673
0.554185
5.05892
0.302396
0.25939
0.329274
0.437248
0.972482
4.35106
0.166144
2.22204
7.71581
1.84888
0.125537
0.146627
4.97319
2.22324
2.84256
2.04253
3.71815
5.76746
1.2895
1.25525
0.547164
0.673131
0.402606
1.68056
1.39298
2.16312
1.17796
1.62788
1.77853
2.94143
0.252963
6.52882
1.60557
0.000172496
2.97395
1.32396
3.5755
3.81278
2.01435
0.398347
0.645815
1.68696
0.63292
3.79958
0.861692
1.38427
0.686314
1.62871
2.02451
0.561289
2.17047
0.161334
6.08089
1.62877
3.2745
0.132201
3.4366
0.0699609
5.58308
1.74891
0.11367
1.8902
0.402448
1.402
3.78403
0.0960059
1.48561
1.96844
3.17519
2.67076
3.00554
2.07639
2.82517
0.861791
0.334142
1.13656
2.25166
0.737812
0.0286826
3.11303
6.5134
0.533895
1.00634
1.14358
3.35044
0.138611
3.98533
1.11
0.266182
2.96437
3.10859
0.684146
2.20226
3.24787
0.109765
6.16124
0.0188711
0.00828782
0.714369
0.487323
0.0356201
0.982101
1.82901
3.23702
3.64108
1.58433
0.499226
3.19389
0.413362
3.94315
1.09504
2.96424
4.81294
0.130492
1.23458
0.799289
1.41708
0.559298
0.572609
3.61709
0.201834
0.305339
0.196111
1.72529
1.64436
0.0920704
0.754007
1.26821
4.03771
0.557344
2.70127
1.90964
1.59486
2.75753
3.62381
3.38886
0.382619
3.02698
0.674459
1.64083
1.51843
3.84265
3.1781
0.960642
2.65552
1.94568
1.52873
0.983884
2.28591
0.337971
1.60495
0.310804
3.74476
2.92054
2.23449
1.99608
2.98928
0.198365
0.280871
0.0217074
0.933437
0.100997
0.655007
3.21228
0.8143
0.305046
2.07488
0.108614
2.18266
1.98518
0.906032
1.71357
2.48448
1.89639
0.743759
5.23439
3.43982
3.51026
0.741984
5.21895
2.92552
3.72843
0.657172
6.94054
0.0612184
2.40535
0.302467
1.13005
1.08719
5.45365
0.347699
1.10141
1.72737
0.875049
0.888846
0.374632
1.32704
3.64246
0.863104
0.70281
4.73751
4.02163
1.85834
4.50903
1.22551
1.6778
4.14693
0.398501
2.31694
0.837155
1.70246
0.197086
1.76408
1.70613
0.0646302
1.11505
5.2565
3.60624
0.111569
0.552949
3.15124
1.67699
0.451867
7.1179
6.49708
3.06363
0.514767
9.95126
0.342835
0.944378
0.989035
0.323508
1.59046
1.84982
2.19184
3.07105
1.43213
0.602695
3.92603
1.492
1.12262
1.33992
8.49094
8.43361
0.410891
2.57627
2.15799
2.03178
2.60285
0.0423
2.25528
4.82615
2.7045
5.2196
0.360524
0.262669
0.98246
0.431242
0.365229
2.72274
0.214967
12.3209
0.174845
0.619884
0.278595
2.88647
1.21016
0.231112
0.929817
1.50806
1.03416
0.157526
1.21867
2.17091
0.70447
0.451997
6.83622
0.0655183
0.413118
1.03168
0.0226251
0.575797
0.979603
0.226064
0.324391
0.64796
0.722206
2.93833
2.68194
3.7034
2.5173
3.66299
1.10216
1.95994
3.69377
0.22032
0.58731
1.55252
0.920108
0.94403
6.42573
1.29554
4.09646
0.128376
0.448858
1.42946
7.13503
5.75238
1.00904
0.683597
0.368072
0.895
1.51309
6.45886
4.39832
6.98858
0.0634725
0.384038
1.85753
0.816479
1.85017
1.63853
0.245827
0.599193
0.319121
2.30151
8.86519
5.87109
1.25464
1.53889
3.54185
0.221945
1.42087
0.162361
5.9858
3.97025
1.02482
2.69206
1.85657
0.69096
0.162937
2.53072
1.18134
1.47923
1.03071
5.66006
0.478476
1.9537
3.30605
1.19382
4.20138
0.573256
0.534598
1.66374
1.32451
2.03942
1.18919
1.82278
1.0146
0.273783
1.38891
5.64847
0.783552
5.57703
0.895086
1.28871
0.583861
5.31263
6.46588
8.19795
3.68998
0.407495
2.50894
0.103785
3.32325
0.76249
0.755338
2.77457
0.274201
2.46124
0.272306
1.1543
0.629183
0.00106352
0.473688
1.00125
3.22933
0.521637
6.95807
0.997322
0.748064
0.626933
10.5316
3.18066
0.0816262
1.11087
0.211829
0.483278
4.03855
0.616271
0.939642
0.939491
0.519053
0.505271
1.41816
2.10187
0.749081
1.74826
0.28501
4.47781
3.27002
1.23169
1.84294
3.19238
0.50853
2.19564
3.10949
1.44465
0.556328
1.72635
0.108804
0.832762
1.90469
1.28227
3.62431
0.294654
0.55579
0.739444
4.51013
1.46108
0.501571
1.35535
4.43409
5.46442
2.0904
5.145
1.22455
0.702379
0.556695
0.808791
1.26847
2.73241
1.77493
0.585209
2.80211
3.17243
1.12424
1.16584
5.55487
5.61857
0.167684
8.59464
0.196102
3.12009
1.30539
0.773463
7.05342
1.21555
1.13939
3.39055
2.11853
2.70682
0.324694
4.19435
4.20426
2.06464
2.05144
3.77438
0.180451
0.0475348
0.055521
3.31672
3.10837
0.118477
1.1366
4.29913
1.64954
0.819901
0.231311
0.326458
4.81809
3.78837
4.17022
3.73885
2.42868
2.74623
0.655039
0.425536
1.84496
0.188495
0.249216
0.499143
0.479662
5.36298
0.0665372
6.93787
8.43254
3.42525
1.19199
1.24401
0.438307
1.43215
7.04932
0.624102
3.14351
3.62501
0.0125844
0.0109782
5.25841
2.16081
1.78877
4.47887
3.7808
2.20928
0.716131
1.50831
1.60114
1.44384
0.400157
1.43963
1.05567
1.14602
0.149599
1.13488
1.75353
0.658698
2.21955
4.42846
3.00148
4.28329
7.31919
1.50635
3.3562
0.542346
2.50593
0.113797
0.225744
5.93595
1.73915
1.64226
1.67612
3.11886
0.779951
0.5604
0.983815
2.83266
5.19115
1.37349
1.44909
1.67493
2.0564
0.2262
0.0401448
0.610669
0.996143
1.24248
0.483745
1.34377
5.13091
3.66724
1.34779
0.602688
3.5616
2.42816
0.0917263
1.54176
4.5022
2.53877
0.641583
0.92159
4.66501
2.06507
0.615907
2.56096
1.74051
1.89984
0.485757
1.78932
1.7982
1.51795
1.78079
2.82134
3.10432
0.541566
0.412136
0.57844
1.0092
3.75079
1.29253
1.31542
0.949682
1.86856
2.06064
1.03303
0.982604
0.71633
0.4813
0.915181
0.110542
1.24379
1.12043
0.656326
0.4624
0.0317927
3.23735
0.883259
3.09533
2.96447
0.188765
0.709637
0.734105
4.24912
0.954963
1.20127
3.2419
0.208217
1.70512
0.722789
0.627273
1.39718
2.82863
2.26862
3.04901
4.10767
0.818459
4.88105
1.83944
3.8159
6.65269
0.255343
0.853806
1.02251
0.840506
0.000555677
5.52494
0.965172
7.54523
1.4406
0.220866
2.94543
3.42977
2.63275
1.42015
0.0256296
0.376909
2.12407
1.92346
3.70639
1.98567
0.918641
0.607053
1.9551
5.33559
1.72566
0.522122
0.189255
0.224645
1.03849
0.711034
0.0466274
3.98922
4.30149
2.25957
3.29415
2.3393
4.54329
0.105917
0.687034
2.90806
0.515017
0.795419
0.467532
1.1304
0.992282
1.60686
0.886471
0.0986492
5.57653
1.40573
0.339517
0.461706
0.0247703
0.195502
8.70352
0.714986
4.61208
0.336597
6.01427
6.9664
2.18435
1.07587
0.665524
5.25331
2.5102
1.16949
4.83516
0.104569
1.32691
6.33932
2.92431
1.42285
0.985469
2.37135
0.448586
5.18012
0.257087
0.115112
0.785046
0.817219
1.84453
2.12007
2.03721
0.305688
1.8324
0.801917
2.00757
0.24739
1.26307
2.04736
2.37011
0.0114972
2.55033
0.727796
0.588862
2.38399
1.70494
3.38207
0.771764
2.22518
3.80189
1.66321
0.92361
5.37219
2.01094
2.04596
1.69617
5.23232
5.51087
2.83918
2.38243
0.643775
2.14676
7.08527
8.58261
4.41411
0.381058
1.66292
1.51114
3.34062
4.86831
0.447436
2.01907
1.13922
1.09584
1.56177
0.616933
1.33025
8.34694
0.097135
2.06004
2.53662
0.0980928
0.0535614
3.6258
3.25744
3.71028
0.761452
3.63377
0.0129567
4.94274
4.16638
2.06799
0.653123
2.08938
4.37648
0.285747
1.82573
2.24446
0.665712
0.796043
3.16744
0.765104
2.65459
0.490577
1.82901
0.0102066
1.16466
2.463
3.56726
5.22575
6.17777
3.85423
5.95773
2.1988
1.85247
4.19496
2.81387
6.84539
2.14754
3.76619
0.433871
0.449528
1.37238
0.0260759
6.12167
5.26898
2.70195
0.171335
1.3526
2.55358
1.07545
0.678342
3.87258
0.0655368
1.08965
0.337902
0.178463
6.40015
5.7826
1.38189
3.60505
2.3738
0.21716
1.9862
0.945702
2.27771
1.52538
0.951229
4.89361
0.694816
0.26407
5.29205
2.42784
5.03726
2.4456
1.63877
2.50509
4.98555
5.85634
3.2984
1.25031
0.474482
0.290322
4.49275
1.35703
0.272297
4.13891
1.4377
1.50285
0.886004
0.177436
0.243157
2.46442
0.819537
1.47996
0.474925
4.04915
1.63895
1.8345
1.69985
0.20463
1.14965
1.1049
1.03679
3.75941
0.209391
1.08252
1.4202
4.85302
5.16718
1.74109
2.75716
0.444918
1.93976
1.98805
0.516409
1.80046
1.5399
0.528364
1.84548
1.04225
0.847591
0.911259
0.692879
3.32167
2.39707
0.95784
1.33872
0.931749
1.49868
8.94218
4.55446
1.31376
2.32562
0.424576
1.00232
4.6272
1.50468
2.55823
0.207849
1.51463
2.34773
0.549415
0.381209
0.678997
7.1703
0.579229
5.61372
0.370262
0.550345
1.15813
0.688563
5.37152
1.98722
6.00076
1.99798
4.3379
0.0802709
5.09383
0.988687
1.08107
0.25405
2.8173
1.03242
0.655771
6.24532
3.40931
0.773844
8.69596
2.17226
4.68036
0.405553
0.0130556
0.385432
1.75255
2.91263
2.71548
0.0340296
2.99353
0.600938
0.963415
0.129108
1.31581
6.88099
0.100942
1.7074
2.50368
0.875553
0.173522
6.95343
0.361438
0.530785
2.29505
1.18931
1.08468
3.45052
0.920708
1.68085
1.56384
3.43615
0.00806466
0.160255
0.65162
4.21202
4.2303
0.383153
0.84863
1.90459
0.0125975
1.94299
0.540704
2.64913
1.07597
3.32991
1.74437
3.99787
0.424328
0.106563
6.86763
4.21178
0.855266
1.26172
0.202725
1.02744
0.575782
0.576134
0.964207
1.23039
0.322588
4.75389
1.12533
0.551046
0.872331
1.64375
1.73009
3.26567
1.17851
2.15985
3.19038
0.159607
1.44027
0.534369
0.26717
0.431566
0.695492
1.42872
2.17912
0.277328
0.515123
3.09641
0.346646
2.38657
0.834142
0.327837
0.221706
1.18214
3.85496
1.62971
1.0656
3.22682
3.37246
1.99599
1.39153
1.9938
0.339085
2.33972
2.07471
0.42576
3.59868
0.280988
0.0645349
1.20637
17.6559
1.78045
0.734269
1.10216
2.00896
1.67845
0.24314
0.967164
0.0275159
0.930357
1.0428
0.591723
4.67092
0.447287
3.30272
2.63865
1.15805
1.35673
0.770922
0.286705
0.256798
0.88622
0.202899
3.79677
1.73659
2.58257
4.05646
7.20845
5.05795
0.687342
0.0350886
0.265916
0.880089
6.18472
1.12719
0.0768493
2.64115
0.738576
2.86299
2.11308
0.0331354
0.83888
2.01391
8.12281
2.46805
0.842764
1.23338
0.0965077
1.54279
3.39483
0.723083
0.244602
1.40448
0.972578
1.79461
0.317813
2.30116
1.29085
3.76667
1.63408
3.60121
0.700604
0.0909244
5.71893
0.496457
0.527909
0.150257
1.19158
1.24151
3.38706
0.205689
1.79854
2.39327
1.22641
1.30963
4.437
3.49776
4.89918
0.445201
6.49025
4.11003
0.685633
1.08918
1.42477
1.98502
1.27738
1.97197
0.780929
0.372079
9.67286
2.00509
0.753009
2.15997
1.95358
2.46816
0.191073
1.86094
6.31051
0.630762
4.22641
0.390984
0.0181595
1.25133
0.934654
2.56581
0.763781
3.17911
0.162514
1.90603
2.35736
3.79053
1.89358
2.03871
2.34067
0.553559
2.04396
0.941654
0.266991
2.23667
0.562871
10.8308
2.2577
2.7724
0.0424086
0.875592
2.11917
0.13321
0.264964
2.46028
2.91859
6.76402
0.981994
0.00811292
0.36464
0.383207
2.5642
6.46735
2.78623
3.15871
0.453319
0.761577
1.48616
1.07307
1.52828
1.18268
0.41929
1.80311
1.26626
0.417075
2.6209
0.462441
0.476711
3.17623
3.73828
0.787366
0.972881
1.06607
0.393356
5.34327
3.79262
3.51577
0.58194
0.622922
1.39691
0.772403
3.53499
1.0066
3.30816
5.1165
0.251294
0.0276571
4.44269
5.19271
1.83932
2.68353
5.24803
4.56602
3.69414
1.48744
1.25674
0.100986
1.32128
3.89121
0.758437
0.441781
0.15523
4.4304
3.18827
4.31293
0.455617
1.61574
2.70947
2.39711
2.44242
5.2971
0.0320036
6.21716
0.680705
1.9148
0.58633
0.483529
0.211631
4.53909
4.31758
0.00720621
5.22798
2.84575
0.0707457
0.181314
0.309002
0.412831
1.579
0.9323
0.363356
0.701943
2.41186
1.83267
0.512901
0.342606
1.16431
1.13798
0.861372
0.785216
2.79189
2.32253
0.0524533
0.0707781
0.221412
3.68175
0.511067
0.530307
0.0271442
2.5271
0.171087
0.489191
5.1312
3.09527
2.75992
0.652261
3.41074
0.697044
4.2611
5.13682
0.484053
1.39287
3.36547
6.83045
2.25788
1.31409
1.4348
1.26301
1.54509
0.743362
2.22472
0.747376
2.82463
1.98998
5.13697
1.3278
5.08422
3.17199
0.577829
0.116724
1.44468
3.35904
3.1233
0.407773
2.1173
4.98725
3.37007
1.4416
3.51938
1.09307
1.45881
0.425532
3.25071
1.30976
1.66197
1.03608
2.43608
1.96714
0.127954
1.3659
0.0194163
0.823283
2.59711
8.2232
1.64166
0.3125
3.89013
0.181716
2.78376
0.128085
4.38945
0.176936
0.699629
3.38316
0.761321
0.0988504
1.46733
1.64484
0.852216
3.4411
2.96668
0.258687
2.7575
6.44399
0.469804
4.66769
0.620574
1.1302
0.063797
0.711002
0.772081
0.116865
0.49805
1.43928
2.38637
1.01908
2.147
4.1898
1.66737
0.645764
1.37545
0.757252
0.860999
0.176032
0.734046
4.3199
1.89994
0.122744
1.65223
3.5102
2.70262
0.730093
0.022146
1.01534
0.668408
1.8194
1.34417
0.167697
0.22102
1.58762
0.159547
0.441824
0.64368
2.44971
1.21424
0.495267
2.31944
2.09497
0.619103
1.32576
5.68903
6.67953
0.370504
2.06692
0.515312
2.93348
1.70572
1.24799
0.113982
5.0316
6.70103
0.828708
1.0469
1.03599
2.42704
1.14042
0.119666
0.995767
0.0853598
2.8237
0.703261
4.67236
1.42529
15.8071
4.71205
1.46104
0.766178
0.405927
1.25521
1.32639
0.385112
2.0877
0.197779
0.0816938
1.31023
0.239351
3.28331
5.46096
0.65985
1.18589
1.93534
2.29802
0.313414
4.96017
0.00693323
0.0255025
1.97784
1.09551
6.74206
4.16453
2.16084
5.25443
1.455
0.26353
2.56196
0.353189
7.31154
1.02942
1.34173
1.44912
2.17255
0.0154613
0.880692
0.861607
0.0887723
1.30488
1.48401
0.401199
1.73286
0.922695
0.697097
2.55501
7.17808
1.28811
8.02734
2.35423
1.25811
0.138635
0.516585
5.63889
0.365579
0.256383
6.71883
0.0353417
1.99651
0.657736
0.628977
1.89486
0.352016
3.23843
3.62167
1.40856
1.10861
2.89375
6.94532
0.429861
0.352465
0.103966
0.252972
0.0932818
2.51113
2.50756
0.430421
0.150187
2.24602
0.812783
5.66607
1.80506
2.26609
0.0968121
0.0454766
2.10072
0.993667
2.88144
1.8182
0.0115999
1.9532
1.02378
12.8555
0.901649
2.41582
0.532258
0.636709
6.63313
1.71356
0.187518
7.58082
5.45522
0.160335
1.80267
0.903482
2.58341
0.67138
0.507159
1.25836
2.05779
3.66197
1.91497
9.97948
3.97241
2.27446
2.24259
5.18673
0.353274
2.42025
0.620784
0.123882
0.646032
0.0826122
1.2608
2.2571
0.720926
2.24216
1.4743
0.290151
0.156719
2.79029
0.936236
4.76734
4.89415
1.69535
1.32506
2.7277
2.22305
1.46052
4.39796
0.585851
1.77371
3.24329
2.96394
6.50062
0.911738
6.77439
3.11509
1.5844
1.98601
3.46797
0.513492
1.12843
0.144804
0.456151
3.65333
2.18622
1.78099
6.22164
0.757733
0.592742
6.25898
1.67438
2.0897
0.0628206
4.87308
2.2691
3.86894
2.30673
3.07129
3.39047
0.400568
1.61746
0.273963
1.64833
0.308745
1.55751
2.90143
0.492982
1.83054
0.121901
10.2809
0.853152
1.54723
2.34714
5.5528
0.384825
1.52171
0.984763
0.0546337
0.875344
1.17672
0.332945
0.850662
0.923338
1.03675
2.68058
1.30012
1.512
0.167454
0.948448
0.52208
1.01502
2.75561
2.7436
2.85487
0.730315
0.343321
2.57313
0.380861
1.30048
0.627959
1.9604
4.81098
1.51877
3.76751
0.649523
1.96128
2.4645
1.12387
0.867273
0.200473
0.393824
7.06614
0.0636913
0.321062
2.75242
0.470786
0.0790593
0.826909
0.213463
4.48081
2.91907
0.323812
3.18273
0.488884
0.905852
1.7924
2.28927
3.92524
0.149274
0.029351
0.934102
0.288396
3.5437
4.09339
1.37854
2.31067
0.459764
2.46329
2.29833
8.19956
5.5493
8.36497
1.35899
0.65973
0.310836
0.460387
0.536347
0.749807
2.16141
2.23739
0.464057
4.10367
0.369162
2.79781
1.06704
4.00016
2.03383
1.63158
1.41403
0.279703
1.04078
5.61245
1.45769
1.87461
0.0271515
1.43925
2.28996
1.34654
7.80933
0.00289415
1.28502
0.39692
0.103489
1.15828
1.1304
0.619247
1.17135
0.109894
3.43601
3.19765
0.800129
0.276215
0.267581
0.659363
2.27371
0.334493
3.68198
2.01886
0.601778
1.09783
1.338
3.44602
1.00012
0.481617
1.82286
0.697349
2.02819
3.24371
2.57981
3.34786
0.816595
5.74923
1.17926
1.21132
1.53829
7.31477
1.24927
8.68295
0.959832
0.79186
1.37968
1.62138
1.02874
0.0255988
1.15796
1.53957
1.49147
1.8517
1.39992
0.560349
0.370236
0.62605
1.9962
2.11645
2.40105
1.16697
0.278468
0.653741
1.92601
1.37488
0.363801
0.339118
0.77718
0.240837
0.346363
0.678208
0.204211
3.50012
2.15047
0.404492
6.06568
1.01677
1.81003
0.439169
4.67857
2.06873
0.949355
0.560515
8.56958
0.867495
3.0285
0.156151
3.26219
0.588381
1.73158
0.85532
0.284823
0.63933
1.29155
3.29462
0.453103
1.3164
5.15885
0.371225
1.07297
0.206645
0.802241
1.86805
9.01836
2.71578
0.207082
0.371758
0.742462
0.810292
1.45989
0.824477
0.653575
2.4408
0.293525
0.756306
5.7866
0.734786
1.27755
0.655856
0.239608
0.909598
0.688787
0.800014
3.22462
3.66497
0.415469
1.12071
2.98163
1.22142
0.685978
2.56863
0.446676
3.45035
1.54614
0.0921008
0.813288
1.1475
4.61848
1.44869
0.801504
4.36475
0.118831
3.85957
2.84617
0.765824
0.853237
2.38569
3.66605
0.968241
3.02039
1.95587
0.166917
5.7816
1.16431
2.2188
1.46658
2.53664
1.18877
7.77539
7.39185
0.624335
1.54689
2.91503
0.940436
0.57878
4.72446
0.570219
0.0877854
0.19691
0.490572
1.08591
5.84825
3.06302
7.45489
0.546636
0.350603
0.48591
2.93578
0.14934
1.84143
1.229
3.47315
4.83375
0.366664
1.46831
5.33612
5.03695
1.02922
1.31953
1.28613
2.84502
4.26664
4.06275
0.298851
0.976239
0.209264
0.927474
2.47462
1.63218
2.6691
1.48861
8.80551
2.7477
0.484529
0.238635
0.177755
3.61773
1.27667
2.99236
1.54115
3.44061
1.70155
2.55594
0.692621
2.27051
1.36821
1.62996
4.63866
2.43643
1.34644
0.422983
0.815575
1.80309
2.40928
0.938089
11.5855
0.721474
6.83554
1.45483
0.852719
3.23119
0.515955
2.29157
4.71372
3.78927
0.868395
1.69694
0.406949
0.688853
5.24778
0.186973
3.94616
1.01944
5.11279
2.79927
0.217119
2.29087
3.03834
2.13924
0.35204
0.868405
0.0235931
6.08653
0.416083
0.692044
0.430212
1.61384
7.77977
5.5545
0.634775
4.23662
1.60346
0.100612
0.466743
2.20345
3.49052
2.1018
0.0303942
1.66157
0.125729
3.17801
1.94306
2.11209
2.42954
6.8009
3.14128
3.94896
4.98206
0.210276
1.43132
1.1457
1.81257
2.03876
1.02254
0.981976
2.48058
3.07829
3.80903
0.454942
0.902014
0.50582
3.45761
1.23186
1.42878
0.946011
0.59517
0.142196
2.26152
1.31966
5.26177
1.37013
2.56448
0.568869
0.45629
3.47373
2.25046
0.557716
0.105952
3.15404
0.622553
0.943929
1.73023
2.13366
1.55072
2.03952
0.870884
4.70487
1.46289
0.88794
0.407412
4.35488
1.91601
3.88225
3.92633
0.121309
2.29084
1.29589
1.1682
8.52683
0.46071
1.57033
0.407506
6.61013
4.44702
1.54097
0.287932
3.27546
7.94869
4.81394
2.67622
5.20469
0.11734
0.017613
0.776837
2.1688
1.40526
0.978369
2.72248
2.10466
0.0601387
0.390552
1.95405
0.441227
0.161661
4.8294
0.569561
0.24967
5.21456
1.94424
0.270163
3.53492
6.37006
1.76698
2.19399
5.43589
0.511542
4.20351
6.9031
2.40567
2.51059
0.638648
8.15019
2.42209
0.459952
0.543141
0.0109771
1.81273
1.98773
3.14445
0.678864
2.50799
0.297066
2.68304
3.34327
0.321501
0.942457
0.845029
0.0209605
2.19441
1.60085
1.06612
1.48714
1.63427
1.63259
1.27645
0.518507
0.535585
2.99882
1.4667
0.214785
2.57388
1.1078
3.97516
1.12219
0.927925
0.17124
5.62265
0.840593
1.07099
5.75801
4.20937
1.13355
2.32839
0.318913
1.45621
1.47161
5.40565
0.693855
1.77682
2.18644
2.9038
1.16023
3.40743
0.199625
0.820588
2.23359
0.147199
0.479375
2.00766
3.3565
2.51065
0.259174
0.133791
0.547737
0.118987
1.03393
3.86753
2.44778
3.28204
1.75573
0.140528
0.602809
0.733538
3.41538
0.0776072
0.800525
3.83468
0.572871
0.684466
1.06176
0.34738
2.1066
3.89665
0.0052586
5.05364
0.0113289
0.161259
1.45681
2.90269
1.82346
2.83681
0.208392
1.26619
0.116103
3.5521
2.62074
0.372011
0.49629
2.47139
2.88645
4.76768
1.65267
4.95248
0.0552252
1.47451
0.521746
0.559427
2.24785
0.441442
0.422433
2.72785
0.30534
1.03327
1.69852
1.18617
3.45364
1.81935
8.46449
0.699308
0.997151
0.71608
1.97707
3.08355
0.880108
1.58978
0.568486
0.290403
1.84086
0.440748
0.711871
5.39495
0.843117
1.66367
5.24464
1.6398
0.317576
1.55422
1.18249
1.05972
3.23794
0.207647
4.15574
2.29731
6.65064
2.25539
2.88577
0.441216
1.21585
0.184734
0.897786
2.04016
1.87744
2.48758
3.50373
0.193956
0.852054
4.76488
0.623238
2.11341
5.22732
0.105471
2.97089
1.37303
1.21816
0.0434939
0.0290647
0.0267651
1.50113
2.14603
0.593765
1.53465
1.09449
1.44546
2.85714
0.333998
1.82084
1.54657
1.36581
0.392067
2.19198
1.34622
4.95737
4.38517
11.1916
0.903734
2.53364
0.958254
0.38509
1.24751
2.93344
0.0495524
0.258177
0.959151
1.72941
0.769609
1.19564
1.25135
0.168823
0.313638
1.25839
3.82892
2.9029
5.2654
0.461669
6.46481
1.8349
3.33556
2.48017
0.175594
5.21067
0.351972
3.52698
1.66007
0.783822
1.44022
0.369113
2.77797
0.456008
2.4434
0.670847
5.58255
0.269678
0.423036
0.881986
0.271393
1.98419
0.42303
0.954118
1.93638
6.82961
1.42786
2.87953
1.47107
0.365718
1.8298
1.23772
0.448476
0.520096
0.384002
1.53575
0.973327
3.74658
1.26992
0.171549
8.80174
2.92568
2.91386
1.33526
2.19151
0.149697
1.33924
0.215641
0.798959
0.481909
4.82787
3.04891
8.07075
2.60879
2.32058
0.596732
3.30465
2.11297
5.9833
0.520149
1.68007
3.95653
0.786318
1.07415
6.22611
1.03043
0.0699408
2.52014
0.203435
0.824853
2.47932
3.89701
6.27163
0.668256
0.0786649
4.007
0.0341104
7.02262
0.320888
1.65027
3.75342
0.63023
1.47515
0.908529
0.233172
0.718964
3.58411
1.55768
0.342031
0.499631
1.20939
2.01554
1.3728
5.77135
3.16326
1.06365
4.56965
1.86083
1.95981
1.0936
1.34814
0.831929
0.439705
4.9515
0.426559
0.0244369
0.276686
0.00291553
0.586456
1.24821
1.81943
1.453
0.040773
1.9016
3.72309
2.439
0.558686
1.45414
0.643722
0.56955
2.85013
0.346074
0.466964
2.03687
0.688766
1.17159
2.1407
2.47318
0.892926
5.19359
3.181
0.634733
4.2458
2.62061
1.19733
1.00486
2.82117
3.35356
1.27768
0.877291
0.131072
1.00782
5.33146
1.67726
1.37781
0.955887
1.15874
2.99611
3.76674
0.313232
0.700678
9.18562
1.57556
2.36395
1.29302
0.203675
3.45188
2.86731
1.00073
0.702541
2.7231
0.09642
7.26104
0.21959
3.97265
2.11486
4.86917
0.997677
1.18403
3.26758
7.47687
2.03206
1.35273
2.11787
5.66275
1.01668
2.79521
0.417845
2.56804
0.293741
0.51267
3.71639
5.33229
0.148156
1.91294
0.527884
1.88624
5.62522
0.479373
10.428
0.260134
2.82628
2.5251
0.782355
1.1507
0.854517
2.96402
0.555708
0.965361
1.22133
1.78966
1.53162
0.384142
2.00332
8.49057
2.59051
1.4597
0.150996
0.255943
6.69776
4.05701
0.683842
1.05585
4.28977
0.167734
2.40352
0.109951
1.65834
4.16709
10.1359
0.0366294
10.0813
0.0541058
0.235725
0.824359
1.60364
1.20042
4.75608
0.744091
1.48867
0.894132
2.42657
9.31399
4.82166
2.55822
1.9204
1.60154
0.0985147
1.50866
4.81425
2.27836
0.782551
5.9587
9.78862
0.465609
4.53329
2.56459
3.02036
1.60859
2.26163
3.9171
2.027
2.47792
6.46017
0.619308
2.8459
0.985969
1.08598
0.8233
3.00925
0.865432
3.98245
2.6039
0.260594
2.08987
0.548866
1.25091
1.53171
0.665367
1.00642
0.201153
0.136859
0.4328
2.03288
2.71042
1.80865
0.594128
8.42126
0.163795
1.06362
1.3053
2.58423
0.0590895
1.32781
0.878542
2.20393
3.06608
