0
0.151944
1.06042
0.663792
0.645377
2.09718
0.741145
1.11646
0.593834
2.17322
0.0906723
0.365074
1.64765
1.50991
0.605812
0.664249
0.391559
1.13583
0.693705
0.0212581
0.373359
0.311724
0.245318
1.73019
0.0170863
0.0358493
3.40347
0.0485829
1.81798
0.321686
1.92521
0.926393
0.484751
1.56667
0.395501
0.0817169
1.10906
0.944236
1.17811
0.650504
0.0278216
2.90759
0.790661
0.790057
0.0381832
0.381061
0.0465416
0.36145
0.919858
1.04248
2.9588
0.538018
3.57953
0.779892
1.06002
1.51796
2.09699
0.120738
1.03817
4.81469
0.10054
0.222704
0.154846
1.85485
0.292299
0.168539
1.13961
1.0839
0.918841
0.491944
0.340306
0.507465
1.29131
1.11415
0.399612
0.20518
1.56646
0.500438
0.0203215
0.336092
0.130132
0.123507
0.362061
0.433338
0.49502
2.04879
0.620394
0.185891
1.81615
0.904231
2.36295
1.32179
0.628046
0.789583
0.553592
0.194314
2.19668
0.770414
1.37795
0.570656
3.86495
1.29951
0.72262
1.27506
3.86226
0.803191
0.52843
0.531666
0.0557102
0.713504
0.768901
0.575036
1.19881
0.276288
0.112121
0.63507
0.2146
0.77367
0.841567
4.46583
0.769873
1.034
0.76159
0.0841415
0.283694
1.11324
0.202362
0.0587381
0.941954
0.682514
0.0696699
0.534166
2.60997
2.70496
2.22463
0.471392
2.10235
0.850428
3.36656
0.181652
0.268218
0.640454
0.277385
0.283306
0.0245288
1.08266
0.994685
1.87381
1.20112
0.176284
1.30467
0.653368
1.08504
0.392378
1.6931
0.957098
1.06826
0.745163
0.116184
1.25708
0.0795069
0.165231
0.157091
0.100992
2.91447
1.44535
0.354014
0.0609946
1.88864
0.852284
1.83225
0.952159
0.543731
4.30781
0.450899
2.15454
0.0959255
1.39318
0.117586
0.0469186
0.0307961
0.262641
0.303939
0.673285
0.388954
1.28575
0.665071
0.416521
1.87865
1.14272
1.11424
1.47425
0.2111
1.01456
0.952155
1.30935
0.696542
0.16693
0.722959
3.61245
0.616056
1.13724
1.27353
0.827429
0.0671457
5.08046
0.661716
1.23119
3.38791
0.749268
0.947986
1.54368
0.204156
0.397607
0.473459
0.659878
0.0881432
0.996885
0.297165
1.59735
0.19061
0.700359
0.529785
1.37225
5.80626
0.465605
0.34757
0.267822
0.836904
0.186253
0.511047
1.38205
0.454346
0.851396
1.72896
1.13038
0.476998
0.253087
0.50655
2.39118
1.18257
0.146442
0.177132
1.75015
0.15984
1.05233
0.0016451
1.96088
0.0364293
0.679535
2.4732
0.447073
0.305215
1.91856
2.83081
0.066903
1.10818
0.0879548
0.492938
4.0325
2.0226
1.77074
0.118507
0.561552
0.780446
2.77166
1.06136
0.205088
0.208365
0.780046
0.0576122
1.0213
2.21464
1.63389
0.484954
1.25282
0.219537
0.0177771
0.211609
0.219865
1.52897
5.16866
0.344393
0.60218
0.315001
1.42623
0.0302383
0.988202
3.89203
0.72972
4.32172
1.41543
1.43676
1.91255
0.307239
2.70297
0.909596
0.607165
1.41323
0.747152
0.0938393
0.741508
0.615416
1.27234
0.0716999
3.19779
1.96737
0.433125
0.0811988
2.49179
1.26391
0.506581
0.73618
1.68679
0.0667527
0.0131414
0.0996443
2.7363
0.114705
1.66569
1.03072
3.31357
0.331739
1.42191
0.901181
0.0305414
1.16387
0.230363
2.2809
0.569031
0.326967
1.15812
1.54287
0.9711
0.278389
0.468866
1.6963
0.203843
0.969187
1.12714
1.36269
0.0107337
0.152853
1.36478
0.387233
0.0439171
1.62245
0.342149
2.43816
1.15632
0.475965
0.361047
2.36338
0.543703
0.142474
1.13249
2.57902
0.610278
1.2131
2.55364
0.40828
2.40447
0.191042
0.795959
0.000455539
0.242201
0.966832
1.56482
0.868845
1.86736
0.0370685
0.961985
1.15488
1.07293
1.54607
0.542083
0.427777
1.18853
0.583386
0.302471
3.56667
0.195677
0.0918919
0.216555
0.155093
1.18405
0.297884
0.662722
2.34176
0.996143
0.897046
0.46424
1.49502
0.402519
2.78255
0.745777
2.12451
2.90785
0.20902
0.749633
1.17379
4.28702
3.02011
0.771377
2.641
0.359591
1.98806
0.608137
0.114844
2.3909
0.330044
0.598438
0.37337
0.407659
0.301214
0.436863
0.642923
0.437087
0.592728
2.60481
0.626819
0.883944
1.15678
1.57288
0.296948
0.139566
0.498369
1.14876
0.705789
0.353557
1.86551
0.751305
0.47972
1.6148
2.98976
1.94191
0.103832
2.56249
1.43822
0.90691
1.27225
0.381341
2.23779
0.401526
1.95351
0.468235
0.959965
1.04075
0.130122
0.250351
0.729978
0.314787
1.79807
1.68902
2.57208
0.330686
2.04114
0.673591
2.33411
0.165208
4.12324
0.433602
0.332436
0.32466
0.0818047
0.126613
0.0425687
1.13216
0.528055
0.706256
3.64872
0.526676
0.0821946
1.22276
4.10342
1.63628
1.57439
0.878858
2.0612
0.513427
0.408841
0.894777
1.38408
3.41777
0.335171
0.187321
0.921074
0.700488
0.794846
0.777169
0.436494
0.696291
0.883188
0.498677
0.00615349
0.513856
0.182327
1.42808
0.182953
0.622541
1.43343
0.151616
0.920382
0.530171
0.238842
1.14019
0.333078
0.672839
2.31732
0.280087
2.97982
1.27651
0.604033
1.33998
1.04819
0.75899
0.274101
2.27688
0.36229
0.225184
4.77557
0.703799
1.23114
3.63713
1.20896
0.450309
0.412291
1.16507
0.775165
1.19006
0.0120535
0.567289
0.0833333
0.406223
0.514566
0.552805
0.348542
0.0394157
0.167755
0.770358
0.766883
0.385402
2.08979
1.32462
0.52294
1.1537
1.34213
1.27189
0.348876
0.314778
1.12732
1.04825
1.01206
1.04093
0.628703
0.0262202
0.758263
0.0942683
0.853991
0.166967
0.4651
1.21728
0.0181513
0.337702
0.0276937
0.597224
0.754118
0.568179
0.999719
0.538818
0.982152
2.38147
0.823987
0.158236
1.48626
3.08096
0.564162
0.464402
0.0376219
0.154779
1.41106
1.86594
0.656331
1.39249
2.12758
0.0481302
0.720562
0.197956
0.452688
4.75216
0.369442
1.07805
0.319049
1.63475
0.108328
0.47971
0.0699449
0.143264
0.625565
0.33199
1.12965
0.392372
0.0713097
1.34068
0.984998
2.02062
0.736554
1.37048
3.37891
0.574745
0.370433
0.53194
0.462092
2.15517
3.25379
1.3784
0.651087
0.708604
2.69431
3.2449
1.3046
0.466718
0.974252
0.4192
1.33074
0.653566
0.578248
0.201957
0.100958
0.0615546
0.211682
1.99456
1.13992
0.413833
0.387832
0.0291713
0.285565
0.452904
2.20525
0.715873
0.628476
0.445749
1.56313
4.73618
0.215968
0.00115129
0.413469
1.51441
0.0538593
3.01155
0.749425
1.76691
0.300774
0.150189
0.0830352
0.578395
2.88871
0.998966
2.83816
9.23984
0.677406
1.28764
0.357091
0.646265
0.483684
1.234
1.15132
1.17996
0.15901
1.52244
2.65709
0.382783
1.40601
0.104629
3.51366
0.0108405
2.97642
1.94097
0.926935
0.593774
0.48831
0.00606237
1.83904
0.0115859
0.999098
1.24371
1.7157
1.08667
1.98141
0.510377
1.3143
1.09023
1.67897
0.800475
2.27741
0.314202
1.10506
0.352227
0.876569
1.07459
0.30029
0.791741
0.359026
0.198747
0.517167
0.177939
2.64606
2.56406
0.499443
0.49777
0.562324
0.181765
1.23389
0.0954327
0.406316
1.70641
0.516551
0.311454
0.286663
0.570593
1.68291
0.0950014
2.10617
0.232005
1.73772
0.00050024
0.0312382
0.601008
3.68184
0.863634
1.73076
0.238615
2.46855
1.51411
4.02289
0.648417
0.13162
1.18067
0.606393
2.11764
2.5069
0.498541
1.22484
0.450363
0.0491258
1.35735
0.237411
0.227977
0.514266
0.897404
0.623024
0.287326
4.70315
0.915883
1.76678
0.177428
0.529063
1.70685
0.400363
2.66421
0.439157
0.213388
0.171407
0.886783
0.0846989
0.162846
1.57197
1.35843
0.23645
0.370158
0.0915547
0.336592
0.734562
3.32334
0.111967
4.05627
1.27079
1.38968
0.157399
1.06844
0.703551
1.36373
1.43532
0.0404221
0.577691
0.320293
1.68355
0.474884
0.0436726
0.828089
1.64838
0.282161
0.0229506
0.0884785
2.31506
0.375182
0.82833
0.605677
0.99597
1.87861
0.365437
0.55464
0.722447
0.033508
0.250667
0.565556
0.563774
1.59697
0.126637
1.22506
1.06271
0.891856
0.206202
1.7343
0.269028
1.24059
0.064088
0.168206
0.554006
1.09645
0.319317
0.898726
0.680997
3.20797
0.221193
0.031198
0.895664
0.277632
1.37504
1.18565
0.162399
0.770343
0.549794
0.229638
0.56697
0.0208383
0.312615
1.83119
0.466618
0.123445
0.41575
1.48127
0.669001
0.0843479
0.702778
0.584779
0.785649
1.78244
0.52806
0.535121
0.252293
0.119387
0.110577
1.08583
2.56762
1.11903
1.31603
1.68281
0.0792794
1.38552
1.27561
0.389031
0.155606
0.257321
0.19608
1.50942
0.970082
1.8972
0.0925863
1.86603
0.282488
0.162795
0.925905
1.62937
3.75439
0.378888
0.793395
0.916005
0.371083
1.97089
0.399175
1.70551
3.3419
1.59511
1.25862
0.55406
0.0717332
0.959896
1.25072
2.61857
1.46371
0.652695
0.37345
0.68491
2.09883
0.806485
0.657338
1.71242
0.681436
1.23821
0.236125
1.11994
1.09539
0.702263
0.107968
0.428526
0.317808
0.197291
0.750216
0.881829
0.986907
1.78701
0.737434
1.22113
0.477912
1.61092
0.357578
0.304685
0.0513235
0.481468
0.0121982
0.844432
2.74034
0.010141
1.05215
0.175744
2.10764
0.658042
2.42441
0.364809
0.259329
0.681683
0.388235
1.72742
0.108196
1.32183
0.245835
0.36142
2.11926
0.558886
1.81695
0.495764
0.05747
1.17671
0.673389
0.599902
0.0919257
0.516034
0.258206
0.371006
0.354303
4.18347
2.27845
0.96398
0.690722
1.12092
0.954621
0.0650166
0.19737
0.969975
1.27148
0.51456
0.00547678
0.104607
2.06523
1.87722
0.57916
0.28152
0.404487
0.665633
2.78062
0.965404
2.00626
0.430091
1.09213
0.706603
0.558529
0.356441
0.446764
0.985847
0.171856
2.30448
0.478384
2.20938
2.44848
4.25239
1.81838
0.631803
2.88341
0.574242
1.17265
0.0460686
0.186705
0.662923
0.854933
0.0872503
0.860876
2.54738
0.641991
0.0740749
2.79343
1.5528
0.150743
0.940459
1.31238
2.64878
0.17936
0.298867
0.137063
0.18587
0.226417
1.63107
0.468432
1.19156
1.55171
0.109649
0.559053
0.224048
0.159163
0.0363691
0.0800071
0.746444
0.153861
0.462947
1.92466
0.931051
0.132084
1.48398
0.0418255
1.51575
2.84512
0.0584502
0.129303
0.0135032
2.41775
1.12624
0.102202
0.0417252
2.53864
1.66513
3.49267
0.257893
0.350942
0.0405594
0.882579
1.25598
1.60342
0.466881
1.83756
0.720446
1.29981
0.569847
0.327574
0.278271
1.28894
0.388474
1.15376
2.88004
1.11556
0.0770924
1.35172
0.951577
0.0682425
0.296897
0.782912
0.595297
0.613393
1.45717
0.254579
0.0533187
0.0265123
0.103111
0.317964
0.443842
0.498635
1.82872
0.0513045
1.48868
0.080905
1.35655
1.02185
1.57216
1.31888
0.356634
0.819175
4.16617
1.58013
0.744917
0.389416
0.84368
1.33565
1.55928
1.54743
0.78194
0.777135
0.473483
1.85524
0.65498
2.79518
0.171168
0.791389
0.546867
0.615169
0.547485
0.157599
0.393666
1.15392
0.708357
0.35949
0.871063
0.0959999
0.609799
2.1835
0.253911
0.0014417
0.255981
0.574785
0.0183934
0.775318
0.10235
2.37123
0.92228
1.33048
0.379854
1.81598
2.1031
0.211846
0.306319
0.717508
0.892811
0.121268
2.26275
0.796245
1.12546
0.119049
0.220013
0.981406
0.134247
2.0688
0.0981524
0.287424
0.0344501
0.346409
0.182241
0.0520867
0.850384
0.114379
0.103346
1.13577
0.132713
0.663682
0.0596077
0.604469
2.05594
0.0771752
0.42124
0.212018
1.49718
0.225472
0.891201
0.14986
0.763079
0.275767
0.631999
0.0606338
1.01458
0.717836
3.89099
1.84088
0.174626
0.682244
1.59346
0.073797
1.42921
2.08374
0.809393
0.84284
2.68733
0.503172
1.63865
2.98903
2.77046
2.27137
0.192963
0.0386953
0.97499
0.18105
0.125092
0.0769113
0.658001
5.42601
0.877179
1.57745
0.654027
0.267501
0.0969731
1.94542
0.948718
0.336999
1.06919
3.13357
0.719667
1.11652
0.100772
0.250891
0.0155598
3.0132
0.456552
0.471648
2.66592
1.84954
3.14582
5.51752
0.408842
3.17988
0.389416
1.32438
0.396558
0.896949
0.181632
0.743279
1.21756
0.768721
0.342554
3.58691
2.85216
0.189886
4.21715
0.427904
0.362751
0.109114
0.0374065
0.829968
0.363213
0.100468
0.487617
1.81064
0.940844
0.294383
0.304533
1.85832
2.17199
0.194835
0.240197
0.772406
0.314951
0.868306
0.412451
0.207438
1.56633
2.92948
1.08128
0.643356
0.665114
0.293333
0.656346
0.304093
1.08612
0.320685
2.4968
0.241825
1.82854
1.44102
0.905535
0.987069
0.732519
1.96913
0.0805579
1.24085
1.39663
0.934314
1.41916
0.163018
1.68946
0.439032
0.0553223
1.39028
0.554874
1.97564
0.944376
3.00105
2.49526
1.88693
0.690436
3.16592
1.65026
0.0224475
0.0463946
0.983649
1.37045
1.8149
0.520069
0.57193
0.491542
1.47517
1.47004
0.23812
0.653621
1.01819
0.202107
0.917476
0.196237
0.122185
0.787107
1.16695
0.722131
0.00638853
0.659157
0.540851
1.55441
4.20751
2.05906
1.89512
0.152754
0.116988
0.53082
5.10525
0.0221016
0.455897
2.15986
3.71962
0.747606
2.39827
2.41337
0.409571
1.28674
1.34657
0.902694
0.00750286
1.43808
0.129492
0.42539
4.36084
1.27348
0.589258
1.64226
1.5049
0.749135
1.08711
0.886542
0.461152
3.61356
0.231161
0.441864
0.801911
0.367004
0.800762
0.205058
0.436557
0.628381
0.658635
1.10504
4.15053
0.0920558
0.481842
0.571812
0.222172
0.639107
0.12609
0.592071
3.36139
1.32975
1.00279
0.381242
2.78584
0.0627487
2.24879
0.374871
0.0728038
0.505687
0.126738
2.00462
0.546073
0.588549
7.3044
0.18374
0.119386
1.88974
0.296353
0.231743
0.986363
1.52089
2.01688
1.41694
0.0717227
0.511889
0.491714
0.210513
1.44921
0.909992
0.415368
0.620148
0.652538
2.68108
0.552969
0.270665
0.732224
1.51218
0.90581
0.58572
1.09115
0.638902
0.922318
1.19506
0.0579044
0.379951
0.946845
0.678717
0.328101
0.131226
4.79685
0.694875
0.113425
1.10092
1.4447
0.324115
1.6997
0.104419
1.72946
0.0565912
0.448179
3.05592
0.259337
0.281818
1.2239
1.76993
1.25191
1.68985
0.36283
3.77492
0.477034
1.46253
0.27809
0.379519
0.170691
0.471289
0.44336
2.07538
0.0872668
0.0694092
2.64367
0.924971
0.202288
0.0973225
1.51868
1.55549
1.0192
0.022946
1.05226
2.62695
0.293375
0.0951809
0.576598
0.0377176
1.70371
0.428698
0.373185
1.04952
0.758361
0.871469
0.99875
1.97462
0.117378
0.247177
0.838743
0.714819
2.92222
1.10192
1.06261
0.443268
0.492294
0.327041
0.931319
0.18747
0.0892403
1.17201
0.182784
0.199351
1.50689
0.202908
0.444177
0.598629
2.1405
0.335431
0.619782
1.55959
0.342595
0.48735
0.239945
0.313585
0.152096
0.214616
2.28717
0.0987066
1.58498
4.03297
1.78646
0.294384
2.39556
0.159337
0.61322
0.122253
0.868524
0.451137
0.254206
1.51709
0.828857
2.43647
0.372831
1.62496
0.472943
1.56165
0.273027
0.569094
0.0812133
0.30651
0.113476
0.320849
1.67685
0.0119076
0.0333675
2.00746
1.38153
0.839692
0.596182
2.47025
0.323155
1.59845
0.0738432
0.0543609
0.76869
1.47066
0.688682
4.28356
2.73255
0.463281
2.04065
0.335307
0.438477
1.07541
0.302328
0.141824
0.173819
0.244919
2.80517
0.27585
2.80195
0.346173
2.09042
1.116
0.839008
1.31047
0.862672
0.228345
3.57158
0.745088
0.123577
0.0710424
0.336485
1.02375
0.647484
0.130156
0.96867
0.95643
0.251471
2.78757
0.66294
1.21336
0.0126905
0.970793
1.899
0.45302
1.33117
1.72245
0.00380437
3.08568
2.75674
0.017497
2.47153
0.110677
1.67594
0.912699
0.169219
1.01097
0.557775
0.779954
0.782163
0.935987
0.863153
1.074
0.486582
0.876596
0.333514
1.39006
4.16228
0.0799238
1.3725
0.449768
0.142889
0.750255
0.5087
0.455749
1.31667
1.01117
2.02717
0.41062
2.39369
1.48061
0.390096
1.11174
0.677916
0.0344527
0.11821
0.81895
0.936748
1.71456
1.13752
0.115779
1.74575
0.409765
0.994125
3.08835
1.34972
0.393678
0.00636092
1.92165
0.11755
1.58068
0.503083
0.50909
1.18474
2.26242
0.455926
0.970812
1.78079
0.895545
0.108391
0.118896
4.11862
0.655878
1.86917
0.450859
0.540649
0.317191
1.29857
0.414593
0.299618
0.518385
1.75241
0.461771
1.74357
0.181516
0.50877
0.0933374
0.705261
0.616792
0.0751298
1.8939
0.300641
2.79032
2.22924
0.820216
1.6223
1.73965
1.05558
2.76696
1.17549
2.72142
3.57485
0.116692
0.16309
2.40992
0.169089
1.21687
0.487116
2.45161
0.869663
0.362577
0.632732
0.0418035
0.873407
0.351001
0.659212
0.898576
0.555889
2.13257
1.0744
0.22815
0.101418
2.75079
1.01062
0.86064
0.386387
2.73373
0.0633814
2.90807
1.06483
0.0695164
1.45144
1.05995
0.371652
0.846826
1.63693
2.02139
0.0170561
3.30184
0.425767
0.280173
0.470437
1.56753
0.0415535
0.620027
1.29049
0.339661
0.443586
0.96109
1.03212
1.85786
0.13428
0.0366003
0.666962
1.93114
0.00961478
2.11105
0.385301
1.44517
0.0528193
1.55732
0.413743
0.215231
0.494226
0.411844
1.2885
2.57456
1.35732
0.267805
0.219275
3.06578
0.78542
1.14614
0.511496
1.28575
1.42547
0.115195
1.97156
0.540529
0.509505
0.35252
1.64118
0.734294
1.53163
1.36936
1.12433
0.0635386
2.72529
0.234788
0.963283
0.465194
0.497198
0.640175
0.24079
0.448657
0.00784044
0.0670621
0.0916933
0.357422
0.472137
0.596835
2.2055
1.35859
0.246414
1.85316
0.461654
0.854825
1.43736
0.0354142
2.48544
3.74936
0.373924
0.661539
2.04999
0.267723
0.614233
0.466253
1.95413
0.876746
2.13156
0.487877
0.475942
0.230302
0.268334
2.02733
0.730422
2.05782
4.83681
0.275501
1.14878
0.761499
0.41624
0.236554
0.0509505
0.0855247
0.266649
0.516983
0.561868
0.498105
1.15668
2.01819
0.376403
1.1126
0.0638616
2.30944
0.293075
1.42058
1.29267
0.328919
0.326646
0.463634
1.33047
2.45083
0.116072
1.00572
2.31697
1.67864
0.359797
0.725859
0.0871043
0.0521764
0.257908
0.479105
0.29283
1.38344
0.471958
2.0813
1.56523
1.00237
0.14557
0.794599
1.65794
0.537715
0.580586
1.34691
0.402425
0.414806
0.0892001
0.000341444
1.62831
4.5177
2.13897
0.959064
3.70827
3.33283
0.385016
0.0708472
0.339641
0.973779
2.02616
1.11952
0.597761
1.11625
0.257215
1.69692
1.89544
2.56395
0.277856
0.403908
2.2062
1.03696
0.297785
0.155131
2.19846
0.290883
3.2577
1.60742
0.659579
1.53411
0.210859
0.620823
2.42125
1.4534
0.361622
0.964136
1.95954
0.219924
0.247141
1.15006
0.190456
1.00861
0.481258
0.820957
0.77901
2.06319
1.24475
0.177113
0.552046
1.11314
0.826541
0.966075
1.07393
0.233995
0.0674578
0.00516067
0.414983
0.0730112
0.0540075
0.194968
1.98803
2.39312
0.237043
0.607811
0.723914
1.33161
0.150331
0.572424
0.727492
0.590244
0.302622
1.50636
0.0963119
0.349651
0.973369
0.822982
1.81049
0.429566
3.82439
0.253325
0.00356098
1.5295
2.0465
0.786678
3.03911
1.61608
0.00618429
0.543299
0.526389
3.14288
1.95819
1.25373
0.95468
0.404958
0.198113
0.573756
0.821382
0.759663
0.468356
2.95391
0.762921
2.30079
0.617496
0.0910446
0.461866
2.62631
2.53142
0.253463
0.359225
0.133162
0.385436
1.18251
1.58177
0.872724
1.85988
1.6513
0.191377
1.51506
0.457986
1.35394
0.795005
1.45023
1.47491
0.0307477
0.00108622
1.20668
1.01976
0.694297
0.324979
0.409023
0.0600523
1.41731
4.67589
1.13235
1.02281
1.07963
0.171536
0.241065
2.15408
1.41692
1.61363
1.97464
0.224865
2.7281
0.952833
1.10439
0.288473
0.0572472
0.757129
0.238291
0.430852
1.06261
0.129743
1.0022
0.433363
2.32258
1.07607
2.22857
0.497583
1.54446
0.149726
0.659438
2.5777
0.0987345
0.185653
2.77799
0.991554
2.07659
1.33212
0.0166632
1.8887
2.9712
3.9367
0.0214844
0.577778
0.389823
0.564824
0.0695601
0.0358129
3.01135
0.121897
0.484781
4.418
0.403432
1.00043
2.92674
2.51829
1.13018
0.826128
1.71655
0.456083
3.13799
0.467505
0.475801
1.44501
0.367534
0.232881
2.38795
0.10301
0.936717
0.729929
0.434237
0.349575
0.404696
1.4835
0.121478
1.18382
0.775698
1.86306
1.09453
0.866133
0.552997
1.23142
0.148803
0.82252
0.22471
1.31175
1.68266
3.16806
0.119912
0.232726
1.24294
0.942338
0.544469
0.351742
0.508344
0.836037
0.612117
1.57625
0.00764097
3.29472
0.956583
0.291891
1.10637
0.259959
0.526164
0.280172
4.63448
1.32008
0.0779217
1.08826
0.686755
0.320815
0.369722
0.0631592
0.441543
0.25362
0.128918
0.952956
0.0642175
4.02307
4.00575
0.972357
0.482847
0.20507
0.0443519
0.416585
0.40936
0.634561
0.0542205
1.01667
0.602408
2.95048
0.555519
0.973418
1.00904
0.1915
0.316539
1.25356
0.267053
0.0796133
0.798834
0.697534
0.382559
0.932883
1.58848
0.20598
1.22609
0.369913
1.05768
1.36959
2.82703
0.0298615
0.69063
1.46025
0.564504
0.161182
0.140211
0.156556
0.496428
0.125086
0.334057
2.15369
1.41605
0.464779
1.08121
1.4694
0.18746
0.0468407
0.0407743
0.00545976
0.138831
0.721449
0.082282
2.24471
0.309375
1.94263
2.10754
0.0917426
0.232768
0.697245
0.678407
0.53431
0.666071
0.434413
0.402212
1.74618
1.23159
0.961678
4.12284
0.331826
0.108023
0.0896412
0.331319
1.66053
1.06279
1.34908
3.24875
2.58755
1.25366
1.62719
0.273038
1.34415
0.226481
0.0375632
1.75186
0.295351
0.369779
0.440654
3.66258
0.420694
0.87149
0.047437
3.56489
1.32218
1.06839
0.0952815
1.33972
0.990479
1.29527
0.662802
0.707735
1.24831
0.515909
4.34545
1.28296
1.03308
1.54829
0.116221
0.052868
0.605326
0.151346
0.0705315
1.65878
1.25665
1.16774
2.74608
0.353832
0.437101
1.82893
0.22804
0.737952
1.8849
0.0761869
1.11684
1.82263
0.658193
0.196469
0.339506
0.16209
0.0667846
1.77669
3.43953
0.230895
0.398575
0.0810468
0.387162
0.435561
0.0296242
2.85427
1.20894
0.357767
0.309747
0.921392
0.35475
0.223429
0.114819
4.0889
0.0399758
0.598202
1.03245
2.31163
0.188166
0.324973
0.717954
1.9726
1.15033
0.585418
0.354657
1.18993
1.40768
0.542908
3.21467
0.403727
2.24046
2.68315
2.81363
0.19958
0.0414479
0.01954
0.363677
0.963243
0.16519
0.888787
0.622258
0.0906856
0.437033
0.201722
0.634311
0.738761
0.199202
0.196948
0.470399
0.015354
0.441252
1.39585
2.17678
2.9512
0.0448862
1.06908
0.254795
0.940255
0.225204
0.257461
0.744943
0.395494
0.544996
1.19712
0.604639
0.0524028
0.946818
2.06242
1.01085
1.10898
0.426061
0.812625
1.38093
1.38203
0.253417
0.952405
1.99754
0.534454
0.056454
0.287415
0.14041
0.0368433
0.336401
0.630909
0.346383
0.0387033
0.565942
0.785879
2.364
1.60209
2.41898
0.115638
0.727056
0.0747946
0.601161
1.21696
3.58833
0.11554
1.88755
0.562813
0.181946
0.196151
1.30677
0.332238
2.4715
2.21191
0.36443
0.140716
1.43019
1.66828
0.113146
1.23808
2.7351
1.32405
2.41663
0.424558
0.751338
0.504061
0.174436
0.62942
1.66109
0.778219
1.63397
2.10446
0.112694
1.01907
0.436276
0.156565
0.629292
0.573225
0.242598
0.392098
0.0405477
0.445585
0.63294
1.8216
1.01337
1.46911
0.319741
0.688921
0.915959
3.05816
0.48827
0.622781
0.0428238
0.764706
0.730984
0.726175
0.785524
0.0252922
0.478833
0.827504
0.63301
0.12124
0.303576
0.231667
0.386528
1.42948
0.305905
0.767426
1.55505
0.27067
0.458674
1.55838
0.0590264
0.0166939
0.323006
0.19597
1.18504
0.0230408
0.0950635
0.148382
3.23519
0.26485
0.993753
0.190268
0.932472
0.531374
0.568805
1.72435
0.105778
0.287887
0.097436
1.84089
0.00316021
0.162443
1.85509
4.31979
0.0232783
0.229608
1.08135
2.70763
0.728864
0.270051
5.38568
1.61812
1.18157
1.12297
0.238929
0.245833
0.261801
1.01156
3.42886
1.67918
0.139086
3.25379
0.753114
1.88735
1.19084
0.919812
0.17027
1.12565
0.650747
1.35981
0.150442
1.13582
0.921978
2.34328
0.425401
3.3485
2.67365
0.32066
0.410202
1.81082
0.0944867
0.710366
2.15727
0.951733
0.765323
0.153179
0.7113
0.158781
0.578075
1.37126
0.199849
0.77386
0.234133
1.15285
0.0331772
1.06767
0.0272818
0.749354
0.424281
0.310937
1.18631
0.300502
1.1033
1.11199
1.14798
1.09805
0.353954
2.04597
0.980816
0.423078
1.83282
0.53665
0.261594
0.58757
0.453839
2.86256
0.0318644
0.304754
1.55464
0.598368
1.76223
0.487485
3.7378
1.05405
3.51005
1.4868
0.72151
1.42108
0.996486
0.640351
1.69003
0.316377
1.88321
1.13021
0.373088
0.749946
0.887236
1.9948
0.1765
1.98946
2.39557
1.92474
0.563163
0.247919
1.34212
0.414596
1.04223
0.612215
0.554344
1.24214
1.09462
0.00899167
1.61015
2.12047
0.628452
0.414678
0.0294971
2.01285
1.57988
4.14997
0.368077
4.15786
0.428291
2.75749
0.321451
1.07988
0.139199
1.46805
2.52366
0.0340559
0.974299
2.32969
0.522017
0.1445
0.866583
0.304625
0.395967
0.534608
0.935622
1.02811
1.55331
0.00764964
2.17217
0.0993187
0.404096
0.105925
0.942985
0.547435
0.160994
0.285725
0.800677
2.18056
2.06277
0.318508
1.36468
0.0587153
0.22313
0.73045
0.360967
3.35018
0.86539
0.0574402
0.739161
0.764318
1.16087
0.763866
2.57032
0.109802
0.818388
0.55818
1.77066
0.227379
0.0369615
0.532537
1.4871
0.479362
0.515418
0.434653
1.24353
1.43985
0.746827
0.414206
0.281433
1.1199
5.09751
0.382094
0.404093
3.4723
1.02566
1.30217
2.51605
0.541618
1.01486
0.161633
0.929016
2.13826
0.12434
1.12215
0.302108
0.270106
1.06186
1.2587
0.054833
2.71527
0.63367
0.524134
2.5966
1.46251
0.67083
1.04928
0.45775
1.3138
0.154485
0.916316
1.008
2.20134
0.31363
0.186514
1.95372
1.75598
1.09057
0.58335
0.177268
1.71505
1.64504
0.656317
0.154594
0.114569
2.29066
0.340785
4.66523
0.249483
3.79467
0.170332
0.103848
0.663773
0.437689
1.28448
0.372045
0.280867
0.938672
0.45825
0.153323
0.492131
0.273383
0.406204
2.78134
0.0389938
0.327383
0.511015
3.79009
0.975288
1.00554
1.67024
0.585139
1.31687
1.83064
0.612066
0.184734
0.712259
0.392904
0.0498742
0.0720994
0.734681
0.150867
0.0517167
0.400928
0.288527
0.203729
0.72287
1.71561
0.806182
1.19504
4.49147
0.424371
4.34888
1.81227
1.49953
0.806424
0.306386
2.01575
0.382883
3.93707
0.263702
0.406819
0.892998
0.0341443
0.831138
3.0454
1.43763
0.570391
0.0188773
1.05586
0.725903
1.78299
0.630464
0.424178
0.292622
1.5976
0.661004
0.244958
0.57685
0.511826
0.0679918
1.56297
0.973586
0.978717
0.283684
1.07404
0.308639
0.792582
0.710287
0.134041
0.287775
0.188191
1.14198
0.973317
0.440684
0.0395983
0.0704359
0.628663
1.54699
0.556321
0.0262301
2.23695
0.334917
0.424183
0.0894795
0.479322
2.20827
0.722489
0.0320626
1.4289
0.09056
0.0455882
2.39459
0.390319
0.0841931
2.32181
1.92418
1.87125
1.04212
0.267967
2.88027
0.71495
0.295233
2.30862
0.554035
0.567051
1.52047
0.0913837
0.945874
0.23255
1.13952
0.641389
0.365126
0.115405
1.84763
2.87866
0.119273
0.317989
0.901551
0.406483
1.4626
0.351262
0.665315
0.345252
1.05722
0.160343
1.61501
0.552655
2.67664
0.415655
1.32013
1.8655
3.17202
1.87434
1.7289
0.476677
0.144515
1.41585
0.57722
1.27583
1.33865
2.91675
2.80751
1.48266
0.0636313
1.73532
0.77987
3.60344
0.439504
1.01378
1.00099
0.677645
0.423358
0.846114
2.30331
0.632776
7.39404
1.60057
0.381095
0.691023
1.8579
3.4769
0.791488
0.00609541
1.54676
1.14791
2.05606
3.93665
1.05824
1.94561
0.414836
0.537666
0.623916
0.896074
0.547408
1.52738
0.343953
0.279693
1.24075
0.545476
0.564806
1.51208
0.399595
0.864931
0.0303996
0.595118
0.625948
0.460416
1.08515
1.59417
0.607711
2.44091
0.0781906
0.649982
2.05106
0.820762
0.861172
0.627939
0.101693
0.621516
1.8959
1.81398
0.0908822
0.354262
0.356657
0.683367
0.251134
1.91562
0.275442
0.768921
2.93805
0.159488
1.61984
2.21729
0.672206
0.61938
0.497178
0.0337708
0.168067
0.268971
2.12948
2.52696
1.28556
1.07168
0.0600233
1.04649
0.0337615
0.264052
0.214826
1.10493
0.133892
3.75693
0.366165
3.03984
0.116085
1.89062
0.917278
2.95293
0.420027
2.34484
0.736266
0.0338982
0.256033
0.252889
1.96077
0.809092
1.37352
0.487381
1.15076
1.53845
2.34733
0.378663
0.359653
1.21233
0.513331
1.59167
0.123923
3.06572
2.16442
1.81235
0.195323
0.544333
0.550623
0.0732199
0.121092
0.187655
0.317792
0.709103
1.56222
1.06479
0.397644
1.53188
0.0721909
3.23461
0.811993
2.5328
0.42147
0.791286
1.08423
1.6392
1.35282
1.92367
0.123977
1.13167
2.81484
0.418044
0.480273
5.15719
0.20628
0.180771
0.736076
0.959805
0.508773
1.32545
0.171859
0.24762
0.666555
1.03218
0.792449
0.527707
0.0525555
0.381415
0.937381
1.05754
1.59423
0.855375
1.23826
0.0976994
0.246908
0.4449
0.0189782
2.18788
0.154221
0.231036
1.41234
1.18251
0.492802
2.06007
0.259257
3.90912
1.82845
0.660401
1.15251
0.644238
1.05902
0.998981
1.43628
0.127521
3.37357
0.590279
1.49563
3.07787
1.86242
0.0985822
0.192479
0.268645
0.140996
2.58355
3.23719
0.339306
0.375377
1.37041
0.643662
1.90783
0.856954
1.56284
2.48839
0.439841
0.0405322
0.551252
0.140689
0.410258
0.945957
0.977663
0.707019
0.689962
0.855585
0.317122
0.0159964
1.37997
2.55185
0.130243
1.4929
0.356997
0.014323
0.0061826
0.650796
3.72714
1.73128
0.0213107
0.57693
0.520104
0.539952
0.115453
2.43424
0.0608907
1.60105
0.724718
0.19359
0.479276
1.49737
0.433038
1.35387
0.620129
0.323409
0.355684
2.64492
0.82663
0.39864
1.14507
0.299788
0.584073
2.06341
1.74484
0.094714
0.436862
0.119913
0.347421
0.482412
1.61844
0.0361642
1.26364
0.881991
0.695609
0.92258
0.0989031
3.55873
1.21877
1.4298
2.38902
0.206134
0.279951
0.670266
0.843537
0.219603
0.618248
0.148269
1.40178
0.164301
1.95758
0.119156
0.26399
1.67521
0.837234
0.277611
0.874001
0.126336
0.953615
0.580836
0.899806
0.285985
4.39161
0.451537
1.44273
0.157775
0.156878
1.90823
0.265514
3.6833
0.898849
0.690735
0.359017
0.053124
0.294425
0.498344
0.975233
1.20543
0.940755
0.0801172
5.92514
1.01186
0.809199
0.368555
0.51814
1.31652
0.28158
1.19429
1.16926
0.397104
0.113403
0.0730043
0.241669
1.7977
0.252887
1.74437
2.05429
1.76467
4.97473
0.106153
1.65278
0.0980832
1.29501
0.38721
0.0561615
1.41297
0.25894
1.19614
1.14996
1.35147
1.001
0.0986415
1.44817
0.272738
0.455612
0.119222
3.425
0.700237
0.177932
1.20547
0.855266
0.90587
1.28837
4.32736
0.918339
2.038
2.06842
1.47078
0.142687
1.58588
0.596943
0.620566
1.95126
1.85906
1.34895
0.354055
2.51106
0.75994
0.900339
1.45859
1.02367
1.10831
1.01046
1.33294
0.704742
0.43447
1.08623
0.0269111
0.391117
0.0246107
0.894083
0.118135
0.873799
0.168585
0.630307
1.36197
0.39371
1.24454
0.403057
3.37607
0.0540742
0.250699
0.919656
0.270497
0.434364
1.90342
3.13978
0.69392
0.944337
1.4722
1.0289
0.28063
0.770805
3.90873
0.660619
0.101348
3.06735
1.02331
0.114054
0.411638
0.175973
0.597488
1.10535
0.110023
0.0976921
0.383563
0.155831
2.02981
1.03343
6.42544
2.5243
2.34268
0.00875085
0.40751
0.654443
0.377187
0.152109
1.70969
0.647649
1.88206
1.44494
0.564603
2.05919
1.48691
0.242986
0.470959
0.731875
0.0867676
1.09174
0.39185
0.345609
0.303595
0.124346
0.735101
0.444792
0.574925
1.20655
0.437799
0.212576
0.458086
0.63799
0.757876
1.05056
0.18467
0.517345
0.254699
2.71992
0.220123
0.679814
0.378816
2.45031
4.27023
0.342562
0.170492
0.185838
0.806134
1.59343
0.239718
1.10259
0.109565
1.98297
0.149245
0.256483
0.363607
2.67074
1.32998
0.968281
0.149181
0.705695
2.72243
0.278759
0.52749
2.20654
0.387509
0.115281
3.24757
0.132476
0.389271
1.31504
0.507294
0.135997
1.04618
1.71273
1.91994
2.34462
0.476776
0.227969
1.59164
0.432501
0.00189389
1.02662
0.605995
0.720825
0.584553
0.390373
0.319086
0.150639
0.560813
0.792655
0.368817
0.0373352
0.507038
4.52167
0.391029
2.68397
0.419565
0.861209
0.381265
0.754339
1.25969
0.0139223
3.05257
0.591579
2.0225
1.02317
1.3523
1.68341
0.775449
2.57268
0.213618
0.399879
0.281296
0.791049
0.887844
0.164688
2.26295
0.499096
1.13064
4.19634
3.44242
0.301498
1.63083
1.76841
0.506728
1.71326
0.56015
2.30707
3.48356
0.108301
0.237747
0.860061
0.78661
1.20941
0.251065
0.0740236
0.950111
1.73327
0.405564
0.721315
0.743106
1.6856
1.86727
1.20573
0.910857
0.057836
0.194551
0.423258
0.180784
2.63914
4.05224
1.12429
0.236122
0.43534
0.0859261
0.148669
0.719489
0.578298
0.0141634
0.713341
5.34924
0.560343
0.120625
1.4499
1.26442
0.388803
3.13733
0.920953
0.0267583
1.25246
2.45048
0.513523
1.9381
1.01579
0.148398
1.37775
2.42903
0.327501
0.0959131
1.28093
0.28047
0.850102
0.371012
0.00242076
1.00118
1.13214
0.0164399
1.31537
0.293095
0.00992319
0.689547
0.620333
0.22077
0.871354
1.78707
2.41698
0.927644
0.852134
2.21547
1.67077
0.0529901
0.440254
0.615106
0.271387
0.0880003
0.196346
1.50851
1.47302
3.40266
1.17235
1.9894
0.257774
0.943792
0.462809
1.47027
0.575019
1.21203
1.5084
0.624001
0.0401445
1.1956
0.355002
0.122759
0.748687
0.809878
1.0439
0.15574
1.17801
0.194141
1.59493
0.648819
0.673759
0.0532365
0.489864
0.274089
0.536925
0.0982737
0.663777
2.81517
0.810573
1.49241
0.0823472
0.265469
0.097311
0.947151
0.433475
0.377475
5.20052
0.320844
0.657666
0.0306637
0.175839
0.542573
0.32293
0.389388
1.51011
2.55917
1.75939
2.62581
0.62894
1.30064
0.585235
0.127284
0.0355902
0.0292772
0.397968
0.587744
0.75485
0.94947
0.911916
0.12442
0.109523
0.481356
0.460027
0.034368
0.309532
0.096156
0.459421
5.27391
0.568718
0.202473
0.585831
2.40075
2.93868
0.537209
2.31439
1.19208
0.442852
1.0804
1.58371
0.445695
0.275866
0.903891
0.566412
0.442291
1.97143
0.0871222
0.910295
0.46339
0.899406
0.918757
1.14077
3.89289
1.93976
0.342928
0.0359034
2.41226
5.66374
1.5254
0.219238
0.486005
1.18187
2.6669
1.84965
0.118964
0.505808
0.36222
1.06628
0.403819
0.773187
0.131608
1.21573
1.36512
0.115594
0.35729
0.222694
1.38493
0.778044
0.0648779
2.11858
2.21781
0.992738
0.669483
0.600831
0.236339
0.658982
0.104503
1.68215
0.539024
3.1943
0.103851
0.456644
0.504273
0.222617
0.539135
0.153448
0.489837
3.08626
0.876953
0.832015
1.33765
0.21885
1.57559
1.59784
1.12896
0.524517
0.0912832
0.151445
0.64105
1.27149
0.119498
0.547805
0.146923
0.503939
1.94348
1.13555
0.0589766
0.906424
2.26356
0.459852
1.06985
1.12136
0.787195
0.454839
0.0737406
1.15016
2.05724
0.0522417
0.228967
0.116111
0.672548
0.524125
0.670298
2.35417
0.565132
0.530726
0.227861
0.0700896
1.96308
0.506378
0.888179
0.300792
0.205568
3.79114
0.742216
0.0187484
0.370637
5.84556
0.120102
1.10777
1.57255
0.242902
1.23361
1.64709
0.527796
1.00793
0.408592
1.10765
0.0757666
0.404809
0.234856
0.904239
0.21342
0.227757
0.515966
1.69119
0.791114
0.0626308
0.869638
1.12635
0.351739
0.198352
3.96242
2.70209
0.597862
1.55578
0.110349
0.372134
0.135544
0.446939
1.23121
1.32426
0.591494
0.716481
0.0713159
0.534567
1.72506
3.76793
1.97287
0.76214
1.43969
1.16408
0.3527
4.34684
0.0748202
1.36591
1.61969
2.08629
0.433594
1.18935
2.59379
0.376654
1.40091
1.82458
1.94948
1.3454
0.0438105
0.654623
1.03264
0.305095
0.268454
0.099292
0.560425
0.635595
0.00377234
0.539112
0.125236
0.808008
0.753595
0.689618
0.135263
0.185207
0.329744
0.264802
0.115858
1.68796
2.09552
0.930215
1.67035
0.751027
0.404949
1.5262
0.636073
0.907699
0.0434957
3.65778
0.221948
0.0315571
0.546829
0.194949
0.494152
1.29805
0.308555
0.925084
1.13034
0.442464
2.56115
2.52575
0.418247
0.0581772
0.720261
1.59211
2.22281
0.651495
0.764952
1.79605
3.09845
0.0155395
0.239166
5.58317
0.11941
3.83712
0.814615
1.35347
0.159771
0.720001
0.631944
0.920118
2.77762
0.593118
0.439387
2.68093
0.227085
0.122536
1.28741
1.49834
0.640155
3.33697
2.39322
0.400359
0.0592235
0.799992
0.591626
1.40145
0.551191
0.229987
3.62637
0.0316268
0.472418
0.634214
0.102877
1.49985
0.106769
0.360046
0.0445412
1.75301
0.5507
1.06678
1.29661
3.11566
0.277958
1.03786
2.10881
1.79999
0.889543
2.18448
4.07244
0.822059
1.61771
0.575775
0.0477717
1.37641
1.91374
0.777928
0.363288
0.319502
1.03057
1.82447
0.35808
0.221263
2.12922
1.49803
0.529462
0.712788
0.28732
0.471932
1.23746
0.346813
3.10023
0.530226
0.116451
1.08033
1.52501
0.313351
1.37908
0.379024
1.1235
0.0315261
1.3978
2.51984
2.04558
0.221733
0.129426
1.16248
0.109232
0.649309
0.506952
0.650054
2.77074
0.727271
1.27509
1.17833
0.191618
2.05614
0.827275
1.20935
0.305061
3.24788
0.34886
1.36282
0.412368
0.488497
0.208896
6.65322
0.0290774
1.02199
0.441561
0.574826
0.579057
2.33464
0.0334151
0.488342
0.567165
2.08452
2.87566
3.25931
0.626188
0.905337
1.51715
0.124565
0.193035
0.415422
1.02677
0.0829072
0.906059
1.36146
0.469822
0.427341
0.148106
2.67428
0.758966
1.69471
0.338097
0.365984
1.86585
0.632674
0.428203
0.543652
0.309607
0.858317
1.27105
0.33412
1.60501
0.175012
0.0610442
0.14866
1.63476
0.164963
0.202144
0.136002
2.13629
1.18602
1.41229
0.41959
1.34749
2.61459
1.08717
0.746995
0.466571
2.30577
2.0629
0.511969
1.32501
0.497278
0.0406074
0.294724
2.73637
0.141515
0.485229
1.3904
0.923929
3.47767
0.781466
1.89609
0.120551
1.89722
1.13071
0.293438
1.85612
0.821445
1.17391
0.21891
0.372014
0.313923
1.97106
0.120663
0.772157
0.127228
0.903612
0.476558
0.517436
0.673861
0.389969
2.25289
3.47175
1.66125
0.880879
0.185599
1.43669
3.96242
3.13858
0.0267006
1.23
3.50693
1.29371
0.4769
0.435781
3.30419
0.729671
0.461231
0.0733341
0.695191
2.00688
1.21131
0.625082
1.83061
1.09405
0.646207
0.0534626
0.165231
1.45314
0.212898
0.907512
1.46844
0.312566
2.11985
0.194783
0.339012
0.311511
0.537357
0.365293
0.478584
1.25956
1.555
2.92743
1.34123
0.955011
2.60806
1.08094
1.10521
0.419747
0.077698
1.80468
4.69319
0.374267
0.36651
1.0074
0.436155
0.220799
0.150955
2.39783
0.27546
0.696159
0.265813
0.0984039
1.15635
0.0888869
0.0578306
1.5179
0.635401
0.0596727
0.39406
1.27301
0.145006
2.54636
1.48384
0.933614
0.29367
0.537761
2.46818
2.11891
1.66943
0.499419
0.88034
0.0419632
0.530231
3.6749
0.0994927
0.807704
1.078
0.759125
1.12456
2.1231
0.406293
0.238564
0.535046
1.05822
0.388122
0.253513
3.04524
0.279591
2.64435
0.407497
0.425418
1.05653
0.000378373
0.437887
0.626984
0.503344
0.150355
0.197832
0.375839
1.32572
2.94296
0.724926
1.0623
0.483283
0.682563
0.305059
0.471263
0.829184
0.0255222
0.647816
0.0905429
2.26824
0.324209
0.493659
0.810451
0.692162
0.133231
0.725146
0.725555
0.326832
0.245251
0.693269
0.691028
0.515431
0.399349
1.12783
0.636901
0.61022
0.523263
0.764449
0.776623
0.0504267
4.12105
0.461285
2.26057
3.96179
1.17432
0.0529497
0.793685
0.128051
1.81795
2.03217
2.29165
0.211748
0.00634705
2.4603
0.619251
3.28452
0.84457
3.02883
1.08637
1.39057
5.3102
2.02179
0.139281
1.25493
0.448898
1.14249
1.52683
0.54631
4.83117
0.653053
0.824038
1.09048
3.51367
0.161811
0.44022
0.630239
4.86514
0.632949
1.34595
0.150246
0.378979
0.2518
1.51687
0.0154061
1.22339
1.42982
0.318506
1.99936
1.10062
0.234237
0.0388974
1.16719
1.26178
0.710008
1.57467
0.559789
0.13429
0.917517
1.83809
0.309672
0.757268
1.64736
2.68281
0.0487416
0.138669
0.4777
2.41644
2.0347
0.603184
0.265308
2.74336
1.64921
0.103227
0.418187
0.7329
3.3899
0.546499
0.562348
1.14886
0.104988
0.908825
1.45303
1.52397
0.745139
0.218623
0.670606
0.478249
0.108343
4.89105
2.97903
4.826
0.514215
0.913342
0.623835
0.730894
3.61954
0.419371
0.315348
0.241914
0.800168
0.701316
0.755913
2.33268
0.321905
0.100133
1.19833
3.11457
0.119833
0.087293
0.499678
0.409045
0.675767
0.518739
0.71651
0.072638
2.06135
4.94257
0.858785
2.38424
0.443273
0.310296
1.4609
2.97789
3.47778
0.0305451
0.701965
0.382704
2.73164
0.0314107
1.31901
0.546442
0.401579
0.484398
0.991591
0.766325
3.15865
0.190519
0.798626
0.515382
0.468075
1.19484
0.0709049
0.0180346
0.189951
1.67062
4.58269
0.625998
1.3301
1.37007
0.652757
0.312361
0.0458153
2.1789
0.264115
1.62389
3.00712
0.792659
0.176659
1.65766
0.166986
0.577702
1.89576
1.92388
3.66412
6.13644
0.713997
0.464368
0.0811451
1.04935
0.0635727
1.68552
0.383577
2.49756
0.410824
6.30212
0.122634
0.0286166
0.0109179
0.954339
2.26104
0.964647
0.250657
1.48853
1.74052
2.09795
0.407701
0.772728
0.665888
1.71522
0.233394
0.257088
0.379724
0.481953
0.318125
3.96766
0.0164802
0.986666
0.219039
0.781941
2.5014
1.49043
0.126919
0.150382
0.196052
1.13753
3.21391
0.243767
0.147002
0.264953
3.17675
0.688627
0.352947
0.924166
0.300756
1.08883
1.57791
1.0673
0.687762
0.177511
0.44637
0.119342
1.80756
0.190067
1.25264
1.09203
0.36139
2.12914
1.18233
1.13353
0.0331232
4.71822
0.0670122
0.401725
1.05412
0.531282
1.38364
0.20827
0.324759
0.278354
5.3629
0.793431
1.97758
2.12048
0.261535
0.209072
0.653544
1.50407
0.674898
0.00671293
1.67784
0.112761
0.310951
0.813574
0.357432
1.32895
1.62505
0.124019
1.50802
0.19812
0.744619
0.993245
0.346389
0.0925895
0.238097
0.602007
0.239719
3.48903
0.587735
0.469556
0.838962
0.120824
0.700247
0.929784
0.000318819
1.12918
0.593976
0.412435
0.246767
0.84271
0.204385
2.32237
0.249582
1.54533
0.728258
0.286306
0.567303
0.645858
2.30475
0.538454
0.285786
1.33333
0.354068
0.896604
1.32989
0.104695
1.31488
0.0343217
0.799279
0.343022
0.741086
1.14052
0.741657
0.963512
0.0260389
0.46854
2.16412
1.09974
0.797955
0.522849
0.719107
0.638227
0.130771
0.495401
1.23381
1.03587
1.92993
1.11567
0.1071
0.524732
0.68275
1.17774
0.830884
0.161942
1.52208
1.30262
0.426659
1.26003
0.299266
0.082966
0.396362
0.935708
0.309132
1.51072
0.782083
1.86491
0.709061
0.944929
0.919925
1.87825
1.17328
1.6626
3.74217
0.993887
2.44546
0.0941304
1.456
0.842248
0.674639
0.383243
0.657965
1.31998
0.750386
0.257675
1.95298
3.21015
3.23581
1.24084
0.459558
1.1189
0.288312
0.641948
0.0808858
0.0529926
0.236783
1.02182
0.888115
0.332519
0.534596
0.336129
0.0490033
2.8489
1.24119
0.0740026
0.880402
0.512728
0.395916
0.62514
0.481518
0.00729926
1.13529
0.0556251
1.28471
0.486557
0.294096
1.09403
0.0641622
1.24921
3.94116
0.457752
0.0795367
1.99673
0.164195
0.00633706
0.129231
0.800175
0.519921
1.02667
0.687572
0.242235
0.517427
1.76555
1.28055
0.209307
0.123436
1.40534
0.940099
1.30928
0.382068
2.55538
0.375221
2.00119
0.0893479
0.980375
0.669807
0.364682
0.0331923
0.55688
1.27005
0.174888
1.38381
1.21524
0.434958
0.611789
0.539549
0.110024
1.03569
0.818564
2.25421
0.574772
0.69882
0.439603
1.07902
0.318581
0.706392
0.894968
0.82392
0.816119
1.35436
0.344149
1.07565
0.910765
0.715692
0.56075
0.979638
0.656317
0.169237
0.169635
1.12079
0.20879
1.00381
0.581432
0.756014
0.194554
0.958298
2.72138
0.189063
0.223365
0.165768
0.189447
0.508021
0.00514123
1.32678
1.28154
0.447019
0.81893
1.10663
1.69766
0.607301
1.66005
1.04387
6.09317
0.354538
0.047084
0.105204
0.159899
0.10902
0.301234
0.168622
2.66612
0.467355
0.465256
0.00814604
1.73381
0.85576
1.27868
0.720266
0.0891495
0.537643
0.711162
0.462204
2.63927
2.4342
0.662621
0.258342
0.189382
1.76951
1.50729
3.24352
0.101375
2.81397
1.74444
0.235449
1.14761
1.13141
1.36829
0.0387994
1.36455
0.915621
0.423468
1.30712
1.26298
3.90691
1.16702
1.79556
1.30232
0.951051
0.472131
3.1107
0.0103861
0.627293
0.0652677
1.04113
0.0561813
0.492363
0.175353
3.01008
0.720737
0.756633
0.0951557
4.62067
1.40034
1.02839
0.232327
1.57869
1.13871
0.60281
2.12616
0.246937
2.00362
0.172116
1.0028
0.150768
0.526358
2.60946
3.5904
0.116984
4.90775
0.650801
0.299825
0.944664
0.494642
0.0554313
1.18991
0.406073
2.81747
0.310174
0.0592326
1.28111
0.321871
0.110678
0.458294
1.93356
0.0906946
0.00874079
0.170386
0.479634
0.614453
0.222962
3.02635
0.528748
0.295507
2.75018
1.52858
0.954672
1.21237
1.36557
0.51914
2.11329
0.0595205
0.320784
0.234672
2.16041
1.75437
1.18643
0.0417374
2.02762
1.74832
0.323498
1.70189
0.39984
1.28867
2.21696
0.124269
1.14752
1.01314
0.154512
0.00908765
0.936887
0.435637
0.392782
0.738295
0.218126
0.148453
1.45827
0.0721199
0.306189
0.0289319
2.87206
0.439579
2.25104
1.44445
0.476974
1.45906
0.208343
0.801123
3.48033
0.873802
0.0200635
0.367123
0.131009
0.375109
0.0964539
0.735924
0.210498
0.242045
2.95131
2.09139
2.03977
2.6796
0.634362
1.12959
1.78719
0.344064
3.66497
1.40414
2.92604
0.4179
0.399412
6.2112
2.28392
0.876312
0.284554
0.296136
0.700751
0.0884388
0.549364
0.153896
0.264902
0.448855
2.8312
0.601413
0.529208
1.32617
0.169621
0.386595
0.0143837
0.39732
2.99205
2.79156
2.27462
0.312794
1.70161
1.16456
0.181434
1.45173
0.376092
0.531773
0.0809317
0.581235
0.883567
1.22044
0.33636
1.85634
0.0832907
0.316652
0.910185
0.685918
0.972084
0.831475
0.153841
0.270726
2.67106
0.292947
0.870911
0.162619
0.592024
0.732092
0.820587
3.91838
0.180325
1.57693
1.75456
0.350181
1.29308
0.0862614
2.50721
3.49918
0.120827
0.25885
0.583588
0.347766
0.2032
0.513209
0.803471
0.408381
0.454007
0.31568
0.0345778
1.00433
0.387366
6.07761
1.04802
0.674624
1.51986
0.654093
0.209751
0.950231
0.137502
0.00746068
0.625122
0.21118
0.173375
1.01405
0.413159
2.01117
0.233584
1.50503
0.236238
0.456806
1.60745
0.501014
0.612023
0.0709707
0.682287
0.6553
4.23486
0.156844
0.511504
1.0711
0.0848504
0.794353
1.01128
1.33482
2.94865
0.963437
0.198395
0.314193
2.63483
0.074607
0.0330821
0.96375
1.28861
0.264393
0.117994
2.14621
0.951529
2.0075
0.894752
0.478238
0.726194
1.49276
0.372222
1.068
0.048361
0.951591
0.763604
2.25022
0.0719291
0.468776
0.180313
0.92634
1.55938
0.152356
2.10732
4.90669
0.785213
3.11377
0.828085
1.47729
0.001404
0.0579705
0.264901
0.104151
0.078601
0.308105
0.20212
0.0667865
3.49121
0.580587
0.720202
1.43983
0.47741
0.293018
2.57435
0.183586
0.0757977
1.18008
0.76795
0.867588
0.506696
0.0439393
0.912242
0.426522
0.434903
1.00335
0.740183
1.26199
0.285047
0.0293083
0.92486
1.77553
0.123389
1.07559
1.37354
2.2193
1.61357
0.413954
1.98915
1.37217
0.865644
2.38147
1.03054
0.968217
0.0932059
1.54264
1.4478
1.3507
0.0509652
0.832653
0.333464
0.116764
0.0501952
1.12303
0.0654272
0.698153
1.48739
0.584256
2.03876
0.989651
1.59094
0.623095
3.6834
0.0419317
0.836664
0.599909
2.44464
0.416361
0.967032
2.25525
0.0846307
0.20952
0.125484
0.58811
0.202923
0.0774271
0.555783
0.56054
0.291195
3.31288
0.750351
0.226391
0.36482
0.628573
0.798271
0.161729
0.254529
1.11536
0.414296
0.522103
1.68901
1.20174
1.31539
0.95527
0.894269
0.210084
1.13761
0.625632
0.782769
0.0938352
2.27693
0.817219
3.80512
0.26949
1.05825
0.725189
1.41929
0.943293
1.23379
0.220836
0.773427
0.607369
0.180161
0.943891
0.233095
0.988513
3.76703
1.74634
0.220883
2.40613
0.26739
0.224779
1.88341
0.10468
0.788802
3.09955
0.87713
1.19382
0.815419
0.322143
0.238783
2.26902
0.421363
0.567016
0.913223
0.285541
1.07432
0.827629
1.67784
0.327502
1.02752
0.357192
1.40791
0.372697
0.916351
0.197659
0.744611
0.403485
0.911532
1.96227
3.87613
1.91287
0.619443
1.21052
0.25866
1.70483
1.09868
1.66466
0.797081
2.95818
0.0392545
0.218055
0.310193
3.98608
0.263876
0.505848
0.0600215
1.54545
2.70215
0.405649
2.69397
1.45027
0.200275
0.38604
0.136217
0.612892
1.89733
3.6306
0.315549
0.233859
0.401729
0.239377
1.5385
0.264446
0.943079
0.123706
0.668078
0.967027
0.354511
0.520057
0.0445228
1.09017
2.14606
1.58645
0.17903
5.38613
0.540541
0.885562
0.551353
0.212607
1.08202
0.443732
2.60887
0.812804
0.0930045
1.4032
0.65546
0.710777
1.43515
1.27242
0.406157
0.674434
0.126785
0.35633
0.921475
0.323524
0.136983
1.04382
2.61503
0.0570306
0.963556
0.0611056
1.50863
0.0339194
0.803039
0.141465
0.85712
0.715834
0.357438
2.28042
0.0306077
0.577885
0.313695
0.680007
1.29531
0.41026
1.06212
2.76053
0.689517
0.98009
2.2497
0.368384
1.0001
1.12952
2.60452
0.307127
0.112093
0.244883
0.0627302
0.0547446
1.2163
0.711865
0.261437
0.0516757
1.04009
0.00778652
0.413804
0.23891
1.34462
0.454063
0.110614
0.222332
0.847666
0.610301
0.0266671
0.700271
1.23759
0.662294
0.780848
0.590188
0.354411
2.1472
0.337102
0.494534
0.17548
4.07779
1.69807
0.100712
0.548156
0.18867
0.489549
0.201983
0.934492
0.469021
1.13134
0.705362
0.473135
2.65015
1.75078
1.42861
0.230278
0.361853
0.051638
0.0188966
0.84719
0.335185
0.27437
0.0161731
0.784163
0.288357
0.0316829
0.659917
0.747133
2.23956
0.23557
2.32791
0.311292
0.301086
0.571669
0.102543
0.682032
0.665714
0.680798
0.57033
2.75754
3.11621
0.675606
1.3497
0.483004
0.0331055
0.386255
0.955508
0.635146
5.33485
0.744977
0.36472
1.2656
1.38042
0.838298
0.447874
0.183074
2.53315
0.14327
2.85871
1.71361
3.6164
3.009
0.286744
0.814393
3.40359
1.41381
2.41029
1.07205
2.75007
2.31819
0.990385
0.497701
1.38566
0.0238196
0.381273
1.35153
0.641624
0.933832
0.222582
0.676472
5.21292
1.22751
1.18775
0.618237
0.419062
0.600114
2.9018
0.0820577
1.92923
0.449768
2.62518
0.123779
0.124921
3.17899
0.0762882
1.36054
0.0150771
0.0585109
0.314969
0.266163
2.04128
0.700959
1.93199
0.892206
0.339009
1.20695
0.0215288
0.221681
0.179321
2.14072
0.32824
0.0474878
0.0546265
0.822889
1.37068
0.728017
0.482182
3.275
0.532747
1.55116
0.583746
1.49679
0.776135
2.79669
0.185649
2.00967
0.911264
0.000142611
0.712045
1.28206
0.601798
1.73001
0.857427
1.66279
1.54847
1.59855
0.592339
1.41081
1.47401
0.222861
0.383734
0.37585
1.24192
0.0421429
0.196385
0.319875
2.73502
1.51575
0.994045
2.21234
0.596757
1.29322
5.952
2.05928
3.00106
2.70571
0.19572
1.17996
0.0768949
0.565878
2.72146
1.02375
0.357768
0.936651
0.98399
0.312978
1.25825
1.02744
0.530084
1.97828
2.6694
0.194021
0.00600444
0.966978
0.787193
0.459904
5.53396
1.60595
1.01006
0.252868
0.458646
0.0137628
0.780974
1.03366
0.308591
0.479155
3.58297
0.0104118
1.86941
0.957719
1.04706
0.0938143
0.162277
0.0849085
0.0795202
1.15476
0.145977
0.276868
0.231281
1.71332
0.0249768
1.09554
0.804532
0.992727
0.454862
1.74041
3.37429
0.523976
0.854775
0.575052
2.0653
0.274831
0.171602
0.193602
0.0524038
3.43894
0.713976
3.3984
1.01568
1.84605
1.25062
0.668375
0.406513
1.14563
0.0815979
0.535925
0.56746
1.31655
1.41562
0.881122
0.95661
2.46883
1.52425
0.672278
1.68149
0.907793
0.558342
0.375713
1.88194
0.804027
0.136307
0.47909
2.93584
0.262348
1.26402
1.65219
0.312569
0.0651729
1.54869
2.76591
1.23541
0.149357
0.0849207
0.497647
0.860385
1.95523
0.0834645
2.57441
1.55654
1.50678
0.196209
0.672306
0.217773
0.271682
1.17562
0.604542
1.7077
1.24207
1.51175
0.547772
0.334746
3.19246
0.224655
0.130418
0.326333
0.144691
0.306214
1.48575
0.91459
1.20983
0.412688
0.80229
0.709514
1.40153
0.431984
0.446965
0.30126
3.46526
0.357015
2.11663
0.637405
0.38021
1.83353
0.874594
1.3388
3.16458
3.09502
0.0818362
0.312009
0.284691
0.343287
0.296276
1.25953
0.719151
2.21972
1.02174
2.95675
0.319152
0.660138
0.37953
1.13836
2.09445
2.31685
3.88905
1.11461
1.02146
0.822732
0.180274
0.496266
2.47159
0.937488
0.224513
0.233623
0.898351
2.33294
0.386199
1.76305
0.982353
0.21866
0.84526
1.03022
1.80536
1.0068
1.78999
0.663061
0.420346
3.75125
0.181782
0.334067
0.462107
2.70024
0.0670858
1.91488
0.53627
0.0238844
0.368535
2.11651
0.197789
3.52974
0.961231
0.117654
1.75247
0.69682
5.27795
1.21087
0.468869
0.112098
1.31217
0.163413
0.49814
1.21811
0.344029
0.0862025
0.554966
0.365935
0.559822
2.25499
1.02808
4.69703
0.49428
1.22984
0.857258
2.78759
0.176181
0.569864
0.148983
1.0319
3.33703
1.35403
0.427055
0.413743
2.20823
0.719532
2.1568
0.0676318
0.289817
0.291633
1.34503
0.532874
0.533505
1.92109
0.902105
0.32155
1.81245
2.74666
1.0701
1.57252
1.10213
0.348564
0.774469
2.7262
1.16824
1.10065
1.01462
1.81182
0.47569
0.48033
0.0077777
1.12687
0.0275974
1.20764
0.479527
2.77306
1.51393
1.04378
3.41115
1.33525
0.0244482
0.06968
0.192289
0.824594
0.257692
0.00136576
0.337575
2.35867
3.84527
2.34159
0.0650163
1.47186
0.321956
1.79899
0.027198
0.104577
0.0683493
0.42273
0.692173
1.2958
0.299113
0.325295
0.663482
2.37053
0.378427
0.339652
0.117086
2.90982
1.55885
2.59751
0.0651784
0.816557
0.277812
1.56306
2.99441
0.718642
0.949774
0.267306
0.0521857
3.26592
1.62483
1.17413
0.380718
0.173823
0.44294
0.0232438
0.414263
1.54732
0.261202
1.29399
1.79168
0.86661
0.323833
0.090219
1.40181
0.443517
0.10454
3.14465
0.82421
0.713753
0.483547
0.0182981
0.736558
0.683115
0.174285
0.826548
0.162018
1.46705
0.671775
0.43033
0.321713
1.99286
0.183957
0.16393
0.429576
0.254022
1.72988
3.12868
0.305543
2.60428
0.0233599
2.73425
0.652478
0.279569
0.855982
0.928616
1.03511
0.300956
0.0562606
0.564286
0.187789
2.34741
0.0129482
3.46172
1.6237
0.386088
2.13159
1.21127
0.62011
0.907552
0.209207
0.929554
1.99612
0.288094
1.36897
0.710922
0.168696
0.103641
0.348183
1.97927
2.37171
0.362633
0.473709
0.157282
0.370064
0.125866
5.47105
1.02897
0.101998
0.54547
0.278995
1.8562
0.271524
1.12978
0.677767
2.44338
1.53004
0.568898
0.643597
0.151729
3.38742
0.557578
0.244567
0.272002
0.65068
0.440075
1.60601
0.623196
0.184248
2.1426
1.46546
0.415411
0.906569
0.355123
0.78372
0.751506
0.0505551
4.21671
0.910183
0.800924
0.281913
0.109911
1.22124
0.661772
1.64631
1.46087
0.729469
1.76773
0.596551
1.27637
0.214736
0.0914543
0.114069
1.02639
1.51664
1.29638
0.00109818
0.0882369
0.688641
2.00292
0.67756
1.14687
0.0465106
2.56683
4.81618
0.952104
0.0280607
0.901217
1.34365
1.15505
0.739694
7.1279
0.460389
0.249544
1.86064
0.359465
0.341223
0.0103251
0.303007
0.864038
0.392442
0.160359
1.40039
2.23733
0.499993
0.471776
0.923256
1.94314
3.18087
0.0256582
0.143681
0.43581
0.770397
0.940249
0.1616
0.762308
0.256894
3.31807
0.714105
1.16612
3.04703
1.03457
1.58088
1.02829
2.2273
1.18016
2.18262
0.0472795
1.63567
0.213293
4.64664
0.51583
0.381745
0.296264
0.860868
0.0217818
0.495672
0.114487
0.19494
0.000959916
0.191022
0.0808287
0.983377
1.1434
0.606192
0.46943
0.183526
0.282435
1.48678
0.792813
0.808863
1.22704
1.86744
0.165973
0.332677
1.06249
0.150239
1.14381
0.523474
0.991551
0.286657
0.162742
1.4355
1.96667
0.206384
0.0338821
0.645382
0.791163
0.613621
1.80952
0.165335
0.593386
0.589717
1.70681
2.35065
0.0825796
0.593709
1.38363
1.12358
1.14618
1.3117
0.385443
0.0923059
0.0766028
0.507267
0.536966
0.475158
0.170002
0.655147
0.923601
0.658599
0.418632
0.537713
0.226281
0.364845
0.789394
3.27531
0.733904
1.18894
0.0469364
1.16326
1.08764
3.14835
0.201003
0.318185
0.393334
0.0436394
0.181217
0.450075
2.07788
0.424639
0.291987
0.38188
0.152962
0.810444
3.52367
0.718132
0.115118
0.880847
1.8184
0.126206
0.54922
0.212884
0.00122722
1.24974
0.256388
3.2172
1.39215
0.731368
0.795184
0.803978
2.50247
6.02884
0.56699
1.48935
0.448608
1.52136
0.381947
0.117581
0.205114
0.477955
1.43966
2.68701
1.85727
0.314931
2.25108
0.618455
0.344895
0.948633
1.51045
0.748927
0.548822
0.724228
1.94444
0.140727
0.644685
1.06873
0.514797
0.836312
2.62714
1.7533
0.371533
0.447642
0.967965
1.90057
0.251743
0.52775
0.41822
0.289304
1.54033
0.796492
0.0197446
0.227275
1.60073
0.0854554
0.953806
1.44015
0.228392
0.136412
0.271843
5.55471
0.631584
0.642737
0.0368925
0.423934
0.356738
1.23825
1.48976
0.265374
1.40448
0.755578
0.228034
0.266407
0.0925412
0.415912
2.02405
0.772086
1.98511
0.708803
0.613776
1.20667
2.3461
0.912919
0.679458
0.18462
1.94734
2.13174
1.22288
0.0460301
0.665534
1.20468
2.91519
0.445322
0.172265
0.254232
0.0252295
0.885845
2.53606
0.880208
2.0737
4.15997
0.460084
1.97798
0.954932
0.427187
0.00207402
2.08396
0.284134
0.196231
1.72467
0.130275
1.75736
0.901358
1.23289
0.862847
1.4794
0.82536
0.989284
1.80215
0.0560505
2.27282
0.804275
0.308532
0.367908
0.761638
0.185755
1.11466
0.320623
0.159692
0.681749
0.15883
1.05539
1.01134
0.0284195
1.42805
3.11029
1.43136
0.0996053
4.36327
1.65498
1.18957
1.41628
0.464164
1.44899
1.0689
1.15319
0.579819
0.291951
4.07802
0.574504
2.33992
2.46834
2.33747
0.23159
0.379746
0.303593
1.84643
0.588246
2.14676
0.0281812
0.076321
1.51428
2.24529
0.225645
0.830877
0.203512
1.19234
1.25358
0.0303098
0.211916
0.557823
0.0896435
2.66477
1.02859
0.489542
0.108808
0.134821
0.523523
1.96953
1.25463
1.00981
0.281456
0.22528
0.710023
0.386812
1.1399
3.06414
0.820178
2.71361
1.05354
0.612454
0.446551
2.0432
0.263898
1.22177
0.385313
0.112454
0.291471
4.12226
0.0112635
1.32248
0.439291
1.45099
1.07633
0.851059
2.34305
1.08834
0.00854996
1.41627
1.05747
2.32419
3.23569
0.120303
2.03793
4.22735
0.865178
1.3665
0.61372
0.695596
0.0727338
1.02777
1.56208
0.537624
0.926613
0.913564
1.30815
0.0430686
0.213142
0.790758
0.687467
0.034708
3.56526
0.0337961
2.40418
0.114159
0.972078
4.63596
0.589013
0.108974
1.38262
0.813115
1.85599
1.32379
0.177893
5.38236
1.70849
1.76231
0.512287
0.248264
0.164528
0.492172
3.1307
0.784145
0.942082
1.5825
0.589258
0.568234
0.0397105
2.55937
0.303498
1.17278
0.203977
1.95795
1.11619
0.388783
0.22868
3.17979
0.438937
0.960711
0.227847
3.17771
0.0669637
0.690643
0.00926746
0.18752
1.45117
0.392452
1.75916
1.1708
0.0563814
1.24771
0.0158772
0.839462
0.0577182
1.12043
0.904293
1.5477
0.0870262
0.427371
1.5673
0.0690948
3.22302
0.104183
0.960199
2.10728
0.76213
0.222245
0.959651
0.160756
0.553195
1.50456
0.11758
1.65307
2.60606
0.661521
0.774615
0.0927688
0.626704
1.5468
0.361964
1.19145
0.441475
1.23773
0.4802
0.179372
0.388396
0.439836
1.59412
1.04444
2.12076
0.745865
0.213143
3.67203
1.38372
0.465078
1.71541
0.358148
4.15077
1.15663
1.80461
0.813267
0.356387
1.44302
1.27574
0.350941
0.485898
0.211247
0.0305397
0.00367911
1.25684
0.281888
0.398165
1.24869
0.0787881
0.400903
2.28083
0.811878
3.10473
0.479658
2.08473
0.666352
0.325236
2.68174
1.2732
2.88267
0.846842
1.15037
0.370673
1.23086
0.743097
0.199274
0.228835
0.655022
0.951249
0.459086
0.179114
0.500516
1.56541
0.385596
0.725049
0.371905
1.1924
0.197648
2.03147
1.13184
0.364844
2.28114
2.38269
0.0288618
0.4605
1.34291
0.0995476
0.170634
1.05453
1.0209
1.95969
0.323142
1.88425
0.32024
0.0268046
2.29787
1.90156
1.07141
0.65731
0.718347
0.118418
0.669013
0.151369
0.610217
0.238401
1.31868
4.16655
0.627928
0.821607
0.872029
0.115443
0.530481
0.267579
2.89337
0.710919
0.232293
0.669495
0.32612
1.22253
1.79687
2.4995
1.02704
0.183457
1.66931
1.78406
1.65259
2.37267
5.61782
1.23254
0.293934
0.724189
2.7183
0.146769
0.359982
1.08805
0.201168
6.51172
1.08479
1.72791
1.54765
0.723595
0.275198
0.821751
1.18021
1.62595
1.39204
0.323651
1.0258
1.40151
0.531764
0.386865
0.200375
1.04694
0.500186
0.219738
0.479947
1.56487
0.51481
0.0907279
0.0256179
0.568868
0.946157
1.3545
0.080358
1.02066
1.43738
2.86099
1.51619
0.822326
1.25004
0.134063
0.747755
0.113851
1.26183
0.117731
0.133002
1.18369
0.828056
0.27475
0.278515
2.43446
0.123297
0.515205
1.22135
0.43176
1.4857
0.645979
1.09917
1.44806
0.545165
1.19639
4.33537
2.70814
0.734156
0.354734
0.924443
0.220315
1.06402
0.1256
4.08915
1.12223
0.544292
2.93238
1.01103
0.164338
0.239874
0.786967
1.5955
1.49265
0.0417012
0.586803
0.163153
0.697369
0.300283
0.593309
0.09132
0.883487
0.40056
0.209629
0.61252
0.767344
1.00214
1.17011
1.77221
1.52685
1.08775
1.43116
1.10482
0.928987
0.119406
0.102905
0.771591
0.151329
0.631321
1.15748
0.19453
0.518023
0.650053
0.63618
1.15083
0.131537
0.219687
1.13886
1.20384
1.43322
0.0252284
0.114712
3.46158
0.252853
0.161063
1.10832
1.35399
1.35957
0.543978
0.619028
0.631599
0.935929
0.0084169
3.63311
0.472501
1.27749
0.901932
0.435376
1.57108
2.33186
1.43444
3.51817
0.187334
0.384119
1.80747
0.186474
0.309836
0.131271
0.362731
1.37452
3.06606
0.113781
0.84732
1.34815
0.463219
0.270961
0.352801
0.576068
0.00891059
0.929384
0.230039
2.17608
1.81133
0.151124
0.180009
1.44573
0.33516
0.557361
2.07051
0.104331
0.318266
0.419953
0.778432
0.85209
1.06864
0.0182022
1.99493
0.471952
0.416899
1.76835
0.285233
1.25908
0.49311
0.238987
0.461883
1.18632
2.86493
0.166239
0.692487
0.38967
1.21451
0.0627461
2.38666
0.2691
1.02781
0.253256
0.873367
1.66906
1.52598
1.20393
1.545
2.04481
1.62722
0.136437
1.30464
0.196475
0.235243
1.43626
1.33011
0.628687
0.92965
1.10417
1.11027
2.30851
0.807706
0.198323
0.305556
1.92161
0.440659
0.440284
1.58921
0.677837
1.97674
1.68244
1.96992
0.293651
0.453605
0.387578
0.225153
2.31555
0.224747
0.232277
0.643607
0.594043
0.854298
0.191582
1.2332
1.51465
1.87438
0.199144
0.929911
0.785408
0.10886
0.305525
1.04198
0.737319
0.181038
1.34873
0.301143
0.978433
0.134962
2.6505
4.21193
0.842096
0.607707
1.97623
0.171263
0.663438
0.753577
0.254749
0.80917
0.705797
0.39515
1.38772
0.403627
1.01444
1.62934
0.456555
0.576553
3.13937
0.234643
0.551128
0.1866
0.0795433
1.41241
0.0118545
3.55206
0.520613
1.18533
0.209077
0.571914
0.514203
0.431903
0.15909
0.0433881
0.949436
0.0531298
0.398199
0.216327
1.21284
0.711213
1.46597
0.280902
0.849546
0.365072
4.3832
0.342013
0.521328
0.441242
0.413467
1.75714
0.718111
0.293176
0.244089
1.03368
0.566337
1.14425
0.964806
0.87154
0.107219
0.0197837
1.56052
0.0608445
1.22883
1.15611
1.5265
2.75252
2.07987
1.48619
1.58871
0.826171
0.443707
0.423335
3.26381
0.80253
1.42942
4.38659
0.468117
1.58222
1.7414
0.35177
0.318263
2.55412
1.26676
1.89649
0.938253
0.786937
0.124593
0.18552
1.30083
1.09463
0.147941
1.37946
0.392725
2.14827
0.561332
1.34417
0.218994
0.614048
0.323628
1.19054
0.322039
0.777754
0.740936
0.193755
2.06715
0.281482
0.22641
0.0681101
0.833997
0.186354
0.0223358
0.541947
0.373734
0.492347
0.77735
0.569463
0.520343
0.865718
1.6532
0.82959
0.760328
2.85765
1.85471
0.84707
0.336964
0.569829
1.21264
0.128433
1.04146
0.087553
1.42096
1.42928
2.92169
0.157206
1.27354
0.122255
2.79924
2.26422
0.533345
2.05246
1.96317
0.0369515
4.24535
0.136772
0.637319
0.606171
0.154721
1.79231
1.16301
0.573699
1.57282
0.484542
0.00606745
1.70578
0.384862
1.51441
0.474323
0.0605348
2.18651
0.800979
0.818895
0.169493
0.991374
0.914818
0.520273
1.03463
0.313205
0.226759
0.00571904
0.984226
0.668773
0.0873488
2.09477
1.25726
1.06451
0.0345608
0.610152
0.0599797
1.12255
0.775102
0.889869
0.355377
0.299358
0.48854
0.149985
0.638628
0.226038
1.26848
0.244557
0.105451
1.72164
0.744226
0.3735
0.789297
0.797035
0.61062
0.12308
0.764678
1.71674
0.346229
0.114329
0.494773
0.952048
1.10087
0.543571
1.4642
0.72672
0.423894
0.321457
0.239504
2.19596
0.408835
2.84787
2.01054
0.273094
1.6976
2.95799
0.645819
0.250029
0.13139
0.295436
0.762127
0.0317424
0.012565
2.45538
0.415832
0.510196
0.104643
1.65416
0.845229
0.283737
0.079971
0.12226
0.305032
0.871984
1.58902
0.418232
0.594439
0.319485
0.490026
0.0205356
1.82656
1.33477
2.73863
0.367659
1.27985
0.954831
6.58104
2.49583
0.235896
0.241693
0.474843
0.939119
1.44309
1.58373
1.24784
0.197796
0.297168
0.280018
0.92169
0.219015
1.30529
0.206946
0.668124
0.259509
1.80619
0.430522
0.594881
1.39391
0.0548893
0.499009
1.01549
0.135464
0.806931
1.73407
0.402256
0.615804
3.99583
0.647634
1.3454
0.126174
0.0574088
0.66415
0.830862
0.323838
3.62794
0.585479
1.52508
0.262836
0.193025
0.942811
1.10957
0.0807293
0.292063
0.0188971
1.75438
0.334266
0.636074
0.114579
0.443282
0.0117589
0.514803
0.138347
1.10819
0.268058
1.25117
0.562912
0.631725
0.496856
1.19627
0.220178
5.29063
0.410472
1.66459
1.70559
1.04798
0.393691
1.25616
0.585481
0.420557
0.270991
1.17437
0.223247
0.44136
0.258621
0.709957
0.627398
1.5427
4.4897
1.15871
0.135615
1.58645
1.85238
0.367568
2.05312
1.00275
0.516349
1.26426
1.70971
2.97019
0.251102
1.39067
0.00533819
0.0858884
0.287903
0.528249
0.947178
2.10797
0.19317
0.314031
1.62249
0.0051448
1.43654
3.68444
1.54291
0.0134145
0.582739
0.0497706
1.62012
0.197337
0.952538
0.174569
1.68206
2.66458
0.763346
0.335661
3.65743
1.43365
0.126386
2.32937
0.050342
1.41721
0.22389
1.4427
0.411652
0.872452
0.88814
0.27369
0.149018
0.670745
0.764097
3.84378
0.382467
0.962112
0.873882
0.260563
0.195648
1.03722
2.89647
1.68929
1.08188
0.00536577
0.116637
0.71292
2.90211
0.789808
0.0418383
0.222309
0.225394
0.567554
1.15674
1.85783
0.215474
0.605644
2.14787
0.158156
1.17913
0.512973
1.05574
0.756269
0.951448
0.456044
0.0668239
0.488498
0.0432468
0.400914
0.353209
0.129836
2.74509
0.165574
0.303242
0.311863
0.340635
0.973217
1.27525
0.512531
5.39562
0.138585
1.33302
2.08964
1.14941
0.870182
0.215655
0.756682
1.80863
0.368369
0.203567
1.06315
0.315735
2.74761
0.686847
0.646843
1.07595
0.750552
0.902971
1.35303
0.405458
0.252728
0.960687
0.273144
0.609987
0.33354
0.963621
0.689156
2.77305
0.991142
2.38425
1.27883
0.379324
0.530811
0.548629
2.09752
0.491261
2.72158
0.13447
1.08165
0.0220518
0.611194
1.46815
1.22468
0.147841
3.45188
0.0327129
0.0891574
0.480546
0.167087
1.95699
0.167748
0.339909
0.452702
0.517593
0.750274
0.0200404
0.152757
2.55771
0.433003
2.00547
1.96781
0.374529
1.16087
0.181666
2.83363
1.0121
0.837466
0.142286
1.79942
1.77651
1.16333
1.46232
0.0592125
1.37753
0.448411
0.282197
0.571713
2.80492
0.333022
1.08883
1.72268
0.317509
0.306452
0.999278
1.27896
0.817532
0.034825
1.04829
0.2205
1.65977
0.444286
1.8496
2.24434
3.24819
0.326362
1.88602
1.34317
0.748391
0.726959
0.480348
1.51791
2.27563
0.865072
1.23517
0.0734712
0.807222
0.352132
0.147845
0.429172
0.00738282
0.140975
0.429742
0.254607
2.11678
1.40033
0.986717
0.440625
0.457872
1.20892
3.59753
0.455857
0.963284
0.00148328
0.123358
0.513264
1.69291
0.18541
1.06186
2.40925
1.20782
6.73791
1.15251
0.512995
2.42841
0.983116
0.630718
4.93561
0.416616
1.43486
3.06622
2.8733
1.1728
3.00208
2.13534
0.0217205
0.0187815
0.875706
0.586737
1.55092
0.167086
1.21226
1.49127
1.41842
1.1616
0.461076
1.40632
1.61288
0.105858
0.577717
0.102556
0.658857
1.34265
0.706865
0.28823
2.22205
1.14705
0.830346
1.12758
1.33734
0.95368
0.405549
1.52383
0.300655
0.435104
0.114693
1.66198
0.494206
0.394355
1.41811
0.232395
0.419113
0.806373
0.120837
1.14657
5.5365
1.77675
1.05521
0.453805
2.59901
0.762152
0.335325
0.76689
0.84316
0.839447
0.683218
1.46766
0.522239
0.551511
0.634822
1.00077
1.31774
1.96448
1.85826
0.527112
0.20075
0.147312
0.269932
1.04661
0.348344
4.38326
0.428457
0.126732
1.3048
0.670093
0.530932
1.89984
0.345075
0.0279875
0.0227987
0.91791
0.478671
1.28232
0.471489
2.50546
0.843444
0.0927209
2.15913
0.454854
1.70445
1.70153
2.84067
0.695204
1.62403
0.0531906
0.272278
0.447468
0.102343
1.58432
0.790811
0.273178
0.506776
0.211236
0.587476
1.64164
0.992707
0.733032
2.67697
0.216377
1.72291
0.776757
0.436793
0.491497
2.11347
0.919452
0.44193
2.71866
1.20659
0.576021
0.328389
0.902691
2.03176
1.30345
0.499091
0.635573
1.12068
0.0607292
3.12899
0.939761
0.293935
0.0798682
1.17636
1.26997
0.280875
0.491642
0.0615305
4.33697
0.464334
0.595397
0.179879
0.84418
0.0565648
0.806648
0.357629
3.30049
0.529267
0.355236
0.369915
0.500762
0.038949
0.668459
0.196692
2.71867
0.28193
3.75277
0.620817
0.558717
1.87538
0.902539
0.0328844
1.53604
0.519468
2.35949
0.355952
0.748971
0.61239
1.83014
0.491958
6.94764
0.765893
0.874691
0.402636
0.875425
0.255381
1.93875
1.20769
1.57047
2.10875
0.428443
0.212912
1.66034
0.706951
1.65371
1.17629
0.664457
0.302561
0.315546
0.518595
0.218448
0.740175
0.914181
1.54662
0.599174
0.222337
0.0951471
1.89513
0.255444
0.177408
0.109666
0.148296
0.805393
0.454458
0.665408
0.251274
0.0248272
0.553931
0.570419
0.383576
0.8141
0.571308
0.444167
1.26602
1.87586
3.44925
0.210371
1.28083
1.44722
2.18827
0.862272
0.811893
0.480907
0.143805
3.73433
0.571144
0.795842
0.605504
0.36492
0.261976
3.24849
0.383649
0.448583
0.732331
3.74913
0.809157
0.0426802
2.19075
0.264737
0.93863
1.22541
0.228696
0.84155
0.0617828
1.9168
0.46758
0.306767
2.08528
1.87884
0.0454545
0.875689
0.0815042
0.791253
1.29009
0.0387908
0.312506
0.855356
2.31608
0.528784
0.55985
2.27508
0.293713
1.16237
0.597599
1.66424
0.424777
0.77077
0.0984428
0.624726
1.20624
1.31288
1.9053
0.694994
0.659222
1.53148
0.308292
0.383532
0.16097
0.10357
0.248682
1.36199
2.19576
0.454694
0.465605
0.552304
0.249687
1.44046
2.07817
0.950379
0.292063
0.887153
0.621201
0.431241
1.61893
0.408178
0.303128
0.061573
1.24294
4.26223
1.66243
1.83636
1.32551
1.10247
0.230131
0.889175
0.0610279
1.56532
1.60506
0.162193
0.470412
1.58381
0.434408
0.259039
0.352212
1.73069
2.73015
0.125701
0.0868367
0.382668
2.22074
0.360809
4.80564
2.41747
0.13594
0.239131
1.81902
0.620775
2.97932
4.09415
2.54649
0.197363
2.14795
0.365073
0.0340785
0.123276
1.09867
1.05658
0.369908
1.80983
0.859461
0.450267
2.86249
2.46811
0.294448
0.487296
2.92302
1.24842
0.508617
0.13262
2.43213
0.641723
1.15132
0.830222
0.823629
1.59287
0.407007
1.44725
0.671149
0.470897
0.241197
0.830393
1.06252
0.829745
0.078017
1.28871
0.127702
0.00673699
0.557388
0.333377
0.705164
0.628482
0.600894
0.753365
0.277092
2.52946
0.151198
0.129695
0.164637
0.218624
0.486241
2.17553
0.083072
1.11102
3.8579
0.924442
0.0627686
0.0733135
2.4866
1.11162
1.42128
1.02127
1.85907
2.88373
0.64475
0.627626
0.273582
0.336565
0.201303
0.840281
0.69649
1.08156
0.588979
0.813939
0.889267
1.47071
0.126481
3.26441
0.802786
8.62482e-005
1.48697
0.661982
1.78775
1.90639
1.00717
0.199173
0.322907
0.843478
0.31646
1.89979
0.430846
0.692134
0.343157
0.814356
1.01226
0.280644
1.08523
0.0806671
3.04044
0.814384
1.63725
0.0661004
1.7183
0.0349804
2.79154
0.874456
0.056835
0.945098
0.201224
0.701002
1.89202
0.0480029
0.742806
0.984222
1.5876
1.33538
1.50277
1.03819
1.41258
0.430896
0.167071
0.568279
1.12583
0.368906
0.0143413
1.55651
3.2567
0.266948
0.503171
0.571791
1.67522
0.0693056
1.99267
0.554998
0.133091
1.48219
1.5543
0.342073
1.10113
1.62393
0.0548825
3.08062
0.00943557
0.00414391
0.357185
0.243662
0.01781
0.49105
0.914505
1.61851
1.82054
0.792166
0.249613
1.59695
0.206681
1.97158
0.547518
1.48212
2.40647
0.0652459
0.617289
0.399644
0.708541
0.279649
0.286304
1.80855
0.100917
0.152669
0.0980555
0.862645
0.822179
0.0460352
0.377004
0.634107
2.01886
0.278672
1.35063
0.954818
0.797428
1.37876
1.81191
1.69443
0.191309
1.51349
0.337229
0.820414
0.759216
1.92133
1.58905
0.480321
1.32776
0.972839
0.764366
0.491942
1.14295
0.168986
0.802475
0.155402
1.87238
1.46027
1.11724
0.998039
1.49464
0.0991827
0.140435
0.0108537
0.466718
0.0504986
0.327504
1.60614
0.40715
0.152523
1.03744
0.0543069
1.09133
0.992589
0.453016
0.856784
1.24224
0.948195
0.371879
2.61719
1.71991
1.75513
0.370992
2.60948
1.46276
1.86421
0.328586
3.47027
0.0306092
1.20268
0.151234
0.565023
0.543597
2.72682
0.173849
0.550706
0.863686
0.437525
0.444423
0.187316
0.663522
1.82123
0.431552
0.351405
2.36875
2.01081
0.929172
2.25451
0.612757
0.838898
2.07346
0.199251
1.15847
0.418577
0.85123
0.098543
0.882042
0.853063
0.0323151
0.557526
2.62825
1.80312
0.0557845
0.276475
1.57562
0.838493
0.225933
3.55895
3.24854
1.53181
0.257384
4.97563
0.171417
0.472189
0.494517
0.161754
0.795229
0.924908
1.09592
1.53553
0.716065
0.301348
1.96301
0.745998
0.561308
0.669959
4.24547
4.21681
0.205446
1.28813
1.07899
1.01589
1.30143
0.02115
1.12764
2.41307
1.35225
2.6098
0.180262
0.131334
0.49123
0.215621
0.182615
1.36137
0.107483
6.16043
0.0874227
0.309942
0.139297
1.44324
0.605078
0.115556
0.464908
0.754028
0.51708
0.0787631
0.609335
1.08546
0.352235
0.225998
3.41811
0.0327591
0.206559
0.515838
0.0113125
0.287898
0.489802
0.113032
0.162196
0.32398
0.361103
1.46916
1.34097
1.8517
1.25865
1.83149
0.55108
0.97997
1.84689
0.11016
0.293655
0.776258
0.460054
0.472015
3.21286
0.647769
2.04823
0.064188
0.224429
0.714731
3.56752
2.87619
0.504518
0.341798
0.184036
0.4475
0.756545
3.22943
2.19916
3.49429
0.0317363
0.192019
0.928764
0.40824
0.925086
0.819264
0.122913
0.299596
0.15956
1.15076
4.43259
2.93555
0.627322
0.769446
1.77093
0.110973
0.710436
0.0811803
2.9929
1.98513
0.512411
1.34603
0.928284
0.34548
0.0814686
1.26536
0.590672
0.739614
0.515357
2.83003
0.239238
0.976852
1.65302
0.596909
2.10069
0.286628
0.267299
0.83187
0.662257
1.01971
0.594597
0.91139
0.507301
0.136891
0.694456
2.82423
0.391776
2.78852
0.447543
0.644356
0.291931
2.65631
3.23294
4.09898
1.84499
0.203747
1.25447
0.0518925
1.66163
0.381245
0.377669
1.38728
0.137101
1.23062
0.136153
0.577148
0.314592
0.000531759
0.236844
0.500627
1.61466
0.260818
3.47903
0.498661
0.374032
0.313467
5.26578
1.59033
0.0408131
0.555436
0.105915
0.241639
2.01928
0.308135
0.469821
0.469746
0.259526
0.252635
0.70908
1.05094
0.37454
0.874128
0.142505
2.2389
1.63501
0.615847
0.921472
1.59619
0.254265
1.09782
1.55474
0.722326
0.278164
0.863176
0.0544022
0.416381
0.952344
0.641134
1.81215
0.147327
0.277895
0.369722
2.25507
0.73054
0.250785
0.677673
2.21704
2.73221
1.0452
2.5725
0.612277
0.35119
0.278347
0.404395
0.634235
1.36621
0.887467
0.292605
1.40106
1.58622
0.562118
0.582922
2.77744
2.80928
0.0838422
4.29732
0.0980511
1.56004
0.652696
0.386731
3.52671
0.607777
0.569695
1.69527
1.05926
1.35341
0.162347
2.09717
2.10213
1.03232
1.02572
1.88719
0.0902255
0.0237674
0.0277605
1.65836
1.55418
0.0592383
0.568302
2.14956
0.824772
0.409951
0.115655
0.163229
2.40905
1.89419
2.08511
1.86943
1.21434
1.37311
0.327519
0.212768
0.922478
0.0942475
0.124608
0.249571
0.239831
2.68149
0.0332686
3.46893
4.21627
1.71262
0.595994
0.622004
0.219153
0.716077
3.52466
0.312051
1.57176
1.8125
0.00629218
0.00548909
2.6292
1.0804
0.894385
2.23944
1.8904
1.10464
0.358065
0.754157
0.800571
0.721921
0.200078
0.719813
0.527833
0.573009
0.0747996
0.567442
0.876765
0.329349
1.10978
2.21423
1.50074
2.14164
3.6596
0.753174
1.6781
0.271173
1.25296
0.0568985
0.112872
2.96798
0.869574
0.821131
0.838058
1.55943
0.389976
0.2802
0.491908
1.41633
2.59557
0.686747
0.724546
0.837467
1.0282
0.1131
0.0200724
0.305334
0.498072
0.621238
0.241873
0.671885
2.56546
1.83362
0.673893
0.301344
1.7808
1.21408
0.0458631
0.770882
2.2511
1.26938
0.320791
0.460795
2.3325
1.03254
0.307954
1.28048
0.870253
0.949918
0.242879
0.894662
0.899099
0.758975
0.890396
1.41067
1.55216
0.270783
0.206068
0.28922
0.504599
1.8754
0.646266
0.657708
0.474841
0.93428
1.03032
0.516515
0.491302
0.358165
0.24065
0.45759
0.055271
0.621896
0.560213
0.328163
0.2312
0.0158963
1.61867
0.441629
1.54767
1.48223
0.0943827
0.354819
0.367053
2.12456
0.477481
0.600636
1.62095
0.104109
0.852561
0.361395
0.313636
0.698588
1.41432
1.13431
1.5245
2.05384
0.40923
2.44053
0.919721
1.90795
3.32634
0.127672
0.426903
0.511255
0.420253
0.000277838
2.76247
0.482586
3.77262
0.7203
0.110433
1.47271
1.71489
1.31637
0.710077
0.0128148
0.188454
1.06204
0.961729
1.85319
0.992833
0.459321
0.303526
0.977548
2.66779
0.862829
0.261061
0.0946274
0.112322
0.519245
0.355517
0.0233137
1.99461
2.15074
1.12978
1.64708
1.16965
2.27165
0.0529587
0.343517
1.45403
0.257508
0.397709
0.233766
0.565202
0.496141
0.803429
0.443236
0.0493246
2.78827
0.702864
0.169759
0.230853
0.0123852
0.0977511
4.35176
0.357493
2.30604
0.168299
3.00714
3.4832
1.09217
0.537933
0.332762
2.62666
1.2551
0.584744
2.41758
0.0522844
0.663454
3.16966
1.46215
0.711427
0.492735
1.18568
0.224293
2.59006
0.128543
0.0575562
0.392523
0.40861
0.922264
1.06003
1.0186
0.152844
0.916199
0.400958
1.00378
0.123695
0.631533
1.02368
1.18505
0.00574862
1.27517
0.363898
0.294431
1.19199
0.852472
1.69104
0.385882
1.11259
1.90094
0.831605
0.461805
2.68609
1.00547
1.02298
0.848085
2.61616
2.75543
1.41959
1.19121
0.321887
1.07338
3.54263
4.2913
2.20706
0.190529
0.831458
0.755571
1.67031
2.43416
0.223718
1.00953
0.569608
0.547918
0.780887
0.308467
0.665123
4.17347
0.0485675
1.03002
1.26831
0.0490464
0.0267807
1.8129
1.62872
1.85514
0.380726
1.81688
0.00647833
2.47137
2.08319
1.034
0.326561
1.04469
2.18824
0.142874
0.912864
1.12223
0.332856
0.398022
1.58372
0.382552
1.32729
0.245289
0.914507
0.00510332
0.582328
1.2315
1.78363
2.61287
3.08888
1.92711
2.97887
1.0994
0.926234
2.09748
1.40693
3.42269
1.07377
1.88309
0.216936
0.224764
0.686188
0.0130379
3.06083
2.63449
1.35097
0.0856676
0.676302
1.27679
0.537724
0.339171
1.93629
0.0327684
0.544827
0.168951
0.0892317
3.20007
2.8913
0.690946
1.80253
1.1869
0.10858
0.993099
0.472851
1.13886
0.762692
0.475615
2.4468
0.347408
0.132035
2.64603
1.21392
2.51863
1.2228
0.819385
1.25255
2.49278
2.92817
1.6492
0.625155
0.237241
0.145161
2.24638
0.678515
0.136149
2.06946
0.718852
0.751425
0.443002
0.088718
0.121579
1.23221
0.409769
0.739982
0.237462
2.02458
0.819474
0.917248
0.849924
0.102315
0.574827
0.552451
0.518397
1.87971
0.104695
0.541258
0.710098
2.42651
2.58359
0.870544
1.37858
0.222459
0.969882
0.994027
0.258204
0.900229
0.769949
0.264182
0.922741
0.521126
0.423796
0.45563
0.346439
1.66084
1.19853
0.47892
0.669361
0.465874
0.749338
4.47109
2.27723
0.656879
1.16281
0.212288
0.501158
2.3136
0.75234
1.27911
0.103925
0.757317
1.17386
0.274707
0.190604
0.339498
3.58515
0.289615
2.80686
0.185131
0.275172
0.579067
0.344282
2.68576
0.99361
3.00038
0.998992
2.16895
0.0401355
2.54692
0.494343
0.540535
0.127025
1.40865
0.516209
0.327886
3.12266
1.70465
0.386922
4.34798
1.08613
2.34018
0.202776
0.00652779
0.192716
0.876276
1.45631
1.35774
0.0170148
1.49676
0.300469
0.481708
0.0645542
0.657903
3.4405
0.0504708
0.853699
1.25184
0.437777
0.0867611
3.47672
0.180719
0.265392
1.14752
0.594654
0.542339
1.72526
0.460354
0.840423
0.781919
1.71808
0.00403233
0.0801273
0.32581
2.10601
2.11515
0.191577
0.424315
0.952294
0.00629873
0.971494
0.270352
1.32456
0.537986
1.66496
0.872185
1.99894
0.212164
0.0532813
3.43382
2.10589
0.427633
0.630859
0.101362
0.513719
0.287891
0.288067
0.482104
0.615196
0.161294
2.37694
0.562664
0.275523
0.436166
0.821873
0.865047
1.63284
0.589253
1.07992
1.59519
0.0798036
0.720134
0.267184
0.133585
0.215783
0.347746
0.714359
1.08956
0.138664
0.257562
1.5482
0.173323
1.19329
0.417071
0.163919
0.110853
0.591071
1.92748
0.814853
0.532798
1.61341
1.68623
0.997997
0.695764
0.996899
0.169542
1.16986
1.03736
0.21288
1.79934
0.140494
0.0322674
0.603185
8.82796
0.890225
0.367134
0.551082
1.00448
0.839223
0.12157
0.483582
0.013758
0.465178
0.521399
0.295861
2.33546
0.223643
1.65136
1.31932
0.579025
0.678366
0.385461
0.143353
0.128399
0.44311
0.101449
1.89839
0.868294
1.29129
2.02823
3.60423
2.52897
0.343671
0.0175443
0.132958
0.440044
3.09236
0.563594
0.0384246
1.32058
0.369288
1.4315
1.05654
0.0165677
0.41944
1.00695
4.0614
1.23402
0.421382
0.616692
0.0482538
0.771396
1.69742
0.361542
0.122301
0.70224
0.486289
0.897305
0.158906
1.15058
0.645427
1.88333
0.817042
1.8006
0.350302
0.0454622
2.85947
0.248228
0.263954
0.0751283
0.595789
0.620756
1.69353
0.102845
0.899268
1.19664
0.613204
0.654816
2.2185
1.74888
2.44959
0.2226
3.24512
2.05502
0.342817
0.544591
0.712387
0.992508
0.63869
0.985986
0.390464
0.18604
4.83643
1.00255
0.376504
1.07998
0.976789
1.23408
0.0955363
0.930471
3.15525
0.315381
2.11321
0.195492
0.00907975
0.625666
0.467327
1.28291
0.38189
1.58956
0.081257
0.953013
1.17868
1.89526
0.946788
1.01936
1.17033
0.276779
1.02198
0.470827
0.133496
1.11834
0.281435
5.41538
1.12885
1.3862
0.0212043
0.437796
1.05959
0.0666052
0.132482
1.23014
1.45929
3.38201
0.490997
0.00405646
0.18232
0.191604
1.2821
3.23367
1.39312
1.57935
0.22666
0.380789
0.743078
0.536534
0.764139
0.591339
0.209645
0.901557
0.63313
0.208537
1.31045
0.231221
0.238355
1.58811
1.86914
0.393683
0.48644
0.533036
0.196678
2.67163
1.89631
1.75789
0.29097
0.311461
0.698453
0.386202
1.7675
0.503299
1.65408
2.55825
0.125647
0.0138286
2.22135
2.59636
0.919659
1.34176
2.62401
2.28301
1.84707
0.743718
0.62837
0.050493
0.660642
1.94561
0.379218
0.220891
0.0776149
2.2152
1.59413
2.15647
0.227809
0.807869
1.35474
1.19856
1.22121
2.64855
0.0160018
3.10858
0.340353
0.957401
0.293165
0.241765
0.105815
2.26955
2.15879
0.0036031
2.61399
1.42287
0.0353728
0.0906569
0.154501
0.206416
0.789502
0.46615
0.181678
0.350971
1.20593
0.916333
0.25645
0.171303
0.582153
0.568992
0.430686
0.392608
1.39594
1.16127
0.0262266
0.035389
0.110706
1.84088
0.255533
0.265153
0.0135721
1.26355
0.0855437
0.244596
2.5656
1.54764
1.37996
0.32613
1.70537
0.348522
2.13055
2.56841
0.242026
0.696433
1.68273
3.41523
1.12894
0.657043
0.717399
0.631503
0.772546
0.371681
1.11236
0.373688
1.41232
0.994992
2.56848
0.663901
2.54211
1.586
0.288914
0.0583618
0.722338
1.67952
1.56165
0.203886
1.05865
2.49362
1.68504
0.7208
1.75969
0.546533
0.729404
0.212766
1.62536
0.654878
0.830985
0.51804
1.21804
0.983568
0.0639771
0.682951
0.00970815
0.411642
1.29855
4.1116
0.820831
0.15625
1.94507
0.0908578
1.39188
0.0640423
2.19473
0.0884679
0.349815
1.69158
0.380661
0.0494252
0.733664
0.822419
0.426108
1.72055
1.48334
0.129343
1.37875
3.222
0.234902
2.33385
0.310287
0.565101
0.0318985
0.355501
0.38604
0.0584327
0.249025
0.71964
1.19318
0.509539
1.0735
2.0949
0.833685
0.322882
0.687727
0.378626
0.430499
0.088016
0.367023
2.15995
0.949968
0.0613719
0.826113
1.7551
1.35131
0.365046
0.011073
0.507668
0.334204
0.909699
0.672083
0.0838486
0.11051
0.793809
0.0797736
0.220912
0.32184
1.22486
0.607121
0.247634
1.15972
1.04748
0.309552
0.66288
2.84452
3.33976
0.185252
1.03346
0.257656
1.46674
0.852859
0.623995
0.0569908
2.5158
3.35052
0.414354
0.523452
0.517996
1.21352
0.570208
0.0598332
0.497883
0.0426799
1.41185
0.351631
2.33618
0.712644
7.90356
2.35603
0.73052
0.383089
0.202963
0.627607
0.663195
0.192556
1.04385
0.0988895
0.0408469
0.655115
0.119675
1.64166
2.73048
0.329925
0.592945
0.967671
1.14901
0.156707
2.48008
0.00346662
0.0127513
0.98892
0.547754
3.37103
2.08226
1.08042
2.62722
0.727502
0.131765
1.28098
0.176594
3.65577
0.514712
0.670866
0.72456
1.08627
0.00773067
0.440346
0.430804
0.0443861
0.652439
0.742007
0.2006
0.866429
0.461348
0.348549
1.2775
3.58904
0.644053
4.01367
1.17712
0.629054
0.0693173
0.258293
2.81945
0.18279
0.128192
3.35941
0.0176709
0.998253
0.328868
0.314488
0.94743
0.176008
1.61921
1.81084
0.704281
0.554303
1.44688
3.47266
0.21493
0.176232
0.0519831
0.126486
0.0466409
1.25557
1.25378
0.21521
0.0750936
1.12301
0.406392
2.83303
0.902531
1.13305
0.0484061
0.0227383
1.05036
0.496833
1.44072
0.909101
0.00579997
0.976598
0.511889
6.42774
0.450824
1.20791
0.266129
0.318355
3.31657
0.856782
0.0937591
3.79041
2.72761
0.0801675
0.901336
0.451741
1.2917
0.33569
0.253579
0.62918
1.0289
1.83099
0.957487
4.98974
1.9862
1.13723
1.12129
2.59336
0.176637
1.21012
0.310392
0.061941
0.323016
0.0413061
0.6304
1.12855
0.360463
1.12108
0.737152
0.145075
0.0783594
1.39514
0.468118
2.38367
2.44707
0.847674
0.662531
1.36385
1.11153
0.730259
2.19898
0.292925
0.886855
1.62164
1.48197
3.25031
0.455869
3.3872
1.55755
0.792202
0.993003
1.73398
0.256746
0.564216
0.072402
0.228075
1.82667
1.09311
0.890497
3.11082
0.378867
0.296371
3.12949
0.837188
1.04485
0.0314103
2.43654
1.13455
1.93447
1.15337
1.53564
1.69523
0.200284
0.808728
0.136982
0.824167
0.154373
0.778756
1.45072
0.246491
0.915272
0.0609505
5.14047
0.426576
0.773614
1.17357
2.7764
0.192413
0.760855
0.492382
0.0273169
0.437672
0.58836
0.166472
0.425331
0.461669
0.518374
1.34029
0.65006
0.756002
0.0837271
0.474224
0.26104
0.507511
1.3778
1.3718
1.42743
0.365158
0.17166
1.28656
0.190431
0.650241
0.313979
0.9802
2.40549
0.759384
1.88376
0.324761
0.980641
1.23225
0.561937
0.433636
0.100236
0.196912
3.53307
0.0318457
0.160531
1.37621
0.235393
0.0395296
0.413454
0.106731
2.24041
1.45954
0.161906
1.59136
0.244442
0.452926
0.8962
1.14463
1.96262
0.0746369
0.0146755
0.467051
0.144198
1.77185
2.04669
0.689272
1.15534
0.229882
1.23165
1.14916
4.09978
2.77465
4.18249
0.679494
0.329865
0.155418
0.230193
0.268174
0.374903
1.08071
1.11869
0.232028
2.05184
0.184581
1.39891
0.533521
2.00008
1.01692
0.815791
0.707017
0.139851
0.520388
2.80622
0.728846
0.937306
0.0135758
0.719624
1.14498
0.673272
3.90466
0.00144708
0.642509
0.19846
0.0517446
0.579142
0.565201
0.309623
0.585675
0.0549468
1.71801
1.59883
0.400064
0.138107
0.13379
0.329682
1.13686
0.167246
1.84099
1.00943
0.300889
0.548916
0.668998
1.72301
0.500059
0.240808
0.911428
0.348674
1.0141
1.62186
1.2899
1.67393
0.408298
2.87461
0.589628
0.605662
0.769147
3.65739
0.624633
4.34148
0.479916
0.39593
0.689841
0.810688
0.51437
0.0127994
0.57898
0.769784
0.745735
0.925849
0.699962
0.280174
0.185118
0.313025
0.998101
1.05822
1.20053
0.583487
0.139234
0.326871
0.963007
0.687439
0.181901
0.169559
0.38859
0.120419
0.173181
0.339104
0.102106
1.75006
1.07524
0.202246
3.03284
0.508385
0.905014
0.219585
2.33929
1.03436
0.474677
0.280258
4.28479
0.433747
1.51425
0.0780754
1.63109
0.29419
0.865789
0.42766
0.142412
0.319665
0.645773
1.64731
0.226552
0.658201
2.57943
0.185612
0.536485
0.103322
0.40112
0.934023
4.50918
1.35789
0.103541
0.185879
0.371231
0.405146
0.729946
0.412239
0.326787
1.2204
0.146763
0.378153
2.8933
0.367393
0.638774
0.327928
0.119804
0.454799
0.344393
0.400007
1.61231
1.83248
0.207734
0.560355
1.49081
0.610712
0.342989
1.28432
0.223338
1.72518
0.773072
0.0460504
0.406644
0.573752
2.30924
0.724343
0.400752
2.18237
0.0594154
1.92978
1.42308
0.382912
0.426618
1.19285
1.83302
0.48412
1.51019
0.977933
0.0834587
2.8908
0.582154
1.1094
0.733291
1.26832
0.594383
3.8877
3.69592
0.312167
0.773444
1.45751
0.470218
0.28939
2.36223
0.28511
0.0438927
0.0984549
0.245286
0.542954
2.92413
1.53151
3.72744
0.273318
0.175301
0.242955
1.46789
0.07467
0.920717
0.614502
1.73658
2.41687
0.183332
0.734157
2.66806
2.51847
0.514612
0.659767
0.643067
1.42251
2.13332
2.03138
0.149425
0.488119
0.104632
0.463737
1.23731
0.816091
1.33455
0.744306
4.40276
1.37385
0.242265
0.119318
0.0888775
1.80886
0.638335
1.49618
0.770575
1.72031
0.850774
1.27797
0.34631
1.13526
0.684107
0.814981
2.31933
1.21822
0.673222
0.211491
0.407787
0.901547
1.20464
0.469045
5.79274
0.360737
3.41777
0.727414
0.42636
1.61559
0.257978
1.14578
2.35686
1.89463
0.434198
0.848471
0.203474
0.344427
2.62389
0.0934864
1.97308
0.50972
2.55639
1.39963
0.108559
1.14543
1.51917
1.06962
0.17602
0.434203
0.0117965
3.04327
0.208041
0.346022
0.215106
0.806919
3.88989
2.77725
0.317387
2.11831
0.801731
0.0503059
0.233371
1.10172
1.74526
1.0509
0.0151971
0.830784
0.0628644
1.589
0.971531
1.05604
1.21477
3.40045
1.57064
1.97448
2.49103
0.105138
0.715662
0.572849
0.906284
1.01938
0.511269
0.490988
1.24029
1.53915
1.90452
0.227471
0.451007
0.25291
1.72881
0.615931
0.714389
0.473006
0.297585
0.0710979
1.13076
0.659832
2.63088
0.685067
1.28224
0.284434
0.228145
1.73687
1.12523
0.278858
0.0529761
1.57702
0.311276
0.471965
0.865117
1.06683
0.775359
1.01976
0.435442
2.35244
0.731446
0.44397
0.203706
2.17744
0.958006
1.94112
1.96317
0.0606547
1.14542
0.647943
0.584098
4.26342
0.230355
0.785167
0.203753
3.30506
2.22351
0.770483
0.143966
1.63773
3.97434
2.40697
1.33811
2.60234
0.0586702
0.00880651
0.388419
1.0844
0.702631
0.489184
1.36124
1.05233
0.0300693
0.195276
0.977024
0.220613
0.0808305
2.4147
0.28478
0.124835
2.60728
0.972118
0.135082
1.76746
3.18503
0.88349
1.09699
2.71795
0.255771
2.10175
3.45155
1.20283
1.2553
0.319324
4.07509
1.21105
0.229976
0.27157
0.00548855
0.906365
0.993867
1.57222
0.339432
1.25399
0.148533
1.34152
1.67164
0.16075
0.471229
0.422514
0.0104802
1.09721
0.800427
0.533058
0.743569
0.817135
0.816293
0.638225
0.259254
0.267793
1.49941
0.733348
0.107392
1.28694
0.5539
1.98758
0.561093
0.463963
0.0856198
2.81133
0.420297
0.535497
2.87901
2.10468
0.566773
1.1642
0.159456
0.728104
0.735807
2.70282
0.346928
0.888412
1.09322
1.4519
0.580113
1.70371
0.0998125
0.410294
1.1168
0.0735995
0.239688
1.00383
1.67825
1.25533
0.129587
0.0668957
0.273869
0.0594934
0.516965
1.93377
1.22389
1.64102
0.877866
0.0702639
0.301405
0.366769
1.70769
0.0388036
0.400263
1.91734
0.286435
0.342233
0.53088
0.17369
1.0533
1.94833
0.0026293
2.52682
0.00566447
0.0806294
0.728407
1.45134
0.91173
1.4184
0.104196
0.633097
0.0580516
1.77605
1.31037
0.186005
0.248145
1.2357
1.44323
2.38384
0.826333
2.47624
0.0276126
0.737254
0.260873
0.279714
1.12392
0.220721
0.211216
1.36392
0.15267
0.516634
0.849261
0.593086
1.72682
0.909676
4.23225
0.349654
0.498576
0.35804
0.988534
1.54178
0.440054
0.794889
0.284243
0.145201
0.920429
0.220374
0.355935
2.69747
0.421558
0.831833
2.62232
0.8199
0.158788
0.77711
0.591243
0.52986
1.61897
0.103824
2.07787
1.14866
3.32532
1.1277
1.44288
0.220608
0.607924
0.092367
0.448893
1.02008
0.938721
1.24379
1.75186
0.0969779
0.426027
2.38244
0.311619
1.05671
2.61366
0.0527356
1.48545
0.686517
0.609082
0.021747
0.0145324
0.0133825
0.750563
1.07301
0.296883
0.767326
0.547243
0.722729
1.42857
0.166999
0.910419
0.773284
0.682906
0.196034
1.09599
0.673111
2.47868
2.19258
5.59579
0.451867
1.26682
0.479127
0.192545
0.623756
1.46672
0.0247762
0.129089
0.479575
0.864705
0.384804
0.597821
0.625676
0.0844117
0.156819
0.629196
1.91446
1.45145
2.6327
0.230835
3.2324
0.917449
1.66778
1.24009
0.0877971
2.60534
0.175986
1.76349
0.830033
0.391911
0.720109
0.184556
1.38898
0.228004
1.2217
0.335424
2.79127
0.134839
0.211518
0.440993
0.135697
0.992095
0.211515
0.477059
0.96819
3.41481
0.713929
1.43977
0.735535
0.182859
0.914898
0.618859
0.224238
0.260048
0.192001
0.767873
0.486664
1.87329
0.634958
0.0857744
4.40087
1.46284
1.45693
0.667631
1.09576
0.0748486
0.669619
0.10782
0.39948
0.240955
2.41394
1.52445
4.03538
1.3044
1.16029
0.298366
1.65232
1.05648
2.99165
0.260075
0.840034
1.97827
0.393159
0.537074
3.11305
0.515216
0.0349704
1.26007
0.101717
0.412426
1.23966
1.94851
3.13582
0.334128
0.0393324
2.0035
0.0170552
3.51131
0.160444
0.825136
1.87671
0.315115
0.737573
0.454265
0.116586
0.359482
1.79205
0.778838
0.171015
0.249816
0.604694
1.00777
0.6864
2.88568
1.58163
0.531827
2.28483
0.930415
0.979907
0.5468
0.674068
0.415964
0.219852
2.47575
0.21328
0.0122185
0.138343
0.00145776
0.293228
0.624106
0.909717
0.726502
0.0203865
0.9508
1.86154
1.2195
0.279343
0.72707
0.321861
0.284775
1.42507
0.173037
0.233482
1.01843
0.344383
0.585795
1.07035
1.23659
0.446463
2.5968
1.5905
0.317367
2.1229
1.3103
0.598667
0.502429
1.41058
1.67678
0.638841
0.438646
0.065536
0.503909
2.66573
0.838628
0.688905
0.477944
0.579371
1.49805
1.88337
0.156616
0.350339
4.59281
0.787782
1.18197
0.646509
0.101838
1.72594
1.43366
0.500365
0.35127
1.36155
0.04821
3.63052
0.109795
1.98632
1.05743
2.43459
0.498838
0.592016
1.63379
3.73844
1.01603
0.676364
1.05893
2.83138
0.508341
1.3976
0.208923
1.28402
0.14687
0.256335
1.85819
2.66614
0.0740779
0.956469
0.263942
0.943121
2.81261
0.239687
5.21398
0.130067
1.41314
1.26255
0.391177
0.575349
0.427259
1.48201
0.277854
0.482681
0.610664
0.894831
0.765811
0.192071
1.00166
4.24528
1.29526
0.729851
0.0754978
0.127971
3.34888
2.0285
0.341921
0.527924
2.14489
0.0838672
1.20176
0.0549756
0.829172
2.08355
5.06794
0.0183147
5.04067
0.0270529
0.117862
0.412179
0.801822
0.600209
2.37804
0.372045
0.744335
0.447066
1.21329
4.65699
2.41083
1.27911
0.960202
0.800771
0.0492573
0.754329
2.40713
1.13918
0.391275
2.97935
4.89431
0.232804
2.26664
1.2823
1.51018
0.804296
1.13082
1.95855
1.0135
1.23896
3.23008
0.309654
1.42295
0.492985
0.542992
0.41165
1.50462
0.432716
1.99123
1.30195
0.130297
1.04494
0.274433
0.625455
0.765853
0.332683
0.503208
0.100577
0.0684294
0.2164
1.01644
1.35521
0.904327
0.297064
4.21063
0.0818973
0.531808
0.652648
1.29212
0.0295447
0.663907
0.439271
1.10197
1.53304
