0
0.327098
3.04687
1.26666
2.34064
2.70142
0.895209
1.18834
1.4452
2.51878
3.04964
0.431447
2.20973
1.951
0.622676
1.27594
2.29771
2.14599
1.59044
1.7459
0.493144
1.06875
0.546705
1.84737
0.805868
4.08604
3.87311
0.717732
1.98619
2.97089
3.02581
4.12284
0.750076
1.92639
1.25553
2.41894
1.92081
2.85689
1.42911
1.01062
0.741587
3.26171
1.58012
1.57342
1.31426
1.41331
0.556225
1.91966
4.9004
2.21384
3.15538
0.815108
3.63464
1.73322
2.70817
2.17927
2.52099
1.66102
1.37186
5.27756
1.2037
0.379786
0.433049
2.31946
2.634
0.272677
3.30231
2.28765
1.75476
3.58766
0.688734
1.69378
2.20127
3.37883
0.854629
2.09636
2.89393
1.46054
1.14768
1.65183
1.32404
0.784172
1.15212
1.17985
0.855626
3.74736
1.32945
0.26836
2.25837
1.22029
3.00219
3.27591
1.38829
1.90468
1.09425
0.878426
2.64892
2.98069
2.52266
0.752285
4.88765
1.40665
1.92195
2.14819
5.14382
0.923025
3.46576
1.6082
1.18003
0.799004
3.04643
1.01887
2.3016
0.627265
0.86584
1.63749
0.556403
1.1884
1.09297
4.61838
1.68538
3.98582
0.887736
1.31335
0.415443
4.29857
1.11379
1.50391
2.02985
2.3208
0.108525
1.32493
2.71715
3.6425
5.27023
0.834392
3.57248
2.43177
3.6379
0.916296
4.34587
1.49445
4.30782
1.3159
1.17558
1.24991
2.34715
2.4842
1.52257
1.16619
3.02982
0.822991
2.05268
0.453203
1.96734
3.66674
1.8386
1.58297
0.520402
2.80742
0.208893
0.834463
0.584439
3.85221
3.18902
2.39381
0.557972
0.988191
5.44334
1.55692
3.11021
1.14218
1.11541
4.84842
4.82707
2.4121
0.825615
3.49405
1.05027
0.825358
0.793229
0.29568
0.803616
1.1252
2.11761
1.3533
7.71899
0.496879
2.94678
1.45565
1.47819
3.57073
0.959646
1.40153
1.23903
2.74416
0.944305
0.759755
1.275
3.70552
0.801157
1.31363
1.84318
1.68484
1.07883
5.7624
3.62984
1.44508
3.68709
3.30561
1.81651
2.08376
0.836854
1.33919
2.95429
0.90585
1.59865
1.42773
0.404498
2.26931
0.213223
2.90759
0.638688
2.12052
6.76145
0.681359
2.9472
1.33914
1.06691
1.19735
1.78655
1.9858
0.934538
2.82644
2.40836
1.6332
1.16199
1.54618
0.72025
2.66164
1.89334
0.733837
0.895569
2.19703
0.778869
1.71021
2.98379
2.06407
3.24335
1.27879
5.23566
0.880505
0.732194
2.30462
3.32737
0.885425
1.18352
0.677108
2.40887
4.39336
2.58158
3.44634
0.713636
0.662408
1.85237
2.93367
2.27258
0.949992
2.62594
2.89475
1.62037
3.20593
2.78936
2.11394
1.40855
1.98163
0.762307
1.01058
1.42132
3.29393
2.67971
5.67561
1.52938
1.20375
1.49826
3.17751
1.18828
1.22857
5.01914
0.761578
6.98812
1.93812
1.45166
2.42497
1.82296
4.40269
1.57531
1.56764
3.70347
1.25167
1.88109
1.1779
2.70756
3.17232
0.603397
3.64223
3.34104
0.534275
0.598127
2.99954
2.03219
2.69269
0.809172
2.3303
0.43693
1.23965
0.348063
5.22008
0.297136
1.85113
3.81712
4.75866
0.86896
5.37468
1.0208
1.7058
1.58889
0.732704
2.40906
0.976239
1.54681
2.54792
1.78585
1.14386
0.293556
0.632201
1.90612
1.0439
2.15092
2.52618
1.48095
0.857736
1.12697
1.81245
1.41104
0.201194
3.81253
2.61598
2.52937
1.4261
2.05237
0.905084
4.81656
3.20453
0.163123
2.13262
3.91556
2.76267
1.93469
4.68213
0.863144
2.41678
1.23978
3.16707
1.08099
1.29405
2.32752
3.3831
4.43047
5.15208
1.25186
1.36298
1.55751
1.12798
3.31015
0.567282
0.731756
2.11064
2.81757
1.42624
4.87272
0.951924
0.444599
0.967177
0.800048
3.43651
1.63147
1.04217
2.60098
1.01762
2.05947
3.12049
2.4115
1.04569
3.44996
1.60451
2.68907
3.67413
1.37274
0.989888
1.28735
5.32951
4.71368
1.66919
3.60088
1.26799
2.67154
0.945081
0.188989
3.13486
1.33632
1.84822
0.617794
0.907135
0.567144
1.05814
0.809879
1.12651
0.780227
3.28457
1.91291
1.02522
1.49195
1.63181
1.35205
0.221563
0.951704
1.50705
1.00358
0.440105
1.96981
2.32225
1.48368
1.62708
3.16202
2.23605
1.29654
2.94408
1.65632
1.8589
2.83166
0.760032
4.17213
0.48189
2.05946
0.598836
1.48572
1.33679
0.705134
0.341815
2.40215
1.9313
2.33942
1.72586
2.61842
0.646496
3.21814
0.835032
2.47283
0.780811
4.13982
1.29393
1.14717
0.425176
0.632658
0.664438
0.141872
2.0411
1.30454
1.73524
3.85365
0.880455
0.426301
1.59507
4.9611
3.64963
2.88447
0.895436
2.51856
1.32279
1.41074
1.78133
1.41686
4.05812
3.06409
4.75994
1.59987
1.66021
0.858076
1.34041
0.771608
0.732345
1.13762
1.61615
1.24149
0.578748
0.859398
1.59152
0.219353
0.834054
2.10486
2.16699
1.12405
0.791564
0.633829
1.8099
1.16718
0.823998
4.96718
0.931941
3.00162
2.00775
2.57824
1.48378
1.66789
1.81563
0.536046
2.93295
1.14088
1.88786
5.90497
1.29619
1.33006
4.69474
1.67989
1.48135
1.17339
2.35221
2.46819
1.48516
0.88272
1.04327
0.878669
0.710825
0.884084
1.24219
1.03559
3.32801
1.76853
0.771747
0.774892
1.63034
4.65823
2.86806
2.26571
1.42103
2.03783
1.73623
2.42161
0.592988
1.48399
1.40183
1.51847
1.2652
1.43266
0.254655
1.40867
1.34742
1.2535
0.530139
4.34217
1.28051
0.385008
1.08681
1.06067
1.88279
0.986549
1.57329
1.37114
1.00941
1.10543
3.10489
0.8701
3.21295
1.72884
3.17307
1.6784
0.557089
0.671426
2.68323
1.50687
2.1012
1.73453
2.63178
2.88227
0.799123
2.34777
1.94201
0.560889
7.95633
1.78372
3.93256
1.09665
2.28529
0.689497
1.07764
0.372791
0.445394
1.3225
0.397748
1.48006
0.8988
0.495682
2.21952
6.0094
2.12624
0.860521
1.91832
3.4222
0.711742
1.50719
1.87508
7.16173
3.66386
3.89602
1.702
1.73578
2.24581
2.87825
4.0114
2.17372
3.50826
2.0887
0.932379
2.50628
2.45281
3.0236
1.22105
0.630725
0.264995
8.84355
5.69866
1.63542
0.695169
0.716001
1.3148
2.97318
3.88694
3.3268
0.816435
1.24812
1.1506
1.58082
6.16185
0.555198
0.71593
1.3141
1.6401
0.700009
4.27009
0.928298
4.72555
1.51156
0.277697
0.32296
0.913857
3.49732
1.20536
3.2599
10.4268
1.09017
1.4662
0.491013
1.40858
1.11367
1.53385
2.7287
1.28829
3.15821
2.0664
2.77263
0.628752
1.9108
2.24317
3.57809
0.761991
3.97438
2.04705
1.06942
1.13978
1.26796
0.182557
3.45037
1.23977
1.9339
1.36415
2.04426
1.34178
2.62729
1.19575
1.55756
1.73602
2.89559
2.42319
3.30009
1.04643
1.25517
2.36687
1.90233
3.83294
0.769042
2.19053
2.26704
0.309631
1.29129
0.294226
3.39455
2.72417
0.577866
0.641465
1.19995
0.755768
1.56665
0.16714
2.41634
2.91156
1.57873
2.08097
0.763508
0.87261
1.73886
0.921679
2.94884
1.22249
1.94037
2.23778
1.0991
0.844592
3.74026
1.94563
1.99102
1.84797
3.82148
4.82577
4.04027
1.36943
0.504604
2.69863
1.4544
2.19373
4.88294
0.946522
3.33171
1.45748
0.158393
2.06804
3.37241
0.732497
0.740276
1.17072
1.11262
6.85892
5.75587
1.67643
2.00447
1.38405
1.47795
1.94005
1.11333
3.17482
1.13499
0.496747
1.72451
0.971078
0.677018
1.16953
3.23613
3.73425
1.88919
1.64297
1.69931
1.71824
1.78564
3.73202
0.130465
6.65434
2.03147
1.56993
0.810089
2.60129
2.32077
2.46801
3.09302
1.10066
0.757293
2.91028
3.80833
0.953901
0.879824
3.08244
1.65142
1.22051
1.59529
1.39515
2.46487
1.11629
0.89017
1.54651
2.00284
6.79471
2.38861
0.671939
0.908483
2.39901
0.965318
1.21773
1.35198
1.81119
2.5705
1.93764
1.90399
1.04409
0.576276
3.43113
0.992806
2.05931
0.877622
1.14125
4.20521
1.89728
0.984581
1.31303
0.726035
3.70576
0.683257
0.44688
1.28105
1.06287
1.5949
2.66582
0.793255
1.86293
1.45148
1.26286
0.630071
1.78503
0.31817
2.49796
1.04731
0.25265
0.787213
1.50652
0.798982
0.583468
1.11576
0.837119
0.832833
3.65347
0.922936
0.714077
0.4033
2.08903
1.44633
3.10907
2.8726
2.30051
1.62487
1.81315
1.25359
3.47862
2.16221
2.84685
0.204161
0.263193
0.52662
1.87334
1.25684
2.30938
0.404709
1.88463
2.22779
3.06838
1.54008
3.55257
4.73692
2.69669
1.34605
1.41704
3.35443
2.76322
2.81326
1.90348
3.82846
2.27119
5.35362
1.00994
2.03914
1.34881
2.04178
3.96799
4.12989
1.32675
1.70871
1.92185
3.67053
0.893587
1.51238
1.80145
1.73116
1.43792
1.87344
2.62274
1.77864
0.984407
0.261134
0.669187
0.612737
0.213087
1.13856
1.05069
1.00969
2.44678
1.88112
1.44974
2.22465
1.7869
0.608333
0.589694
0.962242
1.58679
4.94389
1.09963
2.91445
1.26582
1.57833
0.65114
2.46832
2.98567
2.61528
1.18537
3.72984
1.25725
2.76796
7.26184
0.835266
2.29896
0.409365
0.530256
3.13867
3.39879
2.08576
1.0201
0.90697
3.12034
2.94815
0.807531
1.67709
2.74313
0.667299
1.2878
1.82282
4.59526
3.75449
1.80095
1.25937
1.16654
4.24734
0.658864
1.99713
1.61057
2.77737
0.686998
0.768656
0.54192
4.44536
2.41933
5.15867
0.684491
1.9166
0.672615
5.57049
3.34969
4.53758
1.91292
4.18232
1.28585
1.11722
0.849848
0.523221
1.22616
0.963425
2.85303
0.635153
5.06612
2.67681
4.79323
3.14462
1.45764
2.93444
1.55326
1.74617
0.76051
0.634169
1.63213
0.912741
0.493293
2.15491
2.7133
0.872359
0.730704
3.90259
1.83849
1.84626
0.954091
1.37012
3.5497
0.600139
2.23226
0.282307
1.42676
2.29467
2.56271
1.45478
1.82856
5.51435
1.61186
1.04713
0.366473
1.72067
0.739054
6.48112
1.44026
1.24003
0.578799
2.45633
1.0119
1.07957
4.38775
1.35334
1.84669
4.04972
0.295951
0.154723
0.749292
4.50723
1.23583
0.613139
0.419324
2.71836
4.46605
3.85215
0.996104
2.16816
0.285636
2.02933
1.37554
1.9014
1.18043
3.24689
0.988167
1.61186
0.57645
0.734114
0.448383
2.63971
0.473474
1.26751
3.72427
1.25848
4.64376
2.07611
0.992974
1.05724
1.91984
0.994155
1.2128
2.2285
2.68221
2.13758
0.875168
0.755792
1.08237
1.23607
0.50186
1.19098
2.34376
0.58428
1.6127
0.210264
2.63223
1.86441
3.34592
2.96911
0.454857
2.19751
4.24003
3.13596
2.5632
0.832948
0.861614
1.88931
2.01821
1.87456
1.62549
1.29638
2.25186
2.03542
2.36447
3.37958
0.471678
2.33552
1.27961
2.16274
1.00434
0.594134
4.48094
1.62527
5.27501
0.718331
1.61505
0.507007
3.1117
3.03877
0.278154
1.75284
1.4482
1.36597
0.386677
2.6922
0.152648
2.46826
1.32598
1.57071
1.2749
2.19881
2.21458
1.23643
1.6563
1.6795
1.34477
1.32075
5.46467
3.06566
1.21364
2.9642
0.29141
1.73219
1.92473
4.66335
0.0999886
0.897643
0.146892
0.691315
1.2399
0.322166
1.39652
0.583022
0.164044
1.86057
0.356812
0.716162
0.365636
3.42452
2.21884
0.689917
0.99879
0.782968
1.50436
1.22851
1.43874
1.43771
2.44075
0.735592
0.88866
0.981706
1.32665
1.01555
4.77371
2.44844
2.12533
1.60563
1.89647
1.64962
2.23065
2.16767
1.62064
1.20705
3.05576
0.842976
2.86309
3.43695
3.26949
2.4359
2.67151
1.43938
4.28287
0.184981
0.499039
7.08242
0.818348
5.59083
1.17759
1.93293
0.934953
1.65519
3.21977
3.32466
2.01429
0.938392
1.18064
3.6483
1.75523
3.11682
0.189877
0.488935
2.50278
3.10624
1.19091
0.522509
3.00251
2.11328
4.71125
5.91473
1.8163
4.09871
4.93869
1.96327
4.12501
2.31204
0.25264
2.10305
1.53096
0.992533
0.710322
4.04363
3.09729
1.10007
4.41062
1.2946
0.694853
0.410373
0.837686
1.00117
0.71845
0.877531
2.19541
4.54743
2.91158
2.77533
0.514891
2.22539
2.93228
0.316906
4.58589
1.68582
2.26844
1.85317
3.43431
0.330531
3.05723
3.62966
2.0696
1.84909
0.839756
0.647062
3.9242
1.17079
1.09658
2.0889
2.64852
2.42997
2.11666
1.86202
0.941142
4.16123
0.937092
2.88744
0.0979418
2.1782
1.783
1.36393
2.88563
0.913154
2.1574
0.821271
1.36073
3.8579
0.918074
2.67948
2.83684
3.12734
2.67096
3.96537
1.57261
4.54889
2.4581
0.899791
1.46063
2.39871
1.88335
3.00407
0.641047
1.93402
1.55416
1.49924
2.98391
1.96281
1.81059
1.42559
1.5989
1.5533
1.73878
1.88154
1.74633
1.35889
0.777013
0.278861
2.68509
1.02625
3.89997
5.77882
3.35694
2.20126
1.10882
0.893356
1.01935
5.1497
1.92037
1.21383
2.70273
4.12846
1.59969
2.53095
4.05615
2.18285
1.647
2.74741
5.85828
1.98744
2.21104
0.391407
1.27642
4.54669
1.69764
1.4623
2.61219
2.85061
1.86898
1.27161
1.0071
1.15068
8.79637
0.608936
0.584319
1.87318
0.766434
0.858777
1.53889
1.58858
2.79486
0.99577
1.11107
4.50825
0.300956
1.45234
0.965033
1.52758
0.72924
0.391007
1.62707
4.19111
2.42681
3.02499
3.69988
5.06762
1.09466
4.98057
0.63786
0.424626
0.947511
0.78128
2.0352
4.41936
2.00494
7.89427
2.5731
1.46163
2.0058
1.17833
2.43314
2.00453
1.83519
3.31164
2.67303
0.14514
2.00494
2.44967
0.519224
1.76235
6.54004
0.525789
2.37585
1.26763
3.25973
0.767466
0.732605
1.33487
2.62267
1.32584
0.901154
1.37535
1.41968
2.96966
2.04657
0.612534
2.18744
1.57167
1.10814
0.352674
0.641528
7.81719
0.940474
1.72564
1.79588
2.68967
0.877176
1.75807
0.803703
2.95576
0.768475
1.27723
3.34394
2.04662
1.33526
3.48361
2.47776
1.85948
3.0334
1.69324
4.16778
1.43923
2.6221
0.58516
1.71557
2.91186
3.85995
0.612353
3.09366
2.27806
0.233261
3.11586
1.07768
0.619897
2.07492
1.64068
2.35371
2.71137
0.778619
1.47056
2.67501
0.898613
2.19249
1.19703
0.69543
3.14952
1.01937
0.668099
1.38634
0.898335
1.49211
5.2523
5.20199
2.0246
1.34054
1.11805
1.73609
6.06491
1.55968
4.35883
0.506848
1.4741
0.658122
1.0495
2.19152
0.547124
2.29723
0.423154
0.586306
2.32987
0.639195
1.68012
2.42451
3.32301
4.22999
3.4964
2.05869
0.40527
1.6139
0.43265
0.870557
2.58925
0.672009
3.84496
1.29347
2.93126
4.15019
5.06167
1.04985
3.41731
0.34065
2.3082
0.391858
1.14283
1.4342
0.360844
2.79047
1.7182
3.31824
2.72297
1.67059
1.81774
2.65066
0.413242
1.00096
0.223039
0.621073
2.24324
0.750267
1.73409
0.687042
0.249443
2.94651
2.36413
1.23512
1.58294
3.85265
1.93541
2.69882
4.1147
0.269209
2.98588
2.62102
1.41477
4.48904
3.68492
1.42949
2.78
0.578047
2.06434
1.08423
1.26314
1.2733
0.539164
1.00651
5.23206
0.782092
4.76561
1.10901
3.53584
2.69522
1.49188
1.56246
0.873995
1.22089
3.60806
1.61012
0.317715
0.418665
1.23181
1.93588
0.924595
0.195289
1.25398
1.99069
1.52656
3.04764
2.11451
6.69426
0.338029
1.7839
2.16566
0.576458
3.53132
1.91704
2.01133
5.35386
3.05986
0.514061
2.88767
0.336745
2.8928
0.984129
0.697733
2.24747
1.42571
1.17409
2.10963
1.06385
1.65042
1.76079
2.45587
0.87767
0.686723
1.86827
4.17222
0.476871
2.17578
1.29345
1.02229
1.18619
0.790377
1.09175
2.27655
2.51638
4.39992
0.652581
3.71014
2.70638
0.5704
1.46934
1.13191
0.240414
0.979596
1.78015
1.32551
3.75537
2.7414
0.24112
1.75865
0.683843
1.31513
3.23132
2.80438
1.55051
1.85876
2.53874
1.61355
1.67783
1.26554
1.18112
1.21968
4.77894
3.17883
6.11236
1.85351
1.0634
0.245339
1.37397
4.72427
1.69672
2.60127
0.805502
1.03019
0.417265
1.44407
2.69005
3.25855
2.22807
2.96082
0.519271
1.75051
4.63981
1.24541
0.535537
1.77058
3.65883
1.16828
4.45127
0.334619
4.43352
2.55721
1.82862
2.66226
2.51981
3.22219
4.32356
4.85212
3.48317
4.0508
1.11549
0.773583
2.437
2.68108
1.27366
1.93927
2.97936
1.08297
0.894561
3.97847
1.13984
3.08008
0.943738
0.668804
1.55471
5.10933
2.18189
1.59718
3.46694
0.50463
3.39827
1.18013
1.30237
0.899581
3.66761
4.1351
2.94606
4.6179
0.13518
4.25297
3.68846
0.430097
1.39959
2.12923
5.9475
1.73519
3.73971
0.436368
0.453294
1.1926
2.21996
1.93943
3.71781
2.30033
4.86715
0.950558
1.72503
1.09725
2.69139
2.4499
1.38758
1.41103
7.2908
0.045858
2.62261
0.399401
2.51645
0.751498
3.17166
1.35759
1.22234
1.58151
0.679034
1.60401
3.41104
2.88428
0.687072
0.304674
3.48249
2.18791
1.19325
0.827822
2.94872
1.52759
0.674431
2.66335
1.03603
0.982869
2.21846
2.29524
0.916245
3.90846
2.02118
1.68447
0.321654
2.79848
3.02504
2.21191
3.4393
0.503976
2.0722
4.81366
0.973487
0.0946403
2.91592
2.37384
0.546572
0.707458
1.4477
2.4759
2.44398
0.674532
2.5102
0.468583
2.39563
1.48002
0.738327
3.31245
4.4473
0.474452
1.26749
4.75569
0.511712
1.57324
0.47342
3.15404
3.03076
2.40091
2.03918
0.851403
0.941321
1.23059
3.68879
1.61525
2.54878
5.13595
4.1104
1.24997
1.7086
1.40678
1.9552
2.11039
0.385555
1.00418
0.823548
1.39848
2.46369
1.81759
3.73038
1.29777
1.34598
0.520052
5.43724
0.574708
2.04197
1.51979
1.22223
1.78334
1.71077
2.06045
2.79186
0.203158
1.07695
2.33837
2.63951
0.487359
2.15073
0.955688
1.35495
1.08306
2.58596
1.62442
1.42807
1.05734
3.84857
2.44354
1.36939
0.654426
0.964688
3.73003
1.49953
1.18989
1.81588
1.97512
0.43672
0.167819
0.513354
2.94005
5.03681
2.29979
2.93666
3.78161
3.98222
2.71901
1.10565
0.411793
1.15749
2.53158
2.29167
0.670875
1.6442
3.46198
2.99713
2.23802
2.61438
1.1077
1.75675
2.69897
1.51921
0.623975
0.24645
7.31727
0.377957
3.48389
2.28696
1.86813
1.56313
0.514401
0.780701
2.60031
1.63194
2.79746
1.39431
3.62008
1.22073
0.777349
2.07666
0.196229
2.53348
2.38384
3.0267
1.15644
2.33227
1.81887
1.13768
0.666226
1.36254
1.85537
2.65656
1.08142
0.789208
0.350536
0.516009
1.10029
1.4919
4.31615
0.366456
1.99966
3.67679
2.43485
1.50025
0.807336
3.31717
0.396371
0.638452
0.83902
2.94023
0.531302
2.40514
0.671339
3.30116
1.9939
1.13441
2.85583
1.21351
6.80217
0.429011
4.05198
1.60484
2.48207
1.95818
4.99662
2.93015
1.43175
0.780997
2.13997
4.88514
3.16783
1.47637
1.89004
2.78083
0.939344
1.48134
0.932015
2.29089
0.937451
4.27922
1.3802
4.10924
0.880356
2.63008
1.32765
3.5207
5.08373
0.442103
0.567256
0.773036
1.58492
2.44421
2.45688
1.96786
4.08759
2.01543
0.206862
1.91945
0.551849
2.14663
1.23428
2.70671
2.00974
2.55667
0.0604166
2.26
1.20225
1.65351
0.796483
0.502061
1.22913
2.23659
4.68889
1.46228
1.58473
1.37647
0.471365
3.5469
4.00596
1.66633
2.975
2.39397
1.79053
4.8982
1.9822
3.17121
1.44904
0.689282
1.88607
3.18474
0.431903
1.5027
1.1981
1.67682
0.879674
2.98937
1.46758
3.49399
0.815001
2.3267
0.4124
4.13581
2.70579
0.268574
1.74826
3.11726
5.94921
2.34548
4.52185
0.785501
2.77894
3.998
4.34442
1.18635
1.076
0.440581
2.07683
1.2259
2.73018
3.45454
0.98711
1.75741
5.72473
0.819823
1.42735
4.59477
2.75769
2.23522
1.58407
3.70431
1.76281
3.32312
2.75101
3.64273
1.59072
2.73417
0.824368
3.15647
0.550244
1.1216
2.36431
0.440705
1.24573
0.452274
1.59689
0.398433
1.38308
1.31713
1.91373
1.10999
1.43038
1.49432
2.3037
1.02801
1.03006
1.21816
2.33315
2.24255
3.50014
0.145806
1.67437
1.38072
1.38728
0.691967
3.75833
0.890519
1.71225
2.51166
2.05936
1.58593
4.35615
1.89762
0.479247
1.47352
0.534057
2.05294
1.59554
5.65227
2.42503
7.1232
2.08316
1.18808
0.386058
1.1677
0.299346
0.784865
0.430935
1.03024
1.14234
1.78412
4.10608
4.31025
1.04402
0.500117
1.09107
0.640352
2.71222
0.814539
0.717452
1.3584
2.4215
3.01303
4.45462
1.08441
1.10813
1.68131
0.584415
1.60318
1.57585
0.31143
2.00506
2.19488
2.9186
1.88891
0.939205
3.12177
0.309756
6.56718
0.455882
1.3071
1.50836
4.48993
1.88665
0.843026
1.49249
2.07769
0.404195
1.19351
5.26295
1.64206
0.994736
0.883708
2.35557
2.78146
6.93402
1.49789
2.01807
0.346065
0.566762
0.0595497
2.00017
0.18616
1.0717
2.10944
4.22016
0.81843
2.11781
3.75428
0.311376
1.67827
1.80772
3.31257
0.7483
2.37499
0.888156
1.45407
1.98054
2.73462
2.7679
4.34143
2.34821
0.358657
0.762891
0.88715
2.16685
1.54965
1.95457
4.0806
2.64562
2.95794
1.87698
1.35469
1.60292
2.86319
0.754383
3.34334
0.298149
1.44664
0.693414
3.97112
1.00548
3.16575
1.55525
6.00369
1.60519
2.47271
0.318792
2.8166
1.7052
1.78566
1.15388
1.97199
1.74293
0.662643
6.51629
2.12273
1.28425
1.64636
4.65458
0.896336
1.34631
1.52028
0.318394
4.98715
2.174
1.73438
3.84737
4.41454
0.552172
3.06613
0.821258
1.7688
2.20009
0.956058
1.2859
4.09589
0.896461
0.266586
1.49456
1.6443
0.544223
1.93677
5.22155
0.907874
1.09067
0.947857
0.890327
0.708568
4.10179
4.88626
1.39791
1.02747
0.400776
1.36347
2.69217
0.874076
0.290881
4.13448
0.431163
0.755005
3.70557
3.21352
0.443152
1.01561
1.09587
2.56277
1.26148
1.2043
1.0625
3.64148
2.18249
1.46528
4.35519
1.87836
3.53304
2.81854
4.19188
1.11205
3.39058
0.241087
0.535387
1.94183
0.927685
3.74153
3.09629
0.594889
1.56801
1.0066
1.83795
2.68509
0.434591
0.297075
4.56116
0.223182
3.06967
2.0234
5.99552
3.3108
0.48614
3.96801
1.23744
2.36803
0.907214
0.272897
1.42676
0.515239
2.03285
2.14699
0.886787
3.50123
2.32517
4.81517
1.16312
1.5251
0.731343
1.09294
1.98722
1.53859
0.468408
1.06414
3.36439
1.52506
0.363176
2.35622
0.548125
0.275804
1.94978
1.01229
0.565041
0.220796
0.941795
0.861652
3.29368
3.34343
3.26238
0.170735
1.8592
0.443973
1.61505
1.51611
5.32047
0.456772
2.08483
3.18914
4.91483
0.269088
4.1982
1.28436
3.25787
2.85284
3.28891
1.71844
1.5163
2.96213
1.85694
3.0102
3.59371
2.46936
4.88301
3.18147
1.16188
3.0113
2.00748
1.56984
1.73968
1.56496
2.02166
2.37959
0.548851
1.40406
0.823267
0.354858
1.26807
1.71889
0.70882
0.617294
0.104333
0.914719
1.72008
2.04163
1.39546
1.46895
2.04521
1.60756
4.25342
3.53452
2.74968
8.98162
0.441916
0.859855
1.50086
0.92949
0.982449
0.676005
3.49563
2.0621
0.947234
1.05075
0.915557
1.13985
1.63628
3.63655
1.74529
0.779655
2.76578
1.28788
1.77975
2.14655
1.22615
0.781574
1.67112
1.55145
1.89486
0.210837
0.886767
0.663994
3.50993
0.457797
1.57976
0.960186
1.62604
1.44285
1.08317
2.11818
1.75997
0.501858
2.71994
2.10316
0.199524
1.61538
2.47769
5.01742
0.507832
2.7812
2.33696
3.6464
3.26241
1.15189
6.2706
1.79713
1.66623
4.35133
2.04842
1.71921
1.60794
1.31154
3.45339
1.81593
3.33768
3.56345
2.21328
2.05089
2.02534
1.3019
0.668682
1.82835
0.703253
1.56149
3.39136
2.59021
1.18919
2.42092
1.26489
4.13601
3.67314
0.37661
1.9706
2.12105
0.235718
0.780181
2.18436
1.43139
3.03246
0.155561
1.72219
2.41552
1.26869
1.74958
1.24608
5.05686
0.630958
1.87663
0.44
1.0866
3.2825
0.900799
1.93852
0.511769
1.70706
3.88276
1.19212
1.22055
1.45229
1.31532
1.50809
3.95072
1.5693
0.427526
2.02538
0.793886
0.792281
0.671169
1.62931
3.29037
0.848244
1.44319
3.90501
0.889423
2.44191
2.58423
4.60019
1.19123
4.60382
2.51434
0.791213
1.42604
2.23934
0.698704
1.8108
1.68619
1.94739
1.27014
2.99875
1.34367
4.13507
2.26864
0.393865
2.14115
2.63139
1.96234
1.68026
1.28412
2.18324
0.955949
2.23604
0.93423
2.37799
2.04068
1.93382
1.22923
1.94104
2.17348
2.23229
2.26523
0.261326
2.07515
2.93748
4.30016
2.36072
4.55325
1.75047
4.13319
0.929008
1.23812
1.83124
1.5229
6.46985
2.90477
1.7269
2.39876
1.65849
0.158724
0.88013
0.88511
0.450688
1.62179
5.26174
2.89971
3.99296
0.337692
4.74291
2.21243
0.738806
0.117994
0.974576
2.51993
1.17214
0.581018
4.08987
2.40966
7.19296
2.01027
1.44979
1.46588
0.248917
2.64963
0.434778
3.56761
1.61048
1.45105
1.30108
1.12305
4.39711
1.16114
2.81617
1.67205
1.05377
1.37743
2.68502
0.510361
0.0728754
1.75371
1.79273
0.820643
1.26242
1.37819
4.93644
2.11829
1.95403
1.51121
0.336246
1.50528
5.29702
0.916634
1.13602
4.03191
1.4107
1.51055
3.55157
1.7069
1.24374
1.04428
2.71317
3.10852
0.429681
2.7795
1.67423
1.84581
1.5422
1.27633
2.1487
3.96829
1.07784
0.717958
2.98774
3.76218
1.72608
1.58014
0.881959
1.46177
2.43408
2.71936
3.918
2.67101
0.408935
1.78711
3.19927
2.48585
2.50693
1.13002
7.1002
3.5609
3.9211
3.45229
0.454957
1.11266
4.6187
0.652713
5.24668
0.311108
7.75764
0.785243
1.48634
1.54191
0.992353
3.89079
1.60998
2.40692
1.15172
2.14977
1.47783
0.660069
1.10229
0.479186
3.22925
1.86819
0.442429
2.39616
3.97395
3.10394
1.53183
2.0124
0.803537
2.97374
1.88368
1.41012
1.62635
0.725795
1.06957
0.382003
1.64488
2.88713
0.659216
0.460371
3.06115
0.761593
0.860675
0.803249
2.66573
1.52239
1.75541
4.54347
0.821726
4.79163
1.95473
1.64119
1.13543
3.36862
2.60157
1.11378
3.95779
0.31907
1.62367
1.08524
0.0801772
1.9161
6.38759
1.65305
1.25073
3.71378
1.44271
1.08716
4.1467
1.17744
0.951034
0.910139
2.48936
1.65675
0.561594
1.073
0.536476
0.98895
1.85664
1.87492
1.34092
1.22546
1.2176
0.593453
0.90985
2.28727
0.368909
2.02366
2.99847
1.80794
1.16993
0.850722
0.223586
0.68357
1.41691
4.12154
1.97805
1.12729
3.73206
1.18638
1.36271
0.246912
0.522949
3.33494
0.888052
0.908064
1.73868
0.272998
0.177608
5.43456
0.862045
2.00227
2.89518
2.84685
4.38638
1.10519
1.94755
3.01524
0.866299
0.342835
2.743
0.948119
1.53363
2.64735
1.24689
2.36374
0.266163
1.76176
2.71291
1.3355
0.401415
1.90365
4.04147
2.98009
1.36622
0.959653
1.32735
2.4502
1.11362
1.72011
2.58093
3.96824
3.29608
2.57345
3.52122
4.91122
1.41902
1.43079
5.07759
3.92164
3.34556
2.35002
1.12422
0.299491
2.67364
0.80667
1.35906
3.13027
4.23299
3.221
1.84753
1.57266
2.55596
3.29497
4.03435
0.472223
3.88015
1.46746
1.40189
5.6755
1.3817
4.75484
1.13486
7.86816
4.82964
1.3348
2.60695
3.4969
3.78725
1.72135
1.76914
2.24744
3.44159
5.95573
5.27456
1.83504
3.58922
3.81206
0.728369
7.14396
1.03738
2.44046
2.18842
1.71201
1.85813
1.94388
1.05796
3.42334
2.91139
0.914205
1.2934
1.56009
0.808929
1.49183
1.31364
1.57967
4.04474
1.11981
4.23606
2.72234
1.58138
4.28918
1.45562
1.38239
1.01559
0.239018
0.717137
4.08189
2.09637
1.72477
0.36847
0.935358
1.39421
1.06662
3.10983
2.95947
1.33361
3.78059
1.69455
1.63618
2.25427
1.03233
2.19467
2.39571
0.238999
0.740079
6.77656
2.26732
2.64987
2.42804
3.80787
0.247751
1.41339
1.28187
1.07849
0.567142
1.67986
3.00612
4.77016
0.697607
3.08085
1.74697
6.21673
1.04107
3.08834
2.14405
2.82167
0.848978
2.96613
0.81516
0.692889
2.00683
1.96845
3.04948
1.02291
1.20397
1.63343
3.58216
0.626718
0.639533
3.5541
3.17145
2.647
0.196436
4.59898
2.78491
1.97512
0.347861
3.24125
2.26737
0.624008
0.264779
0.260519
2.27207
1.15701
2.63928
2.85149
0.471594
1.54851
0.602052
3.83557
1.35016
3.34426
1.63892
3.92224
1.37701
2.72269
1.54935
2.92324
0.136403
1.34996
4.27713
3.09737
1.09485
5.65559
1.04968
6.81091
1.71042
1.43373
0.926989
1.59193
0.885877
0.833893
2.51219
1.03974
2.08475
1.70783
0.614787
0.845169
1.64189
1.1928
2.81517
1.79757
3.42378
0.342658
0.772778
0.482038
0.807879
4.00396
1.75184
2.78232
2.01443
1.44746
0.586346
2.2698
0.433785
3.93389
4.53456
1.15016
1.71228
5.08807
1.08151
2.20721
2.01938
0.315027
3.78922
0.756339
3.23631
3.46839
2.34705
0.565995
1.66921
0.595054
0.575425
3.06
3.399
5.55358
1.25553
2.68754
0.647453
3.78992
1.93031
2.71091
4.5882
0.70866
0.426461
1.68952
0.374516
1.92304
3.31239
1.41589
2.18294
1.15468
4.571
3.14723
0.331359
1.75515
3.81962
1.95009
4.74247
0.628866
0.60246
0.66435
1.37746
5.27985
1.88148
0.453228
0.783006
1.13046
2.3294
0.427953
3.48395
0.0687921
1.83525
0.874211
3.28502
1.52729
1.94132
0.586919
2.17395
1.13691
0.784209
0.501465
3.79986
0.844297
0.923304
1.2527
0.492497
1.60242
3.56799
3.29629
1.78328
0.694284
1.34544
1.23835
0.787209
3.7766
4.9614
1.30224
1.2432
1.86582
4.33214
0.528202
3.74637
2.14866
3.70782
2.7322
1.72115
1.45527
0.731874
1.44537
0.565429
1.08999
0.387923
1.46055
0.369703
2.7248
3.76472
0.999039
2.16891
1.51449
0.84867
2.71343
2.63999
3.25575
0.905418
2.35894
0.989995
5.09779
2.26157
2.65413
0.47915
0.676928
2.39471
2.34649
3.87532
2.46723
1.19572
0.641607
1.14176
1.0122
1.75295
1.87049
2.57232
1.13243
1.80023
6.41061
2.46389
1.47059
0.711756
0.974668
2.14776
0.938319
1.70159
1.54486
1.0527
1.75353
2.08504
0.473401
4.48368
0.96336
1.82039
3.2625
2.38102
5.65806
0.346857
2.09882
6.79203
1.71146
0.652004
1.21968
2.67923
1.00417
1.65158
1.67473
1.37072
1.13508
2.66471
1.4522
2.64984
0.536783
0.527612
4.0085
2.20851
1.42599
1.61992
1.13819
1.90771
1.48802
4.74455
1.39972
2.37108
2.10708
2.14359
0.422877
2.48733
0.666995
1.69278
2.63071
1.96495
6.37359
0.4964
2.84448
1.33078
1.02919
1.66998
1.0777
1.10891
2.48251
1.66549
0.830365
1.58124
1.52874
1.15519
0.69
1.06918
1.67129
0.126966
3.11312
0.195575
0.743512
1.50101
0.786483
3.50414
0.795733
3.67278
0.134389
0.367371
1.58299
0.821392
0.589585
4.7547
3.63211
1.9851
1.50596
2.44442
2.02393
0.32158
1.74644
4.85795
0.800862
2.2593
3.83308
2.33959
1.40031
3.69997
0.613948
1.14714
2.28719
1.80305
2.4427
3.09832
1.6621
2.74349
3.71162
6.60345
2.58729
3.52291
0.210236
1.63437
0.980373
0.918458
0.460949
2.6151
2.39896
4.19076
2.58998
0.885411
2.82954
3.80188
1.11838
0.487829
2.4841
0.26575
1.98103
2.75067
1.0956
1.05362
1.36278
1.2114
1.13684
4.55922
1.22198
2.58204
1.98385
0.584823
1.4671
1.22231
1.35277
0.756653
0.774882
0.533883
2.95425
1.1156
1.73728
0.610004
4.13835
5.64605
0.809392
1.09702
0.272802
1.18572
1.64373
1.62499
1.82331
0.413814
4.04308
1.90383
0.338227
0.662035
4.16503
2.26402
1.66959
3.68398
1.17006
2.76558
0.896955
1.25267
3.35957
0.611538
2.12914
4.40217
0.718016
2.41181
1.95238
1.61018
0.348259
1.3002
2.76584
2.0059
2.97556
1.72456
0.364736
1.59296
0.918079
1.21535
1.28389
1.91713
3.27417
1.2581
1.03923
0.521588
1.66261
0.691811
2.95125
1.05023
1.1685
2.1663
4.99217
0.723762
3.27471
0.496706
2.0437
2.68509
0.920059
2.53107
1.30483
3.05404
2.81488
3.16677
2.37414
2.8369
1.8682
1.98291
3.30577
0.224724
2.50699
1.03459
1.58864
3.28652
1.08775
3.05501
1.36252
1.68827
5.32462
4.30502
0.50712
2.01501
2.57093
0.706083
2.0078
1.39419
2.59227
5.64254
0.216783
1.65615
1.502
3.3647
8.52563
0.631817
0.715672
1.62166
5.21071
0.862174
4.43479
1.09098
4.17244
2.14286
5.68487
1.17756
2.61892
0.431374
0.497071
1.68462
4.28247
4.82648
1.45992
0.555643
1.11883
0.477261
1.48994
1.17355
0.619038
2.92509
2.86854
5.48084
0.69263
1.94755
1.54753
1.8659
1.15639
3.23474
1.01298
0.345869
2.16813
2.67732
0.580638
2.26196
2.11822
0.289759
1.8868
3.02582
1.34556
1.45173
1.5633
0.343929
0.907735
2.66602
1.05867
2.77699
1.56232
1.43427
2.67416
0.636817
0.314991
0.824631
3.70469
0.537797
1.01524
2.48854
4.09309
4.6433
1.00748
5.11804
1.93025
3.02182
0.842913
0.69431
1.14459
0.850399
0.288514
2.45179
1.68252
3.73822
2.16487
4.51836
0.369524
4.97713
2.06011
1.71212
1.64446
3.40571
1.56846
2.52193
0.482178
1.33183
2.4718
1.88048
0.788029
1.08782
2.24034
1.32691
1.42091
0.971964
2.80515
1.37263
1.52808
0.69806
0.71254
3.38382
1.69318
0.123991
2.76753
3.53674
2.50307
2.44061
2.53807
0.801307
1.54207
2.91022
2.1061
1.2616
5.34275
0.568359
1.66891
0.600884
0.538705
0.634877
0.332111
0.617445
1.64251
2.64285
2.45034
3.53862
3.37469
4.7834
0.703028
0.265535
1.24049
0.913578
1.6658
0.673543
1.48656
1.81372
2.7566
0.969911
1.1887
1.44181
1.16284
0.867877
1.98812
0.726368
1.12235
6.07177
2.02372
1.26806
1.27534
2.54317
4.58426
1.32465
2.33131
1.43301
0.616266
1.27215
2.29137
3.64776
1.2564
2.24814
1.63717
2.15707
2.19549
2.04878
1.04921
0.91103
2.36266
1.95697
1.66697
4.02476
3.28108
1.17082
1.50218
2.65721
7.117
1.94778
0.610369
0.702567
4.73019
3.24765
1.858
1.35146
1.21139
0.529258
1.4588
1.22606
1.32645
4.92063
1.66762
1.90436
0.359617
1.90007
1.69658
1.6541
1.36796
0.070817
2.25918
2.21813
1.47562
0.71567
1.59824
1.55051
1.07726
0.497963
2.32573
0.79408
3.96244
1.03992
0.58588
0.815398
2.46806
1.45298
0.871903
2.73145
4.04768
1.5808
1.73652
3.71409
0.501233
2.21538
2.76734
1.90467
2.00161
0.303914
0.991391
0.969935
1.48472
0.226955
1.20916
1.21392
0.854118
2.26547
2.89016
1.55844
1.04228
2.39092
3.59497
1.75354
2.50296
1.48631
1.85023
2.09058
3.82719
2.22027
1.51852
0.404349
0.297054
1.13533
0.869885
1.14814
3.30872
0.961856
1.04746
3.265
1.01722
2.4176
1.71856
2.63252
1.24692
0.222284
3.95832
2.54968
0.273211
0.508185
6.99821
3.7241
2.14983
1.90974
0.329715
1.30199
2.4272
1.30078
1.4568
1.49938
5.27583
2.37655
1.79168
4.65381
2.7101
2.6612
2.6882
0.868108
4.73318
3.0097
0.402592
0.934371
1.33679
2.06017
0.25944
4.06465
3.42151
3.04115
1.99538
0.563227
0.491647
0.301212
0.853755
2.32225
2.07242
0.62455
1.88021
0.732696
1.50637
2.83069
3.9636
2.09952
1.90462
2.3508
2.63609
1.70482
5.04897
0.704898
2.02183
2.46528
2.45217
0.596907
1.7055
5.55252
1.37685
2.25665
6.57593
3.19068
3.13106
0.0882165
0.807197
1.61646
0.474653
1.51993
1.74068
0.934742
0.862282
0.291902
1.48319
1.50377
1.36174
1.41561
1.25424
0.823938
0.79688
1.83949
1.36004
1.98868
1.74052
2.15435
1.73248
2.50638
1.63082
1.47386
2.31704
1.00627
1.8575
0.986462
4.03687
5.05908
1.20367
1.56073
0.32828
1.45592
1.39571
1.12748
1.24188
3.45859
1.27656
3.06314
4.75935
0.709084
0.49283
2.08528
1.83951
2.47168
0.659758
1.96826
3.36628
4.8473
0.70523
0.533134
5.72713
0.244173
4.74189
1.70945
1.8575
1.20179
1.30029
1.44645
1.3206
5.0785
1.88412
0.601158
5.17203
1.28285
0.13365
1.84831
1.67027
1.67967
5.27101
2.85179
2.49011
0.356795
1.08785
1.50183
1.52424
0.622118
0.31569
4.00064
0.0755268
0.740272
1.83631
0.943058
2.07249
1.77217
0.534277
1.25392
1.93076
2.70809
2.16821
3.14195
5.65641
0.311631
3.03695
2.40131
2.50756
3.16217
2.25414
6.53388
1.85362
1.99457
1.04091
2.56335
3.07331
2.7958
2.8038
4.23132
2.5156
2.95598
2.9123
1.34757
1.36083
4.91286
2.04162
1.95511
1.55856
1.73216
3.78781
3.45119
0.681091
3.65916
0.796408
0.355628
1.1247
3.2468
0.985831
2.63507
0.701102
1.58691
0.409965
1.82601
3.2383
4.63026
0.684685
0.496969
2.86693
1.59677
1.28379
0.693951
3.76634
4.15522
2.18699
4.38387
5.87064
0.224872
2.15134
0.900786
1.70308
0.962259
3.3619
1.83329
3.53349
1.07131
1.57781
1.14979
7.67662
1.73683
2.87111
2.84045
2.36474
0.655603
2.95907
1.94127
0.951951
0.889676
3.03562
3.36693
3.36919
0.644307
1.47192
3.61284
0.434979
1.80682
2.38892
2.01627
0.71592
1.30701
2.27875
0.504175
4.33877
0.487078
3.43242
2.00305
5.54915
1.97268
1.62356
1.99054
0.705128
0.613059
0.751156
1.50809
0.888798
1.28041
0.780145
2.33534
0.288338
1.81902
1.73423
1.65694
2.46877
1.98732
1.12719
3.79483
1.66072
3.43294
1.65193
1.50747
2.64005
1.29534
2.57589
2.86949
2.72117
2.14411
2.07502
1.86518
1.20213
1.74882
0.525064
3.52087
1.74668
0.508944
1.73464
2.77449
4.29712
1.86147
2.95574
1.76815
4.33314
3.31817
0.82216
2.47757
1.07906
1.86201
1.60994
1.15731
1.47274
2.28161
0.332009
1.31081
3.63641
1.28705
2.29968
0.83314
6.57374
0.926266
3.41448
4.52978
1.90132
3.48383
4.241
1.61137
10.0102
4.7763
0.322452
3.37243
4.2652
2.19618
0.87552
2.67792
3.37846
7.18081
0.700342
0.37246
0.799514
2.92167
1.37426
3.1375
3.00049
1.60504
1.32889
0.417328
1.24183
2.7982
1.0224
3.39972
1.55734
2.05527
4.49131
0.221259
1.40643
3.25635
0.622311
2.11298
1.04435
1.35489
3.09635
3.14932
1.46274
1.23463
4.59398
2.24384
2.63708
1.06063
2.01458
4.92452
5.11225
0.636957
1.21079
1.36477
1.0545
0.859511
1.30038
3.31609
3.28815
1.2375
0.452098
0.88444
2.7463
1.83464
0.881101
1.70599
1.66481
0.35648
0.759893
1.70815
0.880745
3.17133
2.92199
1.17003
0.333301
1.22815
3.92304
2.20933
2.1278
2.97729
2.25767
0.940205
1.81395
4.27742
1.17683
3.07221
1.11674
1.40666
2.44872
2.30981
1.80093
1.11081
1.43902
1.50208
0.481697
1.19548
3.88693
0.768191
3.11946
0.881521
2.10614
1.81397
2.72897
0.995717
1.1871
1.70809
1.18701
1.75563
2.02557
1.35551
3.86568
1.72862
2.13722
1.43297
1.53572
2.71437
0.615603
1.14632
1.7146
0.776778
0.564423
3.3107
1.24131
1.24593
2.02236
2.26876
0.787107
2.4602
1.95425
2.03639
2.33846
1.64398
0.978696
0.777688
0.637005
2.49757
5.72798
1.62098
1.08346
1.70033
3.84636
0.499669
7.46166
3.21261
4.58097
4.14084
1.5452
2.33088
1.45354
0.411304
2.50592
2.47695
2.30346
1.61461
0.185219
3.87111
2.60002
3.36643
0.877096
5.91599
1.23435
1.72159
9.54284
3.0203
0.810613
1.31232
0.482359
1.50629
3.48792
0.564742
5.71653
0.847092
1.07722
1.61838
3.74609
0.315445
1.08828
0.870131
6.98671
1.99325
2.05811
3.10613
0.531031
0.917099
1.62782
1.32511
1.65006
1.63192
0.887616
2.19221
1.22254
1.84724
2.23503
3.33178
3.26479
1.34455
2.58046
1.78982
3.02036
1.29955
1.97405
1.50389
3.99241
3.77757
2.87003
0.601539
1.19942
0.680094
2.60817
3.00912
1.64229
0.350347
3.52867
2.93191
0.72972
0.829202
2.02552
3.65325
0.817188
0.63303
2.62081
0.68353
2.53938
1.60648
2.01059
1.07342
0.262052
0.684613
1.30378
0.608173
6.11931
3.04156
6.59059
0.626319
1.2448
0.850817
0.830024
3.75171
1.42728
0.738669
1.72533
1.05689
0.864604
1.25872
2.49243
0.553541
0.733206
2.07354
8.61855
2.76153
1.05397
1.68433
1.36478
0.906307
3.22666
2.68821
1.67803
3.35221
5.58362
1.27992
2.87098
2.47947
0.667381
3.23695
3.58327
3.54682
1.6888
3.69666
1.93274
3.54237
0.142944
2.12709
0.724712
1.00464
1.94495
3.31436
1.56854
3.19726
0.986133
1.89346
1.22063
0.5128
1.82106
2.29629
0.0955671
1.94195
3.7988
5.59331
1.44596
1.3437
1.70191
2.37422
0.717623
0.663468
4.72565
0.7824
9.15209
3.95014
2.38385
2.49576
1.9467
1.12106
0.92678
3.37245
2.23178
3.98378
7.95648
1.11868
1.74253
0.150953
2.51393
1.4125
2.17547
1.51754
3.19897
3.57633
10.2118
0.916537
0.341839
0.713372
2.28908
4.75479
3.47388
0.751742
4.0552
3.26841
3.02114
2.45541
2.12117
1.01812
1.85777
0.265909
0.488075
1.15187
1.14013
0.740034
4.81277
0.256846
1.58475
2.11091
2.06719
2.97377
3.3572
0.185448
0.43091
2.19332
2.07834
5.17723
1.49833
0.941135
1.38041
4.82429
2.29925
0.988278
1.59606
1.83879
1.3822
1.59049
2.11597
0.81196
1.56704
0.724442
0.843846
2.57051
2.67268
5.4451
4.87089
1.81346
3.44304
1.83854
1.69161
1.86067
7.69579
2.57697
0.557737
1.12668
1.92926
1.79414
1.15441
0.629702
4.04415
6.47403
1.85178
2.43329
2.1623
1.11479
0.44137
1.45597
1.79899
1.50353
0.753357
3.65136
0.574293
3.34849
6.43343
1.89818
2.16664
2.55325
0.902775
2.16712
0.216847
1.20529
1.02903
2.59107
1.58357
3.29529
1.018
1.04243
6.25052
1.05074
0.632023
1.29439
1.06653
1.49509
2.55167
0.930305
2.76804
0.980735
0.746349
0.984675
3.15402
0.272348
4.68281
2.03917
2.82431
3.09842
0.446861
2.87463
2.8454
3.73258
0.673923
0.379374
4.26158
0.403083
0.912514
3.7465
1.8029
5.99964
0.468496
3.02082
1.52542
1.21428
2.70038
2.11215
4.54657
0.830845
1.71127
2.6486
1.77835
1.20322
1.03722
2.48697
1.12847
0.819079
3.39186
1.94342
1.12275
2.41035
2.21187
0.113838
2.07712
0.921481
2.14063
0.936494
0.945581
1.82286
1.94005
0.611957
1.90095
1.11957
1.0365
2.43185
2.18852
0.629192
2.37484
2.21461
1.91072
1.9331
1.03299
1.75325
8.23094
1.79558
2.4858
4.46582
1.75231
2.97286
0.111455
1.60717
0.876756
3.22171
1.06591
0.907167
3.48617
0.905081
1.73099
3.46957
4.62719
3.93847
2.22
2.34595
2.20714
1.77396
0.998573
0.32813
1.04309
0.341961
1.76186
0.965744
1.0367
0.886779
2.51475
0.118485
4.21288
3.76356
0.380428
1.46913
2.69304
0.483497
0.68662
1.20831
0.602954
1.44002
0.323109
2.50739
1.2071
1.88842
1.2666
4.15028
1.27498
4.85269
3.0807
0.371977
2.33272
1.12202
0.059333
0.706468
2.83157
1.35959
1.92704
1.40524
0.86691
0.59597
2.11271
1.88351
0.827511
0.270616
1.42576
1.98398
1.77881
1.24347
3.84745
1.52866
2.31914
1.45739
2.61056
0.829635
0.524295
2.40486
1.394
2.73058
0.839936
2.23421
1.3014
2.76344
4.35509
1.15538
2.66469
2.18036
5.10854
2.49002
1.48802
0.820283
0.622028
1.538
0.329927
1.42906
2.4316
1.3581
0.915465
2.50038
2.01952
3.21184
1.96479
1.27926
0.943517
3.22189
4.58686
0.173035
4.65179
1.65192
0.676846
1.33665
1.37426
2.11146
2.02173
1.4383
3.76704
6.36581
0.824761
0.513568
1.07567
2.68737
0.579147
1.35137
1.40755
0.957519
1.27755
1.48734
1.7499
1.97938
1.74199
1.52494
6.14401
0.88085
0.761549
1.52201
0.996996
0.91467
1.13172
0.654493
2.68646
0.500503
0.867623
0.11574
2.5104
1.00388
2.52851
1.18932
1.74138
0.966101
1.81133
0.876779
5.47058
3.32492
1.78242
3.48421
0.931057
2.56287
1.63508
3.59954
1.21108
3.58094
2.58815
0.313007
3.21238
1.40111
1.92316
2.11497
2.23353
1.74686
1.50158
1.32852
1.93567
6.35731
1.46342
2.0536
1.33378
1.63869
0.578275
3.47319
1.59522
2.02723
0.924226
1.40955
0.452791
1.24158
1.52276
3.34216
2.02839
1.14429
1.89639
6.4376
2.77816
1.17224
1.9053
1.83393
1.9114
0.843517
4.13084
1.23933
2.19647
1.43102
1.21616
1.22396
0.932031
3.04585
4.08866
0.244932
6.31777
1.193
1.48004
4.23672
1.60761
0.50466
1.29902
0.512888
3.411
3.44893
0.858402
3.02417
0.691903
0.12749
0.6773
3.18073
0.190909
4.13799
2.84633
2.55891
1.19771
0.581854
3.14421
0.550621
0.919253
4.57477
1.85783
1.90424
2.9384
2.48751
0.530773
2.64037
0.411035
0.496002
0.604816
4.13705
3.44297
1.21008
3.81832
2.53826
2.13237
1.87875
2.572
1.88633
1.8957
4.9853
1.59622
3.41196
3.60571
1.01027
0.680349
1.00325
0.45416
2.1878
2.74083
0.850439
0.671315
1.83648
4.42421
4.26395
2.33629
4.37181
1.707
3.35747
2.83369
0.857832
1.8065
0.346493
1.18023
3.77208
0.962307
1.72847
0.619608
0.803271
1.82248
0.181436
0.799162
2.37659
2.24765
4.23081
2.13927
2.10595
3.75672
0.671962
1.45816
2.81553
0.702637
4.40911
1.4414
3.90543
1.56829
0.739597
6.44168
2.94233
1.29921
0.725865
2.68626
1.29635
0.175828
0.748257
0.352206
1.02648
1.50917
3.66251
0.812944
0.535423
1.37704
0.623026
0.486512
0.0235576
1.81168
3.42354
5.08183
2.68527
1.23539
2.79174
1.43741
1.83633
2.87158
0.378633
1.10101
0.888954
2.51386
1.42183
2.99533
0.627059
5.21522
0.696821
1.12199
1.59531
2.32868
1.28797
1.6401
0.953909
0.589107
6.14784
0.430142
1.46839
0.369446
1.79605
2.02157
1.01315
4.52167
0.980669
1.79169
3.18715
0.655053
1.96121
2.08706
4.60254
4.31488
0.163738
1.5056
1.03111
1.19403
1.11015
0.957939
0.816671
1.80517
2.07653
0.921576
0.221876
1.05711
0.677069
7.50077
4.12248
0.735176
3.74123
1.12408
3.86817
3.21844
2.36126
0.772945
2.11302
1.80883
3.45605
1.99358
3.23159
2.19842
1.01265
2.19056
1.36082
1.51108
2.55654
1.40369
1.57917
0.718519
2.93039
1.23267
4.99284
1.02465
1.77017
2.71131
0.637529
1.12922
1.92887
2.86152
4.17894
1.29386
1.67908
1.0214
3.49847
2.0395
0.479406
1.87724
2.61355
2.19194
2.52012
3.0646
1.16896
2.61632
1.1102
1.21306
1.97903
2.92879
0.881998
1.49983
0.799783
2.80291
1.30842
2.77638
0.280189
1.44389
0.590395
2.10003
3.42756
2.62268
2.48963
7.51942
0.829488
3.26898
1.04635
2.19918
2.19347
0.853885
0.640799
2.57506
0.391806
0.732768
1.85123
0.629736
4.25049
0.74074
0.885516
2.19233
0.850427
0.399569
2.63317
0.523732
0.426401
1.21824
1.0617
0.959977
1.16859
0.219874
3.39968
1.17013
1.45041
1.35856
1.74583
1.9295
1.30982
0.0610279
1.80618
3.42834
0.315302
1.76511
1.81392
3.03502
2.82778
2.5526
2.35811
2.67208
1.55862
2.566
1.35309
1.03122
0.874519
1.61106
3.80943
2.25245
0.102659
1.06114
4.43346
1.47112
1.19822
2.70138
0.261656
1.23055
1.81017
1.35207
3.97236
2.39768
2.0336
0.654902
4.93887
1.30802
1.96115
1.65426
4.38857
0.425969
1.88581
4.19688
0.109069
0.952263
1.88181
1.02583
0.855158
0.348561
0.78207
0.792928
1.31862
6.19254
0.923877
0.406683
1.11198
2.42183
1.14329
1.36952
3.59471
4.63226
0.917139
1.51089
1.77569
1.38955
1.64445
1.75497
0.975833
0.529415
1.67098
1.09791
1.68985
2.21793
3.0411
1.0668
5.47966
0.340154
1.74301
2.02136
1.76908
2.39823
1.42761
1.43947
1.13084
2.40222
1.73836
1.65425
1.0296
2.42545
5.41491
2.07837
0.943314
2.66098
1.49549
1.00598
2.26233
0.656707
1.89768
3.99912
0.897818
2.20583
5.04865
1.91277
0.969775
2.52004
1.37399
1.16014
2.7415
3.68499
1.84038
3.53384
1.90147
2.09579
1.95607
1.65776
3.40043
0.435699
1.22291
0.660895
0.963263
1.32841
1.3855
4.08709
4.00922
2.01675
1.65714
2.37471
1.82283
1.87783
1.86603
3.18492
0.926742
3.50076
0.416423
1.83085
0.869304
6.06346
1.49684
0.973148
0.317985
1.625
6.38138
0.81983
3.35736
1.50941
0.798602
2.67833
0.33842
0.91297
2.46135
4.65593
0.827027
0.265099
0.757704
1.48051
1.68257
0.689838
2.53447
1.34875
0.795414
2.01043
0.414905
1.39933
0.738383
1.32626
3.76732
1.87244
0.30546
6.58523
1.29909
2.0147
0.958225
0.458681
2.26301
1.65396
2.84698
1.14802
0.58138
1.68372
0.785908
1.681
1.5922
1.4009
0.73217
1.42801
1.36437
2.16741
2.0498
1.20341
0.20032
1.06251
3.09139
4.13652
2.07156
0.752126
3.45613
2.0815
1.70602
0.49596
1.44184
1.586
2.56987
2.47868
2.4228
0.708442
1.60404
4.73308
1.47079
0.896402
3.503
3.90647
1.64944
1.56526
3.51011
2.72562
3.13011
2.34438
3.27397
0.905136
1.34482
3.16529
3.21973
0.0846809
1.69772
0.95498
2.25016
0.891384
1.56268
0.63344
1.05345
1.68737
2.1512
0.705397
1.67905
0.640038
3.70338
1.23975
0.385871
3.57631
1.49592
1.03242
1.93283
0.810491
0.858895
4.06036
1.29415
2.03874
1.40297
4.78715
1.96008
1.12337
4.63894
1.57543
2.16573
0.557625
1.21701
1.1397
1.58989
1.91851
2.61414
3.00727
2.18536
1.4381
0.403103
1.47159
0.173549
2.65818
2.73489
3.69607
0.64626
1.40314
1.40369
2.08468
1.65428
0.857929
1.00195
2.85057
1.23877
3.68496
1.40125
0.670597
2.26637
0.711804
1.50077
0.940505
1.18754
0.792388
4.03468
3.48643
0.694954
7.85158
0.773591
1.8411
1.5574
1.05596
1.14573
6.47428
2.4842
0.478907
4.58797
2.64239
1.23186
0.681818
2.74111
3.28243
1.52943
3.59023
3.73296
3.7766
4.42405
0.542333
3.24606
3.94778
2.97775
2.62819
2.91396
3.34278
4.21954
4.25389
0.575763
3.48089
0.594002
0.734033
2.16601
2.1409
2.64443
0.883255
1.45089
5.29768
1.49934
1.39166
0.827569
1.75166
0.995472
4.28045
0.718796
2.97562
1.81013
2.82501
0.163469
4.89574
3.22294
0.45466
1.42906
1.05204
0.208254
2.04543
2.67202
2.35639
1.59352
2.98839
3.39824
2.31633
1.31533
0.449809
1.56712
1.46391
2.51866
2.74416
0.164234
0.100825
4.06564
1.83877
1.56593
3.58765
4.03899
1.96585
6.27389
2.0857
2.94159
1.34949
3.45085
1.73293
2.25067
1.54329
0.715877
1.37175
2.23604
1.05455
1.83091
1.33954
2.04538
1.61816
2.23859
2.16842
2.99697
2.29318
1.35393
1.9946
2.86021
1.3667
1.35412
0.685668
1.09205
3.25139
1.61396
1.27119
2.24536
1.36753
1.67806
9.61891
2.16396
5.13726
2.95939
0.918941
2.01212
1.11612
1.19525
3.29381
2.02485
0.483696
2.54036
1.82903
2.89776
1.58359
1.29646
2.06699
2.76704
4.23218
0.497858
0.0603844
2.65447
1.78396
0.880108
6.35897
1.61698
1.37578
0.558308
3.48668
0.982087
1.95371
1.87121
0.95736
0.482328
5.0316
0.71779
2.33987
1.22706
1.12035
0.869789
0.992995
0.384927
1.74428
3.8655
0.915239
2.59924
0.327202
1.84797
1.3347
1.90282
1.01829
1.02135
0.714441
2.15946
4.91703
2.40641
4.18936
1.92943
2.11325
0.509173
0.566601
5.57421
1.446
3.46175
0.943535
4.04254
1.15497
2.6299
1.30295
3.22563
0.998993
1.69777
0.790437
1.8378
1.23184
2.3165
1.73528
1.02179
3.42774
2.63614
1.61924
1.25277
1.92267
1.37637
0.722325
0.93837
2.57291
1.37259
0.725752
0.947
4.7869
0.554386
3.12562
2.18268
1.81019
0.623567
1.68022
3.06157
1.27807
0.234505
1.61222
0.704807
1.91389
6.11156
0.289867
4.64991
5.30381
1.68987
2.77414
1.81872
0.629412
0.327172
1.2791
1.61623
2.83381
2.33715
1.74865
0.621015
1.45965
3.29746
5.56857
0.644028
1.47104
0.200913
0.900036
2.08263
1.14372
3.93807
2.03691
1.4414
1.1447
1.46484
0.805515
0.641187
1.03647
4.30244
2.52094
3.70535
0.970137
1.07577
2.81722
1.5411
2.08368
3.26504
5.92178
2.3066
0.523784
1.35543
0.764886
1.89125
2.37543
0.83379
3.8591
2.15703
5.02554
1.29316
0.899524
0.726241
4.43689
3.96828
2.41059
4.09715
1.52414
1.72257
0.949678
2.81551
2.06764
3.22969
2.59032
1.04608
0.242621
1.19394
5.20312
2.07086
1.9596
1.07649
2.71408
0.853931
1.25017
2.01604
3.73896
2.0369
1.03332
1.03954
8.51323
0.599903
0.348868
1.51487
2.76702
0.63153
3.2065
1.04995
1.82947
0.59719
2.27747
1.59644
6.21012
1.71169
2.26368
1.97692
1.34046
6.88523
4.35551
2.65107
0.776269
2.68021
0.33616
0.725364
4.58147
1.04103
1.06948
0.577954
0.748503
1.16324
2.39033
1.66837
4.80676
1.06949
2.0899
1.63341
4.01801
0.715527
2.80769
0.824467
1.35225
3.65799
2.00582
0.62306
0.568416
5.17366
2.50725
6.14498
0.377014
0.444518
1.34468
1.41489
0.712739
1.30155
3.11368
1.77525
0.696839
3.19951
4.10942
2.20007
1.72621
1.13959
0.433269
1.81756
4.82897
1.87405
1.2917
1.20781
4.33067
0.590174
1.37776
0.86844
1.49623
2.81452
1.52509
1.99529
3.35411
1.57678
1.26847
3.66979
2.96581
0.156674
1.23708
1.58804
1.58775
0.537374
0.214397
0.9968
3.22306
4.13857
3.49832
0.421172
2.78614
0.40543
2.2103
0.314737
4.17831
1.05718
0.475442
2.12657
3.43389
0.579133
0.984591
1.8861
3.282
1.09132
1.56329
4.06842
3.07951
1.9649
2.6976
1.10241
0.886105
2.75363
4.0143
3.66071
1.15278
2.34074
0.854264
1.11091
3.99353
4.69974
1.31379
1.55054
0.872597
2.37793
0.0900138
1.10934
2.65145
2.1736
2.20433
2.81289
1.43944
0.691688
0.233087
2.67585
1.28871
0.320422
3.57632
1.06361
1.19559
0.908324
0.0634099
1.40823
1.66675
0.290254
1.11408
0.282945
2.65196
1.52535
0.74254
2.92945
2.50337
0.749106
0.28931
0.585689
0.866296
4.49264
4.48885
1.33133
4.62101
1.97349
3.01042
0.718144
0.999506
1.52231
0.983361
2.74132
1.54572
0.378575
2.14843
0.29872
3.0277
0.632321
4.12747
2.82772
2.24088
2.23802
1.34993
3.45608
4.35464
0.300434
2.48443
2.82492
2.24834
2.03119
0.776997
1.46049
0.883113
0.868187
2.31723
2.48061
5.61303
1.69601
1.07896
2.17635
0.169716
5.95713
3.4414
0.128462
0.740646
0.520103
1.88104
0.561267
1.27201
3.01134
4.02306
1.96506
1.90325
1.10572
0.215117
4.19315
2.6535
1.70287
0.798894
1.638
2.66698
2.36591
2.87096
0.512676
3.81607
1.64332
0.652045
1.5869
0.520211
1.4303
1.27344
0.184523
4.96205
0.920002
2.42567
0.326403
4.12566
3.3246
0.995734
2.19517
2.91718
1.32621
2.50509
5.08696
1.60353
2.35793
1.05346
0.283431
3.97995
1.75319
1.65851
0.587178
0.981782
1.90553
3.17094
0.844676
1.78899
1.23752
3.79895
6.5594
1.29059
0.34761
2.10799
1.53187
2.09671
0.773147
7.40555
0.634189
2.61748
2.89985
0.529472
1.43029
0.536351
0.694014
2.00319
0.419493
0.525621
3.52749
2.74303
2.74876
0.584496
3.51228
3.38474
4.54627
0.184125
0.889049
0.740947
2.50102
1.19512
0.389124
1.702
0.87819
4.51355
1.07498
2.21807
4.72257
1.46419
2.24857
2.89691
2.27513
1.34234
3.96314
0.229919
2.58522
0.372374
5.66049
1.70375
2.24039
0.597897
1.12178
2.59463
2.31538
0.256448
2.50517
0.390977
0.832332
1.45347
1.073
1.73897
1.234
0.719618
0.761593
0.336427
1.77346
1.1059
1.22017
1.72307
2.72644
4.42081
0.353908
1.25311
0.652151
1.35005
1.1781
2.90041
0.45328
1.88329
2.20305
2.11313
2.20668
0.540994
0.828763
1.98748
1.40383
5.84282
0.616215
3.77338
1.24194
1.96928
2.40022
0.37996
0.999924
2.48798
1.52728
2.80982
2.89856
2.7648
0.19178
0.89719
0.537632
1.02404
1.30239
0.687345
2.34921
1.74031
0.725087
4.09735
0.854779
1.08851
1.95198
1.55128
5.55548
4.17114
4.77723
0.364082
1.50508
2.76265
3.64431
2.74312
0.75112
0.86974
1.99259
4.82622
0.510718
2.11214
0.436331
0.558696
0.971518
0.573121
5.15017
3.80575
3.56128
0.456024
1.38218
1.99553
2.24496
1.79697
0.898167
0.0740009
1.29936
6.0583
5.29117
4.51186
1.00711
1.00597
1.39977
3.25763
6.18349
0.59678
4.20453
0.685205
1.91317
0.684746
1.13919
1.77037
1.40458
1.64663
4.04001
2.74497
0.585158
2.42174
0.696817
1.63678
3.11368
2.11738
1.22741
1.52121
4.29671
2.11017
3.52363
0.748338
1.14006
2.07232
1.6379
3.7984
3.89151
0.486552
0.993114
0.97905
1.95732
2.12781
0.591594
1.83357
0.473836
2.8699
1.13557
2.27887
0.990884
2.01421
0.404999
1.10311
1.66414
1.20109
0.935883
3.27899
5.88298
0.845175
1.1764
2.29984
1.03704
0.996218
1.89009
1.50012
1.0109
1.51715
1.62355
1.34477
2.4606
1.50238
0.62634
2.74771
0.790432
2.94295
1.41839
1.97298
4.25446
2.56728
1.15129
1.50546
0.238945
2.37573
2.58599
2.72786
0.729252
2.84087
2.01943
3.0933
1.12398
1.61515
0.285064
0.850965
0.900235
3.59125
1.82267
4.04587
5.0965
0.810442
2.06883
2.38293
0.740368
0.873796
4.02081
4.38216
0.84015
1.88078
1.00702
1.81644
1.0193
3.11324
0.99112
2.37788
2.04323
1.94301
3.78291
2.12157
2.34927
3.98859
1.70459
0.916092
2.53579
0.522173
1.42342
1.10006
0.247972
2.56986
0.349431
1.93173
5.54038
1.1733
1.52831
3.58202
2.85513
4.01344
4.3838
2.29219
3.77616
1.64641
1.73595
2.07699
1.36594
2.42493
3.12046
0.925174
5.98552
2.02099
4.26096
2.84288
2.51857
2.04422
0.528162
0.884639
4.17055
0.615451
2.22649
2.30319
0.902114
1.62343
4.1027
0.236532
1.16757
0.739505
1.84658
4.45777
1.21363
0.793952
1.86568
0.150613
2.84545
1.84028
1.10147
0.922219
0.803723
3.81704
2.56495
2.4518
2.86575
0.72769
1.17304
1.96186
0.492435
1.79648
4.79536
1.04198
3.48864
1.16779
1.67942
0.776695
2.33526
1.61295
1.30081
0.994236
0.173833
0.309052
4.34772
0.453742
2.05221
1.64794
1.74974
2.83151
1.09296
4.72962
1.31951
0.852911
1.50538
1.59448
2.90809
5.52767
1.61366
4.59912
4.89162
3.1613
2.09321
2.34348
0.909803
0.718855
6.10365
3.74644
3.53027
1.63191
2.46762
2.17428
1.07099
4.35355
0.796936
1.07851
0.953089
3.78651
0.562667
4.89307
0.159914
2.02242
4.84277
4.01137
2.16763
2.7066
1.16455
2.01069
1.77521
0.529414
5.93175
1.71247
2.72845
1.05106
0.587425
2.15711
1.53336
4.03428
1.59295
1.342
1.90136
2.36906
1.36016
0.933842
4.1447
0.587878
1.88362
1.15277
2.38575
1.20815
3.77253
0.892935
3.92029
4.42312
4.31782
2.16399
3.50011
0.50078
0.813192
0.365105
0.560459
2.45477
0.737082
1.99923
1.45248
0.316974
3.73948
0.772393
1.51377
1.41111
1.37874
0.937694
2.90789
1.38901
1.99716
2.42742
2.06069
4.26518
0.526265
2.19323
3.05198
1.82465
0.539699
1.60202
0.850862
0.82136
2.73256
0.610397
2.73708
3.38932
0.989885
3.79273
0.326821
1.49581
3.68174
1.11173
1.23201
0.586215
2.27122
1.90592
0.361507
4.7493
0.605685
1.76132
2.0163
2.36852
1.68939
0.382447
8.14184
2.13456
0.681758
2.42181
1.08481
4.64291
4.57132
2.227
1.21222
1.32169
1.78048
1.39639
0.873878
1.12002
2.72197
2.20558
0.415067
5.45168
0.519087
0.457023
1.79228
1.86268
0.957237
3.1957
3.6704
4.61128
0.49132
3.24676
1.25401
0.679966
4.52107
2.69495
3.40004
2.00773
1.57622
2.99294
4.02326
1.15446
0.474772
1.23855
0.902397
2.51933
3.32065
1.05615
2.66883
2.26838
0.392606
1.12275
0.621359
1.38592
2.97185
2.99071
1.70414
0.401577
2.82028
2.45772
0.452634
0.465803
2.50328
1.27135
1.21562
2.0248
2.08097
2.87279
0.951991
2.00522
0.575936
0.544618
3.97592
2.73033
1.20653
1.48107
1.59503
0.299478
0.75984
0.49896
1.05835
0.323648
1.82864
4.55736
0.790638
1.66776
1.55617
0.21016
3.91234
0.348333
4.30832
0.875064
1.55825
1.6811
1.20467
1.41562
2.08257
2.76789
1.45784
0.233347
3.63969
1.86872
2.11101
3.33531
6.08668
1.29365
0.353823
1.6802
3.03515
1.6325
0.558129
3.901
1.06777
7.54078
1.53452
3.52044
2.22067
1.12019
3.722
1.27385
4.91465
5.15123
2.03169
0.324454
1.16285
2.96297
2.68454
1.04647
0.207546
1.42203
2.26565
0.376558
2.49867
2.78601
3.26984
1.2978
0.751896
1.74004
2.95096
1.42542
1.14315
1.14923
1.53311
2.98853
2.1118
2.22287
2.55529
0.937746
1.05234
0.616721
3.36807
0.256378
1.86162
4.18323
0.986698
0.70266
0.89366
6.00681
0.46314
0.761205
1.28318
0.645251
1.51304
0.956456
4.62068
6.10676
3.10069
2.12648
5.1197
3.0376
2.06379
0.37101
1.91401
1.36234
1.08784
2.02563
4.62492
1.17824
1.55003
3.19843
2.98772
1.39197
0.840567
3.81063
3.46115
1.52881
0.872892
1.41816
1.13608
0.887475
0.417984
1.73529
0.487573
1.59627
1.8675
2.76928
0.732394
1.58116
3.19507
3.44887
2.16941
1.62829
1.68166
1.87883
4.69375
3.3043
0.399519
1.07704
1.15394
1.59447
1.35035
1.35693
2.68047
3.24111
0.77231
0.995947
2.62181
1.24667
1.33676
2.03461
1.8021
1.91498
2.12693
0.616309
3.71648
1.50923
0.257928
3.28674
1.609
1.84469
0.963761
1.4131
1.09946
1.08415
0.311979
4.0392
2.28113
2.64808
1.85472
1.41512
3.13301
2.97087
1.69779
6.34607
2.67427
1.39608
3.01525
0.685588
2.26249
1.47337
2.13309
1.74908
4.66678
0.183144
1.2814
1.85716
1.49821
1.90646
0.91143
1.28403
1.87676
2.67381
2.57068
2.89871
3.02765
1.27149
0.316129
2.01145
0.797566
1.63588
2.49454
1.49296
0.698206
0.560699
3.52805
0.885659
1.10231
3.39862
2.28518
0.613265
2.15645
1.86927
4.12083
1.30451
1.99939
0.522913
0.468836
1.53058
3.02925
1.56803
1.49547
1.12773
4.02913
1.10867
3.36799
0.758476
1.72233
2.72493
1.162
2.39403
3.43686
2.01322
1.99121
3.55551
3.25525
0.324504
2.07975
1.08809
1.09374
1.53169
2.49561
2.79188
1.68556
1.55488
1.50512
3.94012
2.4559
1.54154
3.58312
2.8369
0.71656
2.30474
1.8851
0.872306
1.99183
1.79626
3.51322
5.38815
2.18296
1.81603
4.36027
3.53831
1.95505
0.8326
0.881129
1.15868
1.25227
1.49984
1.56719
1.79483
2.13326
0.524516
0.983615
2.83121
0.282347
0.444014
1.68915
3.58304
1.1097
1.83343
0.646043
1.55917
0.957912
2.69529
5.54396
0.868378
1.39035
2.83875
2.10802
2.00472
4.01576
0.680438
1.68857
1.51768
0.610543
2.66346
1.5403
2.06731
2.06334
0.558537
1.33162
5.14212
1.55952
1.22282
1.49075
0.393702
2.14379
1.16927
4.9357
2.41752
1.18922
2.21444
4.46549
8.18272
0.43688
1.39061
3.32797
1.29979
0.638846
3.41104
1.03934
1.88242
0.849311
1.60038
0.500101
2.37026
0.626305
4.5652
0.798578
2.72967
1.42056
2.54521
1.96095
2.84493
1.15708
0.955958
2.86445
1.26013
2.17552
1.19773
1.74294
0.705269
0.390219
5.58574
1.64161
1.5313
2.76984
6.84136
4.42755
3.18582
2.34862
1.97709
1.2818
0.469601
0.97871
3.33005
0.88139
1.72951
5.07621
1.03723
4.15328
2.25459
0.426656
0.337889
3.05174
1.76963
3.11174
1.22549
2.3549
2.10962
0.679909
3.38274
2.9084
0.155241
1.39987
2.69393
3.19288
1.54083
1.91121
0.668233
2.86239
1.45131
1.77237
0.382903
1.75763
4.0606
2.07683
3.0763
0.634112
0.398099
0.485261
1.2583
0.517742
0.0660791
1.63697
1.62384
1.53842
1.19744
4.5152
1.41832
2.01391
2.02809
3.76382
1.33234
2.95047
5.1759
1.11224
1.04342
3.51524
4.27979
0.840991
1.13603
2.60201
3.43267
1.46933
3.01024
0.765243
3.53713
2.04563
4.84556
4.14758
0.783966
2.36771
6.32173
0.235945
6.96214
4.15038
1.21017
1.76791
4.79221
2.72811
1.60628
1.57128
1.76905
0.922584
0.506597
2.15376
1.84498
2.38531
1.53333
2.18101
3.28092
1.65349
1.46475
2.91885
1.00867
1.4896
4.30944
1.06497
1.29865
1.446
0.0854689
1.80818
0.864552
1.29416
2.47731
3.68146
1.13707
1.38244
2.73636
0.864276
1.57929
2.3866
1.75669
0.925368
0.506489
2.24435
0.626225
1.43888
0.792352
1.34035
0.800998
0.975093
2.1764
2.26926
2.57705
2.07405
1.77928
1.81302
0.571112
2.24747
2.23523
2.05115
2.27635
0.585638
1.3103
1.94722
1.02693
3.01488
0.786726
2.5077
0.446199
0.905581
4.18809
1.88136
4.6914
3.01552
1.04177
1.93797
6.44806
0.966676
0.271512
0.150954
0.412873
1.61876
1.80687
0.354507
2.56232
0.774869
0.629585
1.19675
2.24954
1.60335
2.90292
0.708708
0.216404
1.33716
1.66609
2.87623
0.63963
0.993875
1.64782
3.17884
2.49638
2.0154
1.44178
2.96647
0.424196
1.38564
3.00313
8.42467
3.31881
1.19224
0.454466
3.02603
1.28875
2.95082
3.10219
1.82073
1.09686
3.38523
1.7217
2.73282
0.39519
1.55931
0.503516
2.03612
1.31416
2.73595
1.24594
0.652251
2.23154
0.813129
0.508674
1.41487
1.99322
1.26567
2.14024
3.25219
1.72416
4.4114
1.57361
2.40222
0.66913
0.330489
2.3266
1.01664
1.47486
4.94122
1.85579
2.26841
2.66167
1.03293
0.987953
1.335
2.16123
2.63211
0.696409
2.11438
0.568679
2.45938
0.569524
1.38786
0.37235
2.82214
2.65188
4.78112
1.31036
1.48865
0.772383
1.06779
1.2109
1.6057
0.398864
7.3678
2.09496
2.0805
2.81872
1.39253
1.47786
1.50057
0.914978
0.494831
1.48633
1.84299
0.624789
0.744101
1.354
1.12937
0.884188
1.76083
6.16581
3.14928
1.06708
2.15754
2.76163
1.67092
3.41957
1.24617
1.12222
1.49093
1.9209
3.24618
0.4692
1.76816
0.644546
1.05999
2.16336
1.25922
1.06916
3.46207
1.1574
0.883463
2.47573
1.49777
1.50792
3.87814
1.66398
0.52095
2.16596
0.206152
3.12059
1.27223
2.34426
0.334054
2.79777
4.09509
1.76666
0.847754
4.26827
1.67644
2.23344
2.34355
0.229588
1.41808
1.35057
3.52918
0.830329
1.3204
1.60458
1.67628
0.544983
0.729643
1.62146
4.61672
1.24333
1.04609
1.04048
0.348543
0.848421
1.94132
3.68275
2.29223
4.86818
1.65905
2.93266
1.25134
4.60184
1.35268
0.288614
0.601767
1.01554
1.42331
1.56593
3.04673
0.357403
1.24108
2.81248
1.00665
2.78201
1.00994
1.27069
2.32473
1.18141
3.91886
0.716902
0.694722
0.0817367
0.625628
1.03078
0.201159
5.79027
2.26666
0.976506
0.362172
1.1297
1.93306
1.30123
0.547456
6.68627
0.595522
2.62348
2.63456
1.66719
1.02409
0.97857
2.13161
1.84594
3.51899
0.344268
2.2312
0.610176
4.25386
1.14272
1.40299
1.44121
4.04645
1.54793
1.71417
2.15658
0.464951
1.53114
1.3356
1.48015
4.37665
2.04627
1.95692
3.24299
1.70143
2.5211
2.67612
1.33206
0.916172
1.92589
2.27535
1.04247
3.98653
2.18453
3.94662
0.383514
1.45377
1.57673
2.95988
0.511365
3.46282
0.534833
0.842135
1.17878
0.942834
2.2409
3.76506
0.467605
1.86946
1.09405
1.76889
0.430662
1.32586
3.28853
1.75157
2.35674
4.66064
0.812238
1.197
1.60052
3.67605
2.39572
1.28298
0.834146
1.80431
1.8411
1.99716
3.95259
0.354828
2.10851
1.64001
0.947534
1.22152
3.65224
3.32989
2.91605
2.8841
1.00308
0.582401
1.2855
2.46277
1.26482
2.99132
1.56077
0.548566
2.77028
0.616138
1.85326
2.58027
8.50189
0.745995
3.39042
4.48421
1.33933
1.75645
0.794565
1.66821
3.38399
1.46406
2.9067
1.91974
1.61138
0.632989
2.5547
2.11098
2.38991
4.34457
0.823739
1.43981
2.60833
1.97169
1.94257
2.15582
2.17838
1.94116
5.26058
0.750055
1.25539
0.948436
0.309801
1.31623
2.09377
0.486402
1.58662
2.80507
3.67254
7.06904
1.69037
1.29677
5.88322
3.46595
1.81142
5.74234
0.539231
2.00613
5.01136
2.90139
1.27298
4.85896
2.20087
0.875814
0.176423
2.85576
0.929636
4.57296
0.248755
2.40241
1.57453
2.88063
9.1084
1.5307
1.90545
2.11058
1.13863
0.677622
1.67591
2.02644
1.70085
1.69257
0.710104
2.35752
1.34004
0.974687
1.4748
3.00106
1.65552
2.43118
1.63041
4.11515
0.878938
0.602098
2.48574
1.40063
0.624873
1.53367
2.00272
0.598319
1.23708
0.685419
1.24758
7.22829
3.55528
1.28766
0.735966
2.99538
1.12677
4.49874
0.957147
4.22666
0.939788
1.94705
1.7197
0.892956
0.613886
1.29274
1.99351
1.68055
2.68137
2.35246
0.904017
0.628069
1.4653
0.978212
4.4615
0.644541
5.15613
2.09505
0.223421
1.37566
0.951557
2.83584
3.29103
0.722946
0.578197
0.32415
1.20189
1.38938
3.07996
1.62355
4.7702
1.46288
0.436012
2.32327
1.06822
2.76243
1.9436
2.96817
1.00421
3.89413
1.3409
0.797378
0.546878
0.303919
2.09913
0.8518
2.41426
0.702058
0.683777
0.863859
1.85842
1.65059
1.65996
4.07596
0.637413
1.903
1.45499
1.25444
0.569759
3.08264
4.0783
0.726923
3.81881
1.81057
2.92938
0.48246
4.87343
2.32541
1.54083
2.34173
1.46314
4.98431
0.701884
3.74868
6.01973
1.13714
0.705607
5.60834
3.69603
0.386319
2.29545
0.331016
5.27986
0.716738
1.52579
0.94558
1.12788
0.559863
0.968193
0.847872
4.00412
0.852604
0.903309
1.79909
1.09868
4.01152
1.42304
1.0981
3.60015
2.11177
4.43648
1.63655
1.6699
2.2924
0.955352
0.841315
1.94476
1.58346
4.93669
0.713515
1.58889
2.22099
3.32022
1.5449
7.88353
1.02608
1.13129
1.80819
1.88348
0.283492
3.75637
1.75251
1.70705
4.16298
1.23844
0.30058
3.14972
1.19953
1.77215
1.18868
1.0515
1.62958
2.28896
0.717102
0.453486
0.995972
2.01461
1.84338
1.35549
0.370543
0.930986
2.82302
2.76152
1.24537
0.346906
3.76017
1.97474
1.66662
0.797806
1.1657
2.48825
1.38011
0.696315
0.471199
1.52554
0.959931
0.516774
4.20832
2.06664
4.3513
1.82427
1.3893
2.21973
2.39186
1.37517
0.908043
0.557596
0.22124
4.99676
0.661996
0.856848
1.2301
1.61975
1.75709
4.18702
0.393652
2.2364
2.27482
3.90999
1.10378
1.20747
2.74704
0.433531
1.33953
5.6763
5.56441
1.97283
0.748181
2.36783
0.577708
1.52948
2.66737
1.88375
0.211214
4.24219
0.170962
1.0391
2.40663
1.39518
1.56506
5.16057
3.2335
0.740615
1.17794
2.50014
1.19503
1.32302
2.16371
1.92577
0.475404
2.61137
1.33428
1.35534
2.18667
2.03488
2.46563
0.80691
1.84658
1.69761
2.9692
0.682126
1.19211
0.282563
1.33401
1.7387
3.28387
4.25693
1.22708
0.775675
0.636878
2.35325
2.81367
2.39867
0.393914
4.6406
2.45071
1.803
1.66539
0.779865
1.93242
1.88592
3.4852
4.55826
1.96508
2.31751
1.36061
6.74174
1.53868
0.970103
0.947555
1.98537
1.86424
0.306403
1.33779
2.99467
0.525382
0.840184
1.1064
3.10346
3.0156
0.149012
0.745572
1.98417
3.42315
2.76442
6.0573
2.6574
0.290241
2.53808
2.75266
1.88306
5.57066
4.14068
3.83042
0.280908
2.20292
0.751504
1.44319
1.03767
1.34575
1.70936
1.65376
2.97943
3.49842
0.641698
3.28442
3.11256
2.03818
0.522767
4.1565
1.5148
3.65483
0.632233
2.46987
0.7113
2.49047
2.407
3.80466
1.86372
0.531662
1.85678
0.738815
0.715052
1.86489
1.06081
1.77969
2.0279
1.51615
1.47054
0.92552
0.269568
0.983827
0.554337
0.868549
1.69703
2.4823
0.759759
0.761751
2.8801
1.49967
1.65894
0.777961
1.07583
1.51285
2.71165
0.25883
1.33026
4.05837
1.14634
1.63418
0.286441
4.65325
2.60956
2.00015
2.0976
2.34418
3.99047
2.12956
0.795927
0.639078
2.57325
0.86107
2.62276
0.969473
1.69676
1.5288
2.36295
1.39801
3.59553
2.0473
4.14759
1.30138
0.528175
4.38194
2.83179
2.45165
5.05978
2.19174
1.75196
1.01555
2.31592
1.83197
2.34286
1.121
2.56897
1.27866
1.57875
1.18267
0.48507
1.40506
0.25524
4.14943
3.35405
1.8571
2.72851
3.61602
1.54744
3.11328
1.31403
1.18045
1.0463
0.366543
1.15066
2.26467
0.484054
1.1511
1.5181
2.6445
1.5659
2.18555
2.4783
1.63519
1.50839
0.354495
3.9493
1.39326
1.64233
0.776285
2.15825
3.53251
1.14353
1.08271
1.33644
3.84944
0.83219
2.36517
0.888322
0.345506
2.145
1.88104
0.660464
2.5664
1.88508
0.322879
3.33376
1.08338
2.83982
0.498122
0.712814
1.41906
0.972653
2.65018
1.83741
2.31579
3.43054
8.23981
1.94962
0.840798
3.76237
0.927885
2.18387
4.46154
0.846488
2.35916
0.471146
1.24982
0.313454
1.22156
1.89205
2.24256
1.37989
1.92138
1.80061
2.10839
0.794031
1.11539
1.16994
2.12016
2.36542
2.10149
2.30323
0.997277
2.27908
1.94679
2.5003
1.24496
1.70894
1.02542
6.23176
1.09685
3.7463
4.06641
0.723629
2.0549
1.33685
1.76065
0.701803
1.30384
0.707566
2.40413
1.17008
7.45661
1.81639
2.72008
1.23619
2.62897
1.10711
0.160119
0.035905
0.748278
1.03925
0.620736
2.5755
2.0824
0.961987
1.52247
0.272558
2.0266
1.06433
1.14969
1.06585
3.93862
1.54742
1.54876
3.09189
2.31213
2.29285
1.37199
3.27434
1.7546
1.91054
0.451398
3.70237
0.038035
1.33399
1.63261
0.601393
0.642828
5.91035
0.985929
0.600036
1.77503
0.517793
0.831838
0.350618
0.679549
3.46034
1.906
0.63058
2.46812
2.78403
2.06496
2.71311
0.74621
1.58283
3.38637
1.90857
1.8203
2.4549
0.990668
4.81875
1.67398
1.43227
0.382036
1.49578
2.84032
2.40405
2.68731
0.626633
2.00737
1.49821
5.93855
7.11197
3.84255
2.23378
1.2436
5.11738
0.511891
1.65021
0.708111
1.96716
1.79434
1.19897
1.3664
4.62384
1.41315
0.899543
2.9015
1.39584
3.76349
1.54114
5.03511
6.42073
0.401718
2.69779
2.4629
1.26323
3.32346
0.045134
1.76597
4.12851
1.35835
2.75694
2.51885
2.4086
1.03843
1.15152
1.89141
1.68002
3.61101
8.12975
0.685129
1.64143
3.20906
1.61427
0.906847
2.11861
0.788837
2.10046
0.691229
0.112545
0.952967
1.27638
3.13897
0.558604
5.55569
0.0747745
1.14489
0.834266
0.357328
6.79453
1.00519
0.891798
0.713277
0.474661
1.03346
2.50137
3.84548
2.30226
3.81173
2.11369
2.69728
2.0294
1.85194
1.74157
1.49687
0.930789
1.31507
0.585344
3.22559
1.04704
2.78069
0.749448
0.30506
0.766536
3.99903
4.30231
2.75804
0.735907
1.14476
0.649084
1.09254
3.53046
5.1616
4.56513
1.8575
1.38369
0.980748
1.06998
1.13306
1.57458
1.7793
2.74511
1.00202
1.89119
7.99402
3.00059
0.971617
1.53205
2.55716
1.06489
0.76954
0.372149
3.16699
2.97575
0.919077
2.5844
3.62653
2.02853
0.516497
3.04523
0.598765
2.00619
0.829996
3.12843
2.12582
1.4237
2.56578
0.655576
2.43095
0.312949
1.24799
0.981886
2.16727
2.01458
0.627256
1.666
3.75641
3.21883
1.28481
3.39251
0.536016
3.57553
1.08452
1.03665
0.964958
7.39348
4.33799
5.3828
2.89245
0.481559
2.3419
0.168956
5.17561
0.477757
0.984515
2.8574
2.44717
1.28522
1.72921
2.60334
1.81052
0.184349
1.56378
0.835813
3.79975
1.15612
6.3053
1.15024
1.10675
4.92055
6.30698
2.35307
0.0616294
1.40335
1.88958
3.23927
2.25001
1.51424
1.56008
2.02987
2.69892
2.16933
2.21634
1.85711
0.94274
0.948404
2.89263
3.76452
2.60654
4.99413
1.96051
1.70955
0.683563
1.34193
2.98995
1.15075
0.601726
1.18687
0.100036
4.43585
5.35895
2.19911
3.32856
1.36657
2.04029
1.76273
2.314
1.15644
0.44178
1.52998
2.35157
2.86402
2.84321
4.86618
2.12265
1.46534
0.35762
0.85674
1.84254
2.74348
1.55065
0.666994
3.17217
1.61451
0.96292
2.95681
4.25243
6.08326
1.06257
7.97797
2.29836
4.63182
1.73084
1.98628
6.17762
0.69061
1.0806
3.60984
1.33089
1.55986
0.228856
2.69217
2.60919
2.76023
3.44727
3.81113
0.365822
0.996542
0.136944
3.10228
6.0392
1.80144
0.65334
3.22381
1.03877
0.774021
1.18359
2.46056
3.65527
2.00125
3.96164
2.40592
2.79426
2.28978
1.78935
0.931508
1.56997
1.11522
1.33332
1.20578
0.30015
3.21125
1.69428
3.8977
6.61399
2.20719
1.25406
1.44834
1.65732
1.18019
3.93062
4.39789
3.50319
3.24051
1.22877
0.184347
5.12472
2.55022
1.85973
8.33578
2.88073
3.28413
3.09588
1.00085
1.19971
2.91687
0.431878
3.3496
2.26248
2.1521
1.34916
1.14775
0.945109
2.09418
1.21748
2.51552
4.08725
2.77818
5.92702
0.804647
6.21971
0.542202
2.78359
0.923236
1.74278
6.22133
1.41916
0.882286
1.07852
1.71129
2.94959
1.2535
0.678393
3.23037
2.69339
1.35032
1.08716
2.65526
2.1965
1.06461
1.65413
2.65399
1.05991
1.61215
1.60077
0.69468
2.90251
4.44031
1.23077
1.48851
2.24845
2.02001
0.759168
3.58434
2.53869
2.56337
0.977164
0.49802
3.19151
1.57171
0.566426
2.6413
1.68601
1.79996
0.951431
1.80089
2.17407
0.805055
1.47282
1.73761
5.25815
0.357342
1.05518
0.82864
2.86106
1.99373
1.49751
2.03204
0.741482
1.61394
1.32806
0.737712
1.04608
0.624673
0.566916
0.560445
0.832304
0.891292
0.621353
0.487418
1.54643
0.756984
2.16527
1.68133
1.56032
1.82326
0.220095
1.05378
1.06919
3.37045
1.40542
2.18766
1.62646
0.78241
1.12707
0.99977
0.72779
1.13348
1.49893
1.39048
1.6496
2.72492
0.432743
2.69627
1.04278
3.36492
4.1551
0.251132
2.22529
0.715879
0.970417
1.16154
2.92171
2.82346
3.95565
1.0893
0.74418
3.15866
1.74414
1.85572
1.84416
0.475863
0.525138
2.94156
4.2526
2.61852
2.04082
1.11912
0.814445
1.91017
3.80056
1.26724
2.92755
0.314564
0.909666
1.6183
3.0655
0.962658
2.172
4.69188
1.2149
1.76797
1.21867
2.58224
0.129315
0.734838
1.77946
0.337024
1.77374
1.93718
0.774017
1.25091
0.973444
0.675556
1.03558
3.383
1.50205
1.08449
1.49965
0.0488441
2.34788
4.37076
0.598359
2.48402
2.64914
3.26056
3.98418
1.64957
1.08636
1.52638
4.48185
2.94775
2.04388
3.12399
0.459687
1.10376
4.27124
1.46288
2.10642
1.03378
1.43066
0.901128
3.9438
1.55929
1.30519
0.42329
2.25326
1.24468
1.28995
1.19303
3.82269
1.62247
4.06985
2.71503
0.578044
4.23355
1.04402
1.23287
0.828354
3.33725
0.622744
0.671673
1.95015
0.920612
3.07982
0.611988
2.23014
2.30624
0.940708
0.859788
3.27679
1.61366
2.99865
0.985001
2.90318
3.6274
1.47599
3.37468
1.20739
3.52069
4.29862
5.29198
3.27645
0.628154
1.62419
2.6715
2.2183
3.22445
2.45201
4.05327
0.746204
1.07219
0.788483
1.61655
0.904092
4.23913
0.865983
7.5436
2.56702
6.98905
0.11073
2.56828
3.12408
2.8826
4.63541
2.09087
1.90849
3.45136
3.13548
1.425
1.78839
1.85581
2.90629
0.7544
1.30811
1.3971
1.02791
0.400747
2.40382
1.92819
1.63093
0.989113
0.956508
0.592082
1.12883
3.22706
2.05921
2.64102
5.56551
2.15013
3.5876
1.33503
1.63386
4.54035
2.48187
5.00609
1.68535
2.22141
4.47
1.4961
0.728947
1.01898
4.54102
3.36162
1.56962
0.674956
3.3866
2.77445
1.57711
0.565886
5.69531
0.137112
2.85601
0.399
0.739494
3.21874
4.8576
2.8419
1.99755
1.64042
0.420836
3.33071
1.15192
1.52112
1.14818
0.631866
2.69074
0.380777
1.21903
3.29395
1.60694
2.91662
3.2544
1.16303
1.28041
3.21396
4.06816
2.10019
0.725588
1.05925
1.52504
4.47098
1.34231
0.350138
7.66173
1.73379
1.26932
1.18363
1.38371
2.26418
1.2851
0.45878
4.37075
0.469545
2.73414
1.0237
1.14379
2.69861
0.300306
0.670117
3.77074
1.54438
3.18793
0.841511
1.5485
0.721504
2.55752
2.67553
1.51157
2.22094
1.86946
2.38793
1.29659
1.3178
1.36373
0.80931
1.26168
4.45468
0.557877
1.02407
0.930601
0.827919
2.03522
1.43055
1.40866
2.73923
1.05645
3.53287
5.42379
3.57309
1.0463
1.79808
1.9408
1.12714
3.41931
6.24329
2.51825
1.27193
1.65375
1.68886
3.86006
0.212755
1.17036
3.88592
2.25024
3.26384
2.95966
1.97986
0.716723
1.05142
2.74185
1.39727
5.40949
1.04093
2.41174
1.95042
2.65594
1.08649
1.18521
1.08429
5.06922
0.777972
2.69977
4.76997
2.6079
0.548611
4.71277
1.48787
4.07428
1.52884
0.993751
0.400179
1.13746
1.77733
1.37349
0.584495
4.20932
1.83214
4.77735
0.619288
1.0885
3.78713
0.581516
1.04584
1.40942
1.71466
0.313665
4.1282
0.525539
1.03847
1.67178
0.605737
1.38756
2.41023
1.81412
2.61021
1.11252
2.95559
0.555333
0.561909
3.96583
4.88127
2.96906
0.554917
3.01143
2.19807
1.90796
1.20676
1.01081
3.17689
2.58985
3.95727
1.71134
2.97243
1.6127
0.945049
4.16937
2.52591
0.702214
0.777162
1.55087
1.53401
0.694413
2.73224
0.633561
1.70247
1.05063
3.04796
1.94594
0.846687
2.80606
1.40962
1.78829
5.13557
2.00907
3.85391
2.90523
0.310613
1.87599
0.484076
0.248809
2.33133
0.587107
0.831199
2.06032
0.944845
0.925327
3.72215
0.205515
1.4236
5.06397
1.99829
1.74838
0.871796
4.51068
1.66462
0.938095
7.93427
3.23839
1.77754
0.787058
1.97402
0.552084
2.08463
3.07845
5.77952
2.82558
1.29151
0.489386
4.18576
9.56754
1.07515
1.67951
0.698796
1.23071
1.19768
0.529221
2.0479
0.347865
0.587921
1.0751
0.530586
2.66034
0.768949
2.88049
1.41114
0.821113
1.00489
1.21712
0.253225
0.777999
4.42603
0.507906
2.26951
4.98387
1.53929
2.31879
4.15746
3.08229
0.705074
0.113626
0.194043
1.32011
3.60296
1.217
0.517266
1.42879
2.4102
1.92896
1.5917
0.537931
0.522727
1.33394
4.26923
1.78238
1.94805
0.664416
3.3781
4.24976
2.38138
0.39801
0.738572
2.64642
1.87449
1.7808
0.946986
1.5534
1.96758
3.06599
1.24774
2.86031
0.865313
0.797138
3.02247
3.59214
1.01985
0.611892
1.15331
2.34591
4.74071
2.00799
2.1592
1.78712
1.93394
1.51484
2.25253
3.00927
3.52289
0.63297
3.56489
2.10153
2.60596
0.815358
2.45723
1.33666
1.36774
2.59887
0.652173
0.255342
4.88294
2.45719
1.29369
1.28059
1.83929
2.78514
0.350446
1.12577
3.1942
1.68244
2.80406
1.72299
0.581296
1.40306
0.584622
2.15629
0.683955
1.63026
0.354889
1.69517
1.22381
2.02775
1.70729
1.33228
1.90128
0.93843
1.03387
0.883465
0.89445
2.04015
0.36094
6.48539
2.51092
1.42231
0.827886
0.792256
1.26357
0.979027
4.04377
3.59702
5.29002
3.87831
2.15617
0.148658
4.0668
1.44245
1.80101
4.99699
2.95827
1.64658
0.295392
5.79658
1.96598
1.78938
1.18898
1.22642
3.27925
1.43631
1.44362
1.15971
2.50502
0.718826
0.732263
2.15871
2.50839
2.40913
2.01628
1.2716
0.294751
3.32064
2.20708
8.02777
1.46121
3.85224
0.836978
0.798508
6.65013
1.43004
3.18284
2.64555
2.06764
1.40706
2.27907
3.82086
2.27381
3.27097
2.96811
2.68013
3.67737
3.96575
2.95239
1.64717
3.54706
2.59451
2.0058
1.89762
0.369763
2.36661
2.51288
2.33325
0.388534
1.40184
2.46105
1.40934
2.29821
4.411
0.787542
3.22741
0.343302
1.03077
0.952896
0.382624
2.06159
2.69012
2.68268
0.294475
2.69209
1.90846
0.109231
0.988732
0.234142
0.699721
0.925369
0.467259
2.0249
0.953006
2.30657
1.05441
0.279905
1.56042
2.40198
0.721033
0.919391
0.749138
1.58168
2.59494
0.40419
3.48545
0.781476
4.73315
0.557329
2.50309
0.633414
3.02749
1.12855
2.89208
2.93122
2.46493
1.96626
1.94214
2.65792
2.77005
4.07912
5.36287
1.82654
4.52055
2.06431
5.4791
1.13542
4.18957
0.898697
2.22945
1.53116
3.14802
1.1859
2.26834
2.50716
1.26467
4.19906
1.11752
3.73307
2.01291
1.52081
1.75147
2.71436
3.0095
2.09536
1.17995
1.40139
2.67149
2.42322
1.37617
2.82387
1.60683
0.873206
0.485635
2.02897
1.05849
1.16686
1.56221
1.94793
2.40574
2.06931
2.89131
3.8397
0.952941
1.31038
5.10126
1.22084
0.301746
3.21989
0.164093
1.39604
2.02475
2.66136
1.25604
3.41077
5.38643
0.427744
4.41365
0.779892
2.37788
0.574554
3.24386
2.71606
1.21725
2.94794
4.00562
1.8938
2.43919
1.09854
3.17188
0.533367
0.8784
2.71137
0.109197
4.55082
2.6616
2.1922
1.80731
1.88931
2.41237
1.65565
0.561783
0.827481
0.847083
0.93824
0.833778
1.21854
2.30703
0.996529
1.43801
3.38677
2.25191
2.23608
0.486333
0.879658
2.21919
0.77522
1.19648
4.36817
1.52115
0.120092
1.58711
0.443452
2.31047
2.06217
1.78029
1.38815
0.824619
1.32294
2.21118
1.93555
0.771231
3.14669
3.86381
3.53365
3.80654
0.806916
1.74419
2.04836
0.625334
3.09532
2.80066
3.37569
1.89156
2.27008
3.40929
1.58736
1.95762
0.342711
1.44973
0.610699
2.95332
0.835004
4.11061
1.69301
8.96786
2.50597
2.66466
2.93108
1.02243
1.4198
1.03651
0.3345
1.48227
0.429601
0.442746
5.95951
1.3508
3.40033
4.2696
2.62809
0.679874
1.5731
1.41163
1.25091
3.18369
3.29583
0.793536
1.27696
0.573661
3.54097
2.97042
3.24464
3.60892
1.00012
0.41546
1.7709
0.69533
4.12115
1.1408
1.8363
1.40086
2.26122
0.0376567
0.495541
1.97181
4.7937
1.2707
2.31503
0.713813
1.25193
1.03999
1.08114
1.73575
5.13239
1.3874
4.06342
1.58244
1.47841
0.897536
1.02216
3.00118
1.59337
2.22707
4.69866
0.256831
3.32392
0.833618
0.795717
1.40662
2.41403
1.76808
3.0245
1.65551
0.736038
1.66357
4.80821
0.575159
0.483718
0.22241
0.424643
0.887434
1.30085
2.81508
0.814391
1.32975
3.73021
1.79143
5.6538
1.194
2.1739
1.7165
1.06314
1.28898
1.91653
2.82792
0.966322
1.09678
0.98171
0.547126
7.23454
0.474667
2.2445
0.444631
0.696759
3.83534
1.36797
2.27186
4.53074
3.07842
1.46227
2.21886
1.10459
3.3316
0.643639
0.476895
1.14304
2.48485
2.36836
2.60656
5.657
2.52589
1.32513
2.08459
3.48818
0.605704
1.25142
0.33201
1.69389
0.42216
0.455034
1.45522
3.10929
0.425357
4.55218
1.42275
0.950088
0.346779
2.78481
1.14056
3.13712
2.80238
1.96813
0.876326
1.42376
3.60348
0.927045
3.89244
1.71064
0.910254
3.4754
2.21795
3.49672
0.625153
4.09275
1.63916
1.01549
3.80864
2.47875
1.00629
0.898043
1.71973
1.8798
2.89912
1.28829
2.66853
4.53356
0.600909
0.351096
5.11092
1.60388
1.12036
0.788847
3.31844
1.42429
3.414
1.16362
2.85141
1.91609
1.14425
1.71316
1.27423
0.931773
1.82465
1.83099
2.34193
0.405229
1.0848
0.703844
7.86393
1.01803
1.51621
1.82006
3.67992
0.301242
1.24238
1.07186
0.279158
1.71277
0.933306
0.525098
0.46347
5.64238
1.31856
1.6238
1.61695
1.76931
0.892518
0.812393
3.62341
2.30849
1.592
1.38203
1.81261
0.569435
1.17178
1.37879
1.10343
0.805164
1.9413
1.56106
4.23202
1.33274
2.13091
0.863523
1.79068
2.33533
1.00866
2.1407
0.679569
0.64766
3.89492
0.665484
0.63327
1.80688
0.574728
0.489086
0.599096
1.45558
3.4105
2.39934
0.645202
5.19856
3.5878
2.9323
2.98971
3.00073
3.29874
0.429892
1.38554
0.869005
0.830168
2.92825
2.52265
0.71124
1.57421
0.899931
2.82611
2.05513
6.38587
3.68273
4.32039
1.66174
2.91969
0.93652
1.80456
4.7113
0.896615
2.76357
1.72351
0.769063
2.16339
1.84505
1.70937
1.37892
3.08494
1.88242
3.05526
4.53393
0.851588
1.94872
3.68658
2.19032
2.39486
0.304898
0.870677
1.81763
1.98095
7.11759
0.856006
1.22563
3.11345
0.202775
1.32103
4.36774
3.31855
0.964761
0.266305
1.93785
3.20171
0.908697
1.11764
2.29786
2.00973
2.56524
0.407247
2.31373
1.50352
1.22055
1.99206
2.4281
2.1354
0.510518
0.382885
1.58459
1.77237
1.78451
2.34268
2.55329
3.05265
2.11129
3.7767
1.53239
1.595
1.22865
7.39801
0.836406
5.41495
0.80938
2.16822
1.51562
3.03286
1.07706
0.0894985
1.17119
2.13873
0.910288
0.965634
2.00188
0.297184
0.340504
2.27327
1.09582
1.9713
1.21673
0.707216
0.894062
0.396379
1.20274
2.08719
1.78609
0.574937
4.0922
1.64289
0.335563
0.339575
1.76272
3.19598
1.20406
4.27617
3.35902
1.95391
1.6583
0.311814
3.84063
4.25363
0.889053
0.316357
4.32145
1.25643
1.73387
1.52968
1.63388
0.813427
1.18791
1.771
1.12396
0.811307
2.13854
1.91433
0.256603
1.11225
4.83712
1.6666
1.4364
0.262568
0.968658
2.41917
4.68315
1.9427
1.51755
1.71419
1.73937
1.75478
2.37187
2.22047
0.545087
1.75196
1.44687
0.431061
3.31577
0.750098
2.60519
0.992592
1.90078
1.126
1.27157
0.532757
2.55492
1.91169
0.759243
0.992284
1.5693
1.3973
2.45049
1.66009
2.93223
4.14252
1.03224
1.45947
0.913548
0.745013
2.87008
2.27236
0.4085
4.50495
0.0999611
3.66984
2.32639
0.433403
2.8301
1.23407
2.32883
0.963613
1.81117
3.04614
2.11298
4.54507
2.37507
5.14158
0.842123
4.23004
1.04851
4.03798
3.9363
0.484082
3.88647
2.01957
1.2929
0.494158
3.11781
0.877739
0.499696
1.84002
2.02525
1.10014
3.62286
2.07631
3.74767
0.532053
0.815901
0.81122
1.61755
0.976837
3.35864
2.77102
2.41597
3.20198
0.961748
0.851794
3.21235
5.15657
0.605299
0.932276
5.94147
2.93432
2.68711
3.36881
0.937796
3.2457
0.565831
2.96951
1.80199
2.9862
1.88483
2.47693
4.47424
2.6686
0.583382
0.651418
0.848303
1.86887
0.999922
3.97521
1.3748
2.97581
1.85978
1.61116
1.07809
1.34857
1.32112
1.27125
3.23561
1.4507
0.843034
1.30456
0.472384
2.24515
1.2222
0.653361
6.08058
0.775918
6.54905
2.0888
0.450688
1.87906
1.5289
4.01723
2.51354
2.56288
2.85969
4.92653
0.679989
2.74443
2.96816
1.21144
2.60007
0.621134
3.40703
1.43985
1.53422
1.98137
2.27359
1.31309
1.61142
1.58219
0.533153
3.58589
0.506568
0.921849
0.292232
2.12045
4.19839
2.85022
0.573608
2.12771
2.37724
0.851219
1.90015
1.63389
1.74679
2.26183
3.11691
4.90416
1.34982
2.66468
2.53212
2.00484
1.33989
4.03804
1.81603
2.2642
3.25425
0.868044
2.14523
0.688977
1.38873
1.0616
1.20895
0.594103
2.28065
2.2891
2.41513
4.19919
2.67843
1.63721
2.20227
1.1925
0.905497
0.696918
1.56383
1.30614
2.96712
0.900327
2.90208
4.06719
1.59219
2.35414
1.79606
2.51373
3.24315
2.02223
0.523124
3.16425
0.653601
0.613198
1.75586
2.83521
1.19565
1.15596
1.98074
3.20462
1.51771
0.753793
0.21077
2.51083
1.76183
4.50316
2.50741
0.268731
3.40663
0.715002
2.47162
4.38602
0.437327
1.06676
0.663674
3.40192
2.26151
0.830851
2.20571
2.08809
4.0254
3.47857
1.45375
2.75375
1.65111
1.33272
1.98139
3.42063
2.00231
0.894743
1.42221
1.75394
2.38875
0.67523
1.0341
0.473879
1.9345
2.92793
0.738437
0.4304
4.7077
2.12995
0.540137
2.21902
3.50777
1.15945
2.06611
3.62204
0.794881
2.59769
4.2135
1.38097
2.91919
0.569718
5.57595
1.84005
2.88713
1.14371
0.105893
1.81998
1.14498
1.71322
0.882098
2.49426
0.35851
2.40864
1.7563
0.695964
1.93466
1.70111
0.297186
1.80949
2.23261
3.61415
3.43935
1.60887
3.03263
1.64679
0.710058
0.432232
3.27337
0.757852
0.643285
1.94128
0.840069
2.90622
1.2705
0.625616
0.364086
2.89572
0.984003
1.61879
2.96088
2.23081
2.08711
1.25957
3.54334
2.13559
1.76883
3.13067
0.943738
3.27188
3.4726
2.12726
1.36471
5.73071
1.84848
1.16961
1.48827
1.28113
2.68201
2.09475
1.93478
2.53973
1.34759
0.511979
3.00584
2.78005
2.22149
3.79727
2.04547
1.67321
2.3598
1.46732
0.353658
0.424238
2.45872
0.34831
0.673126
4.80486
3.88669
2.15051
0.86415
0.401173
1.24096
2.8228
0.0364981
3.47186
1.13382
1.09366
0.763573
1.53798
0.922809
1.50355
0.624259
2.11471
2.10138
3.69614
1.51373
1.17927
0.410482
1.63054
3.88181
3.27516
1.25288
2.84134
0.377222
2.25209
1.16492
3.0287
4.17821
0.5582
2.19969
2.13766
1.77908
0.67255
0.966696
2.34659
2.23111
1.05567
4.24438
0.64676
0.807917
1.25089
3.06477
2.09823
0.951693
2.01855
1.59664
0.94111
1.81516
0.365766
2.34971
5.31512
1.08047
1.85848
3.41574
2.22626
0.797625
1.61585
1.06569
2.78208
5.02149
0.56711
3.13202
2.13039
5.34998
3.40554
1.45114
0.342383
3.20511
0.412069
0.97796
2.06366
4.53373
1.31422
2.19097
0.354615
1.45045
4.48977
0.538201
10.3055
3.13434
0.0988642
2.34976
4.88802
1.12472
0.524149
0.0725539
3.39698
3.43879
2.72711
1.67822
2.23336
1.49185
1.56221
1.59727
0.707651
2.60378
2.15028
1.69039
0.509357
1.70577
0.842478
2.87842
2.32832
7.19631
0.721056
4.23598
3.14065
3.71392
1.74402
4.03224
0.141497
3.04155
2.72882
0.964848
0.570145
2.84145
1.981
1.64901
0.793421
0.89911
2.44209
4.30854
3.12969
1.72264
4.58738
2.22723
2.02236
3.85139
0.519004
6.15537
1.37106
3.35889
3.59695
0.847937
1.1029
0.219729
1.6242
0.780184
1.82467
0.901737
3.24496
1.65658
1.0808
0.87902
4.3694
1.36424
0.681709
1.24057
2.01127
4.00144
1.91259
2.89126
3.22508
2.5546
1.70777
1.27814
0.421763
3.87737
2.91838
2.74021
1.91711
2.91091
0.758998
0.352124
5.4262
2.56933
1.93544
4.29474
1.426
0.632533
3.13094
0.291503
1.11
0.281458
3.58052
11.7191
4.0503
2.44688
1.97318
1.40024
1.66299
3.22609
3.69458
0.930473
1.71283
2.53389
1.21856
2.14754
3.6156
1.5817
1.71899
2.97505
0.636254
1.05842
2.34492
3.43254
3.1398
0.502961
1.67382
2.45083
0.942001
3.66058
4.35035
1.12842
5.33006
0.486626
1.04743
0.662101
0.977983
2.21845
2.96638
0.858971
2.04134
0.72791
3.26049
1.11757
1.16373
3.654
4.7813
3.52308
2.4628
1.19337
3.60463
1.22395
2.71764
0.573248
0.231397
2.49726
2.17438
0.141185
0.380039
1.2181
0.334993
1.02117
1.21686
1.20538
0.935027
1.51253
2.02002
2.78995
0.588124
0.743379
0.877604
1.10342
1.47323
2.75261
0.39228
1.22922
1.91168
0.64364
1.77788
1.63756
0.657346
2.84824
2.826
0.92277
2.78915
1.42336
1.57373
2.49656
2.19086
1.88187
0.691788
0.978974
1.7082
1.22629
7.88154
1.67077
0.944884
0.987345
0.726931
1.52379
2.37623
1.09156
0.958735
5.68578
1.89876
1.81032
1.99971
0.789937
1.79341
2.68867
0.578834
0.400884
3.02559
1.37564
4.35673
0.195525
2.19435
3.41531
2.79201
1.31621
1.17529
3.05976
3.95285
2.28718
2.82547
3.50614
3.57935
0.691784
2.31344
0.369951
2.33184
0.69801
2.55476
2.25405
2.73366
0.276713
1.30173
1.15972
1.44944
4.10034
0.918906
5.95707
1.77059
1.47424
2.09549
0.68524
1.46778
0.726357
2.77256
0.432772
0.924833
2.07097
3.78227
1.13233
0.879282
7.16466
4.44895
2.48208
1.84596
0.126756
0.163836
3.80714
2.81628
4.54909
1.66456
2.45077
1.82015
1.69671
3.02216
0.842518
4.54019
6.41114
0.104759
5.78123
1.0354
0.399746
6.23669
1.62696
0.921946
3.43299
2.37322
1.327
0.466592
1.26928
5.63565
2.58461
2.2756
3.36944
0.805105
3.63378
1.44326
3.11846
1.32943
2.29294
3.54473
5.14604
0.43715
3.51477
2.2995
1.91522
1.2684
2.08674
2.23849
1.39338
1.38407
3.48743
1.68858
3.51703
3.42432
1.67747
0.983326
2.76351
1.7932
3.8088
1.85908
1.3973
2.60202
1.58337
0.747511
3.04761
3.21044
3.87204
4.11844
1.64953
2.63871
1.74011
1.671
3.33795
0.463461
6.47544
0.26755
1.84725
0.922569
2.18472
0.10253
0.982569
0.70793
1.76301
2.23355
