0
0.163549
1.52344
0.633328
1.17032
1.35071
0.447605
0.594169
0.722601
1.25939
1.52482
0.215724
1.10487
0.975498
0.311338
0.637971
1.14886
1.07299
0.795222
0.872949
0.246572
0.534376
0.273353
0.923687
0.402934
2.04302
1.93656
0.358866
0.993093
1.48545
1.5129
2.06142
0.375038
0.963197
0.627766
1.20947
0.960403
1.42845
0.714557
0.50531
0.370793
1.63085
0.790059
0.786712
0.657132
0.706654
0.278112
0.959831
2.4502
1.10692
1.57769
0.407554
1.81732
0.866611
1.35408
1.08963
1.26049
0.83051
0.685931
2.63878
0.601848
0.189893
0.216525
1.15973
1.317
0.136339
1.65116
1.14383
0.877379
1.79383
0.344367
0.84689
1.10064
1.68942
0.427314
1.04818
1.44697
0.73027
0.573838
0.825916
0.662018
0.392086
0.576061
0.589923
0.427813
1.87368
0.664727
0.13418
1.12919
0.610145
1.50109
1.63795
0.694144
0.952338
0.547124
0.439213
1.32446
1.49034
1.26133
0.376142
2.44383
0.703326
0.960976
1.07409
2.57191
0.461512
1.73288
0.804101
0.590014
0.399502
1.52322
0.509437
1.1508
0.313633
0.43292
0.818747
0.278202
0.594201
0.546483
2.30919
0.842692
1.99291
0.443868
0.656676
0.207721
2.14929
0.556896
0.751955
1.01492
1.1604
0.0542627
0.662465
1.35857
1.82125
2.63511
0.417196
1.78624
1.21588
1.81895
0.458148
2.17293
0.747225
2.15391
0.657948
0.587789
0.624957
1.17357
1.2421
0.761287
0.583093
1.51491
0.411495
1.02634
0.226602
0.983668
1.83337
0.919299
0.791485
0.260201
1.40371
0.104446
0.417232
0.29222
1.9261
1.59451
1.19691
0.278986
0.494095
2.72167
0.77846
1.55511
0.571091
0.557704
2.42421
2.41353
1.20605
0.412807
1.74702
0.525134
0.412679
0.396614
0.14784
0.401808
0.562602
1.0588
0.676648
3.8595
0.248439
1.47339
0.727826
0.739093
1.78536
0.479823
0.700767
0.619513
1.37208
0.472152
0.379878
0.6375
1.85276
0.400578
0.656814
0.921592
0.842422
0.539415
2.8812
1.81492
0.722541
1.84355
1.6528
0.908256
1.04188
0.418427
0.669594
1.47714
0.452925
0.799327
0.713864
0.202249
1.13466
0.106611
1.45379
0.319344
1.06026
3.38072
0.340679
1.4736
0.669571
0.533454
0.598677
0.893277
0.9929
0.467269
1.41322
1.20418
0.816601
0.580993
0.773089
0.360125
1.33082
0.946669
0.366918
0.447784
1.09852
0.389435
0.855103
1.4919
1.03204
1.62168
0.639395
2.61783
0.440252
0.366097
1.15231
1.66369
0.442713
0.591759
0.338554
1.20444
2.19668
1.29079
1.72317
0.356818
0.331204
0.926186
1.46683
1.13629
0.474996
1.31297
1.44738
0.810184
1.60297
1.39468
1.05697
0.704276
0.990817
0.381154
0.505292
0.710662
1.64697
1.33986
2.8378
0.764688
0.601876
0.74913
1.58875
0.594142
0.614284
2.50957
0.380789
3.49406
0.969059
0.725829
1.21248
0.91148
2.20135
0.787656
0.783818
1.85174
0.625833
0.940546
0.588949
1.35378
1.58616
0.301699
1.82111
1.67052
0.267138
0.299064
1.49977
1.01609
1.34634
0.404586
1.16515
0.218465
0.619827
0.174032
2.61004
0.148568
0.925563
1.90856
2.37933
0.43448
2.68734
0.5104
0.852901
0.794445
0.366352
1.20453
0.488119
0.773407
1.27396
0.892925
0.57193
0.146778
0.316101
0.953062
0.521952
1.07546
1.26309
0.740476
0.428868
0.563487
0.906227
0.705518
0.100597
1.90626
1.30799
1.26469
0.713049
1.02618
0.452542
2.40828
1.60227
0.0815617
1.06631
1.95778
1.38133
0.967347
2.34106
0.431572
1.20839
0.619888
1.58353
0.540494
0.647027
1.16376
1.69155
2.21523
2.57604
0.625928
0.681491
0.778755
0.563992
1.65508
0.283641
0.365878
1.05532
1.40879
0.713122
2.43636
0.475962
0.222299
0.483588
0.400024
1.71826
0.815737
0.521085
1.30049
0.508808
1.02974
1.56024
1.20575
0.522847
1.72498
0.802254
1.34454
1.83706
0.686372
0.494944
0.643677
2.66475
2.35684
0.834594
1.80044
0.633996
1.33577
0.47254
0.0944943
1.56743
0.668158
0.924108
0.308897
0.453567
0.283572
0.529072
0.404939
0.563253
0.390113
1.64229
0.956454
0.512608
0.745976
0.815904
0.676024
0.110782
0.475852
0.753523
0.501788
0.220053
0.984903
1.16113
0.741839
0.813542
1.58101
1.11802
0.648268
1.47204
0.828161
0.929451
1.41583
0.380016
2.08606
0.240945
1.02973
0.299418
0.742861
0.668396
0.352567
0.170908
1.20107
0.965652
1.16971
0.862932
1.30921
0.323248
1.60907
0.417516
1.23641
0.390406
2.06991
0.646965
0.573585
0.212588
0.316329
0.332219
0.0709361
1.02055
0.652268
0.867621
1.92682
0.440228
0.213151
0.797536
2.48055
1.82481
1.44224
0.447718
1.25928
0.661397
0.705369
0.890663
0.708432
2.02906
1.53204
2.37997
0.799933
0.830104
0.429038
0.670205
0.385804
0.366172
0.568808
0.808075
0.620744
0.289374
0.429699
0.795762
0.109676
0.417027
1.05243
1.0835
0.562024
0.395782
0.316914
0.904948
0.583591
0.411999
2.48359
0.46597
1.50081
1.00388
1.28912
0.741892
0.833943
0.907817
0.268023
1.46647
0.57044
0.943931
2.95248
0.648093
0.665032
2.34737
0.839946
0.740676
0.586694
1.1761
1.23409
0.742578
0.44136
0.521636
0.439335
0.355413
0.442042
0.621097
0.517797
1.664
0.884266
0.385873
0.387446
0.815168
2.32911
1.43403
1.13285
0.710516
1.01891
0.868117
1.2108
0.296494
0.741995
0.700917
0.759234
0.632598
0.716329
0.127327
0.704333
0.673708
0.626752
0.26507
2.17108
0.640256
0.192504
0.543405
0.530335
0.941394
0.493275
0.786646
0.685569
0.504706
0.552714
1.55245
0.43505
1.60648
0.864419
1.58653
0.839198
0.278544
0.335713
1.34161
0.753436
1.0506
0.867264
1.31589
1.44114
0.399562
1.17388
0.971007
0.280444
3.97817
0.891859
1.96628
0.548327
1.14264
0.344749
0.538818
0.186396
0.222697
0.661249
0.198874
0.740032
0.4494
0.247841
1.10976
3.0047
1.06312
0.43026
0.959161
1.7111
0.355871
0.753597
0.937541
3.58087
1.83193
1.94801
0.850999
0.867892
1.12291
1.43913
2.0057
1.08686
1.75413
1.04435
0.46619
1.25314
1.22641
1.5118
0.610526
0.315362
0.132498
4.42178
2.84933
0.817708
0.347585
0.358001
0.657402
1.48659
1.94347
1.6634
0.408217
0.624059
0.5753
0.790408
3.08093
0.277599
0.357965
0.657052
0.820049
0.350005
2.13504
0.464149
2.36278
0.755778
0.138848
0.16148
0.456929
1.74866
0.602679
1.62995
5.21338
0.545085
0.733102
0.245507
0.704289
0.556834
0.766924
1.36435
0.644147
1.5791
1.0332
1.38631
0.314376
0.955402
1.12159
1.78904
0.380996
1.98719
1.02353
0.534711
0.569892
0.633982
0.0912787
1.72518
0.619887
0.966948
0.682076
1.02213
0.670891
1.31365
0.597876
0.77878
0.868011
1.4478
1.2116
1.65005
0.523213
0.627584
1.18344
0.951163
1.91647
0.384521
1.09527
1.13352
0.154816
0.645645
0.147113
1.69728
1.36208
0.288933
0.320733
0.599977
0.377884
0.783325
0.0835701
1.20817
1.45578
0.789365
1.04049
0.381754
0.436305
0.86943
0.460839
1.47442
0.611244
0.970184
1.11889
0.54955
0.422296
1.87013
0.972816
0.99551
0.923984
1.91074
2.41289
2.02013
0.684715
0.252302
1.34932
0.727198
1.09686
2.44147
0.473261
1.66585
0.72874
0.0791964
1.03402
1.68621
0.366248
0.370138
0.585361
0.556309
3.42946
2.87794
0.838213
1.00223
0.692024
0.738973
0.970026
0.556667
1.58741
0.567497
0.248374
0.862255
0.485539
0.338509
0.584765
1.61807
1.86713
0.944594
0.821483
0.849657
0.859118
0.892819
1.86601
0.0652323
3.32717
1.01574
0.784964
0.405045
1.30065
1.16038
1.234
1.54651
0.550328
0.378647
1.45514
1.90417
0.476951
0.439912
1.54122
0.82571
0.610255
0.797646
0.697573
1.23243
0.558147
0.445085
0.773255
1.00142
3.39736
1.1943
0.335969
0.454242
1.19951
0.482659
0.608864
0.675988
0.905596
1.28525
0.968818
0.951993
0.522045
0.288138
1.71556
0.496403
1.02966
0.438811
0.570626
2.10261
0.948641
0.49229
0.656514
0.363018
1.85288
0.341629
0.22344
0.640526
0.531434
0.797452
1.33291
0.396627
0.931466
0.725739
0.631431
0.315036
0.892514
0.159085
1.24898
0.523655
0.126325
0.393607
0.753258
0.399491
0.291734
0.55788
0.41856
0.416417
1.82673
0.461468
0.357038
0.20165
1.04452
0.723167
1.55454
1.4363
1.15026
0.812437
0.906573
0.626795
1.73931
1.08111
1.42343
0.102081
0.131596
0.26331
0.93667
0.628421
1.15469
0.202354
0.942317
1.11389
1.53419
0.770042
1.77629
2.36846
1.34834
0.673023
0.708521
1.67722
1.38161
1.40663
0.951742
1.91423
1.13559
2.67681
0.50497
1.01957
0.674405
1.02089
1.98399
2.06495
0.663377
0.854356
0.960925
1.83527
0.446794
0.756191
0.900724
0.865582
0.718959
0.936718
1.31137
0.889322
0.492204
0.130567
0.334594
0.306368
0.106543
0.569279
0.525347
0.504846
1.22339
0.940558
0.724872
1.11232
0.893449
0.304166
0.294847
0.481121
0.793395
2.47195
0.549817
1.45722
0.632909
0.789164
0.32557
1.23416
1.49283
1.30764
0.592687
1.86492
0.628625
1.38398
3.63092
0.417633
1.14948
0.204682
0.265128
1.56934
1.69939
1.04288
0.510051
0.453485
1.56017
1.47407
0.403766
0.838543
1.37156
0.333649
0.6439
0.911411
2.29763
1.87725
0.900473
0.629686
0.583272
2.12367
0.329432
0.998566
0.805285
1.38869
0.343499
0.384328
0.27096
2.22268
1.20966
2.57933
0.342245
0.958299
0.336307
2.78524
1.67484
2.26879
0.956462
2.09116
0.642926
0.558611
0.424924
0.261611
0.613078
0.481712
1.42652
0.317576
2.53306
1.33841
2.39662
1.57231
0.72882
1.46722
0.77663
0.873086
0.380255
0.317085
0.816063
0.45637
0.246646
1.07746
1.35665
0.436179
0.365352
1.9513
0.919244
0.923129
0.477046
0.685058
1.77485
0.300069
1.11613
0.141153
0.71338
1.14734
1.28136
0.727389
0.914279
2.75717
0.805928
0.523563
0.183236
0.860336
0.369527
3.24056
0.720131
0.620015
0.289399
1.22816
0.505952
0.539785
2.19388
0.676672
0.923344
2.02486
0.147975
0.0773616
0.374646
2.25362
0.617915
0.30657
0.209662
1.35918
2.23302
1.92608
0.498052
1.08408
0.142818
1.01467
0.687768
0.950698
0.590217
1.62344
0.494084
0.805928
0.288225
0.367057
0.224191
1.31986
0.236737
0.633754
1.86213
0.629241
2.32188
1.03805
0.496487
0.528619
0.959922
0.497077
0.606398
1.11425
1.3411
1.06879
0.437584
0.377896
0.541187
0.618033
0.25093
0.595491
1.17188
0.29214
0.80635
0.105132
1.31612
0.932206
1.67296
1.48456
0.227429
1.09875
2.12001
1.56798
1.2816
0.416474
0.430807
0.944654
1.0091
0.937281
0.812744
0.648192
1.12593
1.01771
1.18224
1.68979
0.235839
1.16776
0.639805
1.08137
0.502168
0.297067
2.24047
0.812636
2.63751
0.359166
0.807525
0.253503
1.55585
1.51938
0.139077
0.876419
0.724098
0.682983
0.193338
1.3461
0.0763238
1.23413
0.662991
0.785353
0.637449
1.0994
1.10729
0.618217
0.828148
0.839752
0.672386
0.660377
2.73234
1.53283
0.606818
1.4821
0.145705
0.866094
0.962363
2.33168
0.0499943
0.448822
0.0734462
0.345658
0.619951
0.161083
0.698261
0.291511
0.0820221
0.930283
0.178406
0.358081
0.182818
1.71226
1.10942
0.344958
0.499395
0.391484
0.75218
0.614254
0.719371
0.718853
1.22038
0.367796
0.44433
0.490853
0.663327
0.507773
2.38685
1.22422
1.06267
0.802814
0.948236
0.824811
1.11533
1.08383
0.810319
0.603523
1.52788
0.421488
1.43155
1.71847
1.63474
1.21795
1.33575
0.719688
2.14143
0.0924906
0.249519
3.54121
0.409174
2.79542
0.588797
0.966467
0.467476
0.827596
1.60989
1.66233
1.00715
0.469196
0.590318
1.82415
0.877617
1.55841
0.0949385
0.244467
1.25139
1.55312
0.595454
0.261254
1.50125
1.05664
2.35562
2.95736
0.908152
2.04936
2.46935
0.981633
2.06251
1.15602
0.12632
1.05153
0.765481
0.496267
0.355161
2.02181
1.54865
0.550035
2.20531
0.6473
0.347426
0.205187
0.418843
0.500585
0.359225
0.438766
1.09771
2.27371
1.45579
1.38767
0.257446
1.1127
1.46614
0.158453
2.29294
0.84291
1.13422
0.926585
1.71716
0.165266
1.52861
1.81483
1.0348
0.924547
0.419878
0.323531
1.9621
0.585393
0.548291
1.04445
1.32426
1.21499
1.05833
0.931012
0.470571
2.08061
0.468546
1.44372
0.0489709
1.0891
0.891502
0.681966
1.44282
0.456577
1.0787
0.410636
0.680367
1.92895
0.459037
1.33974
1.41842
1.56367
1.33548
1.98269
0.786304
2.27444
1.22905
0.449896
0.730315
1.19936
0.941674
1.50204
0.320523
0.967008
0.777082
0.749621
1.49195
0.981405
0.905297
0.712797
0.799448
0.776648
0.869389
0.940771
0.873166
0.679446
0.388507
0.13943
1.34254
0.513124
1.94999
2.88941
1.67847
1.10063
0.554409
0.446678
0.509676
2.57485
0.960185
0.606914
1.35137
2.06423
0.799847
1.26547
2.02807
1.09142
0.823499
1.3737
2.92914
0.99372
1.10552
0.195704
0.63821
2.27334
0.848819
0.73115
1.3061
1.42531
0.934489
0.635804
0.50355
0.575339
4.39819
0.304468
0.29216
0.936592
0.383217
0.429388
0.769445
0.794289
1.39743
0.497885
0.555535
2.25412
0.150478
0.726172
0.482517
0.763791
0.36462
0.195503
0.813535
2.09556
1.21341
1.51249
1.84994
2.53381
0.547332
2.49028
0.31893
0.212313
0.473756
0.39064
1.0176
2.20968
1.00247
3.94713
1.28655
0.730815
1.0029
0.589164
1.21657
1.00227
0.917593
1.65582
1.33652
0.0725698
1.00247
1.22484
0.259612
0.881175
3.27002
0.262895
1.18792
0.633813
1.62986
0.383733
0.366303
0.667433
1.31133
0.662921
0.450577
0.687675
0.709838
1.48483
1.02328
0.306267
1.09372
0.785834
0.554071
0.176337
0.320764
3.90859
0.470237
0.862818
0.897941
1.34484
0.438588
0.879033
0.401852
1.47788
0.384238
0.638617
1.67197
1.02331
0.667628
1.74181
1.23888
0.92974
1.5167
0.846619
2.08389
0.719614
1.31105
0.29258
0.857785
1.45593
1.92997
0.306176
1.54683
1.13903
0.11663
1.55793
0.538842
0.309948
1.03746
0.82034
1.17686
1.35568
0.389309
0.73528
1.3375
0.449307
1.09624
0.598517
0.347715
1.57476
0.509687
0.33405
0.693168
0.449167
0.746053
2.62615
2.60099
1.0123
0.670268
0.559024
0.868045
3.03245
0.77984
2.17942
0.253424
0.737051
0.329061
0.52475
1.09576
0.273562
1.14861
0.211577
0.293153
1.16493
0.319598
0.840062
1.21225
1.6615
2.115
1.7482
1.02935
0.202635
0.806951
0.216325
0.435278
1.29463
0.336004
1.92248
0.646735
1.46563
2.0751
2.53083
0.524923
1.70865
0.170325
1.1541
0.195929
0.571416
0.7171
0.180422
1.39524
0.859101
1.65912
1.36149
0.835294
0.908871
1.32533
0.206621
0.50048
0.111519
0.310536
1.12162
0.375134
0.867045
0.343521
0.124722
1.47326
1.18206
0.61756
0.791472
1.92633
0.967705
1.34941
2.05735
0.134605
1.49294
1.31051
0.707387
2.24452
1.84246
0.714743
1.39
0.289024
1.03217
0.542115
0.631569
0.636649
0.269582
0.503254
2.61603
0.391046
2.3828
0.554503
1.76792
1.34761
0.745938
0.781228
0.436998
0.610447
1.80403
0.805059
0.158858
0.209332
0.615904
0.967938
0.462298
0.0976446
0.62699
0.995345
0.763282
1.52382
1.05726
3.34713
0.169014
0.891951
1.08283
0.288229
1.76566
0.958521
1.00566
2.67693
1.52993
0.257031
1.44383
0.168373
1.4464
0.492065
0.348867
1.12374
0.712855
0.587045
1.05481
0.531923
0.825212
0.880393
1.22793
0.438835
0.343362
0.934137
2.08611
0.238436
1.08789
0.646726
0.511143
0.593096
0.395188
0.545874
1.13828
1.25819
2.19996
0.32629
1.85507
1.35319
0.2852
0.734668
0.565957
0.120207
0.489798
0.890075
0.662755
1.87768
1.3707
0.12056
0.879325
0.341921
0.657563
1.61566
1.40219
0.775256
0.92938
1.26937
0.806777
0.838917
0.632772
0.59056
0.60984
2.38947
1.58941
3.05618
0.926753
0.531702
0.122669
0.686986
2.36213
0.84836
1.30063
0.402751
0.515094
0.208632
0.722034
1.34503
1.62928
1.11403
1.48041
0.259636
0.875255
2.3199
0.622704
0.267768
0.885288
1.82942
0.584141
2.22563
0.167309
2.21676
1.2786
0.914311
1.33113
1.25991
1.61109
2.16178
2.42606
1.74159
2.0254
0.557744
0.386792
1.2185
1.34054
0.636832
0.969636
1.48968
0.541487
0.44728
1.98923
0.569921
1.54004
0.471869
0.334402
0.777357
2.55466
1.09094
0.798588
1.73347
0.252315
1.69914
0.590063
0.651184
0.449791
1.8338
2.06755
1.47303
2.30895
0.0675902
2.12649
1.84423
0.215049
0.699794
1.06462
2.97375
0.867595
1.86985
0.218184
0.226647
0.596298
1.10998
0.969717
1.85891
1.15016
2.43357
0.475279
0.862517
0.548626
1.34569
1.22495
0.69379
0.705517
3.6454
0.022929
1.31131
0.199701
1.25823
0.375749
1.58583
0.678794
0.611171
0.790754
0.339517
0.802003
1.70552
1.44214
0.343536
0.152337
1.74125
1.09395
0.596625
0.413911
1.47436
0.763797
0.337216
1.33167
0.518015
0.491435
1.10923
1.14762
0.458122
1.95423
1.01059
0.842234
0.160827
1.39924
1.51252
1.10596
1.71965
0.251988
1.0361
2.40683
0.486743
0.0473201
1.45796
1.18692
0.273286
0.353729
0.723848
1.23795
1.22199
0.337266
1.2551
0.234292
1.19782
0.740008
0.369164
1.65622
2.22365
0.237226
0.633746
2.37785
0.255856
0.78662
0.23671
1.57702
1.51538
1.20046
1.01959
0.425702
0.470661
0.615295
1.8444
0.807623
1.27439
2.56798
2.0552
0.624986
0.8543
0.703392
0.977602
1.0552
0.192778
0.502092
0.411774
0.69924
1.23185
0.908796
1.86519
0.648887
0.672988
0.260026
2.71862
0.287354
1.02098
0.759893
0.611114
0.891669
0.855386
1.03023
1.39593
0.101579
0.538475
1.16918
1.31976
0.24368
1.07536
0.477844
0.677477
0.54153
1.29298
0.81221
0.714036
0.52867
1.92428
1.22177
0.684697
0.327213
0.482344
1.86501
0.749767
0.594947
0.907939
0.987558
0.21836
0.0839095
0.256677
1.47003
2.51841
1.14989
1.46833
1.8908
1.99111
1.35951
0.552827
0.205896
0.578744
1.26579
1.14583
0.335438
0.822098
1.73099
1.49857
1.11901
1.30719
0.553848
0.878373
1.34948
0.759604
0.311988
0.123225
3.65863
0.188978
1.74194
1.14348
0.934063
0.781566
0.257201
0.390351
1.30016
0.815968
1.39873
0.697154
1.81004
0.610366
0.388675
1.03833
0.0981145
1.26674
1.19192
1.51335
0.578218
1.16614
0.909434
0.568838
0.333113
0.681268
0.927685
1.32828
0.540712
0.394604
0.175268
0.258005
0.550145
0.745949
2.15808
0.183228
0.999828
1.83839
1.21743
0.750124
0.403668
1.65859
0.198186
0.319226
0.41951
1.47011
0.265651
1.20257
0.335669
1.65058
0.99695
0.567204
1.42792
0.606753
3.40109
0.214505
2.02599
0.802419
1.24103
0.979091
2.49831
1.46508
0.715874
0.390498
1.06998
2.44257
1.58392
0.738184
0.94502
1.39042
0.469672
0.740671
0.466007
1.14545
0.468725
2.13961
0.690101
2.05462
0.440178
1.31504
0.663827
1.76035
2.54187
0.221051
0.283628
0.386518
0.792461
1.2221
1.22844
0.983931
2.04379
1.00771
0.103431
0.959724
0.275924
1.07331
0.617138
1.35336
1.00487
1.27834
0.0302083
1.13
0.601124
0.826757
0.398242
0.25103
0.614564
1.1183
2.34445
0.731142
0.792365
0.688233
0.235682
1.77345
2.00298
0.833167
1.4875
1.19698
0.895267
2.4491
0.991099
1.58561
0.72452
0.344641
0.943035
1.59237
0.215952
0.75135
0.599051
0.83841
0.439837
1.49468
0.733789
1.747
0.4075
1.16335
0.2062
2.0679
1.35289
0.134287
0.874129
1.55863
2.97461
1.17274
2.26093
0.392751
1.38947
1.999
2.17221
0.593174
0.537998
0.22029
1.03841
0.612951
1.36509
1.72727
0.493555
0.878707
2.86237
0.409912
0.713675
2.29739
1.37885
1.11761
0.792035
1.85216
0.881406
1.66156
1.37551
1.82136
0.79536
1.36708
0.412184
1.57823
0.275122
0.5608
1.18216
0.220352
0.622864
0.226137
0.798447
0.199217
0.691542
0.658564
0.956865
0.554994
0.715192
0.747162
1.15185
0.514005
0.515028
0.609078
1.16657
1.12128
1.75007
0.0729032
0.837183
0.690361
0.693639
0.345983
1.87917
0.445259
0.856125
1.25583
1.02968
0.792967
2.17808
0.948808
0.239624
0.736759
0.267028
1.02647
0.79777
2.82614
1.21251
3.5616
1.04158
0.594042
0.193029
0.583852
0.149673
0.392433
0.215467
0.515119
0.571168
0.892062
2.05304
2.15512
0.52201
0.250059
0.545533
0.320176
1.35611
0.407269
0.358726
0.679198
1.21075
1.50652
2.22731
0.542206
0.554064
0.840656
0.292207
0.801591
0.787927
0.155715
1.00253
1.09744
1.4593
0.944454
0.469603
1.56088
0.154878
3.28359
0.227941
0.653548
0.75418
2.24497
0.943325
0.421513
0.746247
1.03884
0.202098
0.596756
2.63147
0.821031
0.497368
0.441854
1.17779
1.39073
3.46701
0.748945
1.00904
0.173032
0.283381
0.0297749
1.00008
0.0930799
0.535849
1.05472
2.11008
0.409215
1.0589
1.87714
0.155688
0.839134
0.90386
1.65628
0.37415
1.1875
0.444078
0.727037
0.990269
1.36731
1.38395
2.17071
1.1741
0.179329
0.381445
0.443575
1.08342
0.774824
0.977283
2.0403
1.32281
1.47897
0.93849
0.677346
0.801461
1.4316
0.377191
1.67167
0.149075
0.723318
0.346707
1.98556
0.502739
1.58287
0.777625
3.00185
0.802595
1.23635
0.159396
1.4083
0.8526
0.892829
0.576939
0.985996
0.871466
0.331321
3.25815
1.06136
0.642127
0.823178
2.32729
0.448168
0.673155
0.760139
0.159197
2.49358
1.087
0.86719
1.92368
2.20727
0.276086
1.53307
0.410629
0.884401
1.10005
0.478029
0.642948
2.04794
0.44823
0.133293
0.747279
0.822148
0.272112
0.968383
2.61078
0.453937
0.545334
0.473929
0.445164
0.354284
2.05089
2.44313
0.698953
0.513737
0.200388
0.681734
1.34609
0.437038
0.145441
2.06724
0.215582
0.377502
1.85278
1.60676
0.221576
0.507806
0.547936
1.28138
0.630738
0.60215
0.53125
1.82074
1.09125
0.73264
2.17759
0.939182
1.76652
1.40927
2.09594
0.556026
1.69529
0.120543
0.267693
0.970914
0.463843
1.87077
1.54815
0.297445
0.784005
0.5033
0.918975
1.34254
0.217296
0.148537
2.28058
0.111591
1.53484
1.0117
2.99776
1.6554
0.24307
1.98401
0.618719
1.18401
0.453607
0.136449
0.71338
0.257619
1.01642
1.0735
0.443393
1.75061
1.16258
2.40758
0.581559
0.762551
0.365671
0.546469
0.993612
0.769297
0.234204
0.532071
1.6822
0.762528
0.181588
1.17811
0.274063
0.137902
0.974892
0.506146
0.282521
0.110398
0.470898
0.430826
1.64684
1.67172
1.63119
0.0853675
0.929601
0.221986
0.807523
0.758055
2.66023
0.228386
1.04242
1.59457
2.45741
0.134544
2.0991
0.642179
1.62893
1.42642
1.64445
0.859219
0.758151
1.48106
0.928472
1.5051
1.79686
1.23468
2.44151
1.59074
0.58094
1.50565
1.00374
0.784921
0.86984
0.782482
1.01083
1.18979
0.274425
0.702032
0.411633
0.177429
0.634036
0.859445
0.35441
0.308647
0.0521663
0.45736
0.860039
1.02082
0.697732
0.734473
1.02261
0.803778
2.12671
1.76726
1.37484
4.49081
0.220958
0.429928
0.750428
0.464745
0.491225
0.338002
1.74782
1.03105
0.473617
0.525376
0.457778
0.569927
0.818139
1.81828
0.872647
0.389827
1.38289
0.64394
0.889875
1.07328
0.613076
0.390787
0.835562
0.775725
0.947432
0.105419
0.443384
0.331997
1.75497
0.228899
0.789882
0.480093
0.813022
0.721425
0.541587
1.05909
0.879984
0.250929
1.35997
1.05158
0.0997622
0.807688
1.23885
2.50871
0.253916
1.3906
1.16848
1.8232
1.6312
0.575943
3.1353
0.898567
0.833115
2.17566
1.02421
0.859605
0.803971
0.655771
1.7267
0.907963
1.66884
1.78172
1.10664
1.02545
1.01267
0.650948
0.334341
0.914173
0.351627
0.780746
1.69568
1.29511
0.594593
1.21046
0.632446
2.068
1.83657
0.188305
0.985301
1.06053
0.117859
0.39009
1.09218
0.715695
1.51623
0.0777805
0.861094
1.20776
0.634345
0.874789
0.623042
2.52843
0.315479
0.938317
0.22
0.5433
1.64125
0.450399
0.969259
0.255885
0.85353
1.94138
0.596061
0.610274
0.726144
0.657658
0.754044
1.97536
0.784649
0.213763
1.01269
0.396943
0.39614
0.335585
0.814653
1.64518
0.424122
0.721596
1.95251
0.444712
1.22095
1.29212
2.3001
0.595614
2.30191
1.25717
0.395607
0.713022
1.11967
0.349352
0.905399
0.843097
0.973694
0.635072
1.49938
0.671836
2.06754
1.13432
0.196932
1.07058
1.31569
0.981169
0.840129
0.642058
1.09162
0.477974
1.11802
0.467115
1.189
1.02034
0.966911
0.614613
0.97052
1.08674
1.11615
1.13262
0.130663
1.03758
1.46874
2.15008
1.18036
2.27662
0.875233
2.0666
0.464504
0.619061
0.915622
0.761448
3.23492
1.45238
0.86345
1.19938
0.829244
0.0793619
0.440065
0.442555
0.225344
0.810893
2.63087
1.44985
1.99648
0.168846
2.37145
1.10621
0.369403
0.0589969
0.487288
1.25996
0.586072
0.290509
2.04493
1.20483
3.59648
1.00514
0.724896
0.732939
0.124459
1.32482
0.217389
1.78381
0.805241
0.725526
0.650539
0.561523
2.19855
0.580572
1.40809
0.836023
0.526884
0.688715
1.34251
0.25518
0.0364377
0.876854
0.896364
0.410322
0.631211
0.689095
2.46822
1.05914
0.977013
0.755603
0.168123
0.752638
2.64851
0.458317
0.568011
2.01596
0.70535
0.755277
1.77578
0.853451
0.621869
0.522142
1.35659
1.55426
0.21484
1.38975
0.837113
0.922906
0.771099
0.638164
1.07435
1.98414
0.538919
0.358979
1.49387
1.88109
0.863041
0.790071
0.44098
0.730887
1.21704
1.35968
1.959
1.33551
0.204468
0.893553
1.59963
1.24292
1.25346
0.565009
3.5501
1.78045
1.96055
1.72614
0.227479
0.556329
2.30935
0.326357
2.62334
0.155554
3.87882
0.392621
0.743168
0.770956
0.496177
1.9454
0.804989
1.20346
0.575862
1.07488
0.738917
0.330034
0.551143
0.239593
1.61463
0.934094
0.221214
1.19808
1.98697
1.55197
0.765916
1.0062
0.401768
1.48687
0.941839
0.705061
0.813173
0.362898
0.534785
0.191002
0.822442
1.44357
0.329608
0.230185
1.53058
0.380797
0.430337
0.401625
1.33286
0.761196
0.877703
2.27173
0.410863
2.39582
0.977365
0.820596
0.567713
1.68431
1.30079
0.556892
1.9789
0.159535
0.811835
0.542621
0.0400886
0.958049
3.1938
0.826527
0.625364
1.85689
0.721355
0.543582
2.07335
0.588722
0.475517
0.45507
1.24468
0.828375
0.280797
0.5365
0.268238
0.494475
0.928319
0.937462
0.670461
0.612728
0.6088
0.296727
0.454925
1.14363
0.184454
1.01183
1.49923
0.90397
0.584966
0.425361
0.111793
0.341785
0.708454
2.06077
0.989024
0.563646
1.86603
0.593189
0.681356
0.123456
0.261474
1.66747
0.444026
0.454032
0.86934
0.136499
0.0888038
2.71728
0.431022
1.00114
1.44759
1.42342
2.19319
0.552593
0.973777
1.50762
0.433149
0.171417
1.3715
0.47406
0.766815
1.32368
0.623443
1.18187
0.133082
0.88088
1.35645
0.667751
0.200707
0.951826
2.02073
1.49005
0.683112
0.479826
0.663674
1.2251
0.55681
0.860055
1.29047
1.98412
1.64804
1.28672
1.76061
2.45561
0.709509
0.715394
2.53879
1.96082
1.67278
1.17501
0.562109
0.149745
1.33682
0.403335
0.679529
1.56513
2.11649
1.6105
0.923767
0.786328
1.27798
1.64748
2.01718
0.236111
1.94008
0.73373
0.700944
2.83775
0.690849
2.37742
0.56743
3.93408
2.41482
0.667401
1.30347
1.74845
1.89362
0.860673
0.88457
1.12372
1.72079
2.97787
2.63728
0.917522
1.79461
1.90603
0.364184
3.57198
0.518691
1.22023
1.09421
0.856004
0.929066
0.971939
0.528978
1.71167
1.4557
0.457102
0.646702
0.780046
0.404465
0.745916
0.656819
0.789833
2.02237
0.559907
2.11803
1.36117
0.790692
2.14459
0.727808
0.691193
0.507797
0.119509
0.358569
2.04095
1.04819
0.862387
0.184235
0.467679
0.697104
0.53331
1.55491
1.47973
0.666807
1.8903
0.847276
0.818091
1.12713
0.516164
1.09734
1.19786
0.1195
0.37004
3.38828
1.13366
1.32493
1.21402
1.90394
0.123875
0.706694
0.640937
0.539247
0.283571
0.839929
1.50306
2.38508
0.348803
1.54042
0.873483
3.10837
0.520537
1.54417
1.07203
1.41083
0.424489
1.48306
0.40758
0.346445
1.00342
0.984227
1.52474
0.511456
0.601986
0.816714
1.79108
0.313359
0.319767
1.77705
1.58573
1.3235
0.0982181
2.29949
1.39246
0.98756
0.17393
1.62062
1.13369
0.312004
0.132389
0.13026
1.13604
0.578505
1.31964
1.42575
0.235797
0.774253
0.301026
1.91779
0.675082
1.67213
0.81946
1.96112
0.688504
1.36134
0.774673
1.46162
0.0682015
0.674978
2.13857
1.54868
0.547424
2.82779
0.524842
3.40546
0.855209
0.716866
0.463495
0.795966
0.442939
0.416947
1.25609
0.519868
1.04238
0.853916
0.307394
0.422585
0.820944
0.596399
1.40758
0.898786
1.71189
0.171329
0.386389
0.241019
0.403939
2.00198
0.87592
1.39116
1.00722
0.723732
0.293173
1.1349
0.216892
1.96695
2.26728
0.575082
0.856142
2.54403
0.540755
1.10361
1.00969
0.157514
1.89461
0.378169
1.61816
1.7342
1.17353
0.282997
0.834605
0.297527
0.287712
1.53
1.6995
2.77679
0.627764
1.34377
0.323726
1.89496
0.965157
1.35545
2.2941
0.35433
0.213231
0.844761
0.187258
0.961521
1.6562
0.707944
1.09147
0.577342
2.2855
1.57362
0.16568
0.877574
1.90981
0.975047
2.37123
0.314433
0.30123
0.332175
0.688732
2.63992
0.94074
0.226614
0.391503
0.565229
1.1647
0.213976
1.74197
0.034396
0.917624
0.437106
1.64251
0.763643
0.970662
0.29346
1.08697
0.568455
0.392105
0.250733
1.89993
0.422148
0.461652
0.626349
0.246249
0.801212
1.784
1.64815
0.891638
0.347142
0.672721
0.619176
0.393605
1.8883
2.4807
0.65112
0.621602
0.932909
2.16607
0.264101
1.87318
1.07433
1.85391
1.3661
0.860577
0.727633
0.365937
0.722686
0.282714
0.544997
0.193962
0.730274
0.184852
1.3624
1.88236
0.499519
1.08446
0.757245
0.424335
1.35672
1.31999
1.62787
0.452709
1.17947
0.494997
2.5489
1.13078
1.32707
0.239575
0.338464
1.19736
1.17324
1.93766
1.23362
0.597862
0.320803
0.570882
0.506099
0.876474
0.935244
1.28616
0.566215
0.900115
3.20531
1.23195
0.735295
0.355878
0.487334
1.07388
0.46916
0.850797
0.77243
0.52635
0.876767
1.04252
0.236701
2.24184
0.48168
0.910194
1.63125
1.19051
2.82903
0.173429
1.04941
3.39602
0.855731
0.326002
0.60984
1.33962
0.502084
0.825788
0.837366
0.685362
0.567541
1.33235
0.726102
1.32492
0.268391
0.263806
2.00425
1.10425
0.712997
0.809959
0.569094
0.953854
0.74401
2.37227
0.699858
1.18554
1.05354
1.07179
0.211439
1.24367
0.333497
0.846391
1.31535
0.982473
3.18679
0.2482
1.42224
0.665388
0.514593
0.83499
0.53885
0.554456
1.24125
0.832744
0.415182
0.790619
0.764369
0.577594
0.345
0.53459
0.835643
0.0634831
1.55656
0.0977876
0.371756
0.750507
0.393241
1.75207
0.397866
1.83639
0.0671946
0.183686
0.791494
0.410696
0.294793
2.37735
1.81606
0.992549
0.752981
1.22221
1.01196
0.16079
0.873219
2.42897
0.400431
1.12965
1.91654
1.16979
0.700153
1.84998
0.306974
0.573571
1.14359
0.901527
1.22135
1.54916
0.831049
1.37175
1.85581
3.30172
1.29364
1.76145
0.105118
0.817186
0.490186
0.459229
0.230474
1.30755
1.19948
2.09538
1.29499
0.442705
1.41477
1.90094
0.559192
0.243914
1.24205
0.132875
0.990515
1.37533
0.547798
0.526809
0.681392
0.605701
0.568418
2.27961
0.610992
1.29102
0.991925
0.292411
0.73355
0.611155
0.676387
0.378326
0.387441
0.266941
1.47712
0.557801
0.868639
0.305002
2.06918
2.82303
0.404696
0.548512
0.136401
0.592862
0.821867
0.812496
0.911653
0.206907
2.02154
0.951917
0.169114
0.331017
2.08252
1.13201
0.834793
1.84199
0.585028
1.38279
0.448478
0.626337
1.67978
0.305769
1.06457
2.20109
0.359008
1.2059
0.97619
0.805089
0.174129
0.650102
1.38292
1.00295
1.48778
0.862279
0.182368
0.796478
0.459039
0.607675
0.641946
0.958563
1.63709
0.629049
0.519613
0.260794
0.831306
0.345905
1.47562
0.525114
0.584252
1.08315
2.49608
0.361881
1.63735
0.248353
1.02185
1.34255
0.460029
1.26553
0.652417
1.52702
1.40744
1.58338
1.18707
1.41845
0.934101
0.991457
1.65288
0.112362
1.2535
0.517295
0.794322
1.64326
0.543873
1.52751
0.681259
0.844135
2.66231
2.15251
0.25356
1.00751
1.28547
0.353042
1.0039
0.697097
1.29613
2.82127
0.108392
0.828076
0.750998
1.68235
4.26281
0.315908
0.357836
0.81083
2.60535
0.431087
2.21739
0.545489
2.08622
1.07143
2.84244
0.588782
1.30946
0.215687
0.248535
0.842309
2.14124
2.41324
0.729958
0.277822
0.559413
0.23863
0.74497
0.586777
0.309519
1.46254
1.43427
2.74042
0.346315
0.973774
0.773765
0.932949
0.578196
1.61737
0.506492
0.172935
1.08406
1.33866
0.290319
1.13098
1.05911
0.14488
0.9434
1.51291
0.672779
0.725866
0.781649
0.171965
0.453868
1.33301
0.529333
1.38849
0.781159
0.717133
1.33708
0.318408
0.157495
0.412315
1.85235
0.268899
0.507619
1.24427
2.04655
2.32165
0.503739
2.55902
0.965126
1.51091
0.421456
0.347155
0.572294
0.425199
0.144257
1.2259
0.841262
1.86911
1.08244
2.25918
0.184762
2.48857
1.03005
0.856061
0.82223
1.70286
0.784228
1.26096
0.241089
0.665915
1.2359
0.940241
0.394015
0.543909
1.12017
0.663454
0.710453
0.485982
1.40257
0.686315
0.76404
0.34903
0.35627
1.69191
0.84659
0.0619954
1.38376
1.76837
1.25154
1.2203
1.26904
0.400653
0.771035
1.45511
1.05305
0.6308
2.67138
0.284179
0.834456
0.300442
0.269352
0.317439
0.166055
0.308723
0.821255
1.32143
1.22517
1.76931
1.68735
2.3917
0.351514
0.132767
0.620245
0.456789
0.832902
0.336771
0.743278
0.906858
1.3783
0.484955
0.594348
0.720903
0.581418
0.433938
0.994058
0.363184
0.561176
3.03589
1.01186
0.634031
0.637668
1.27159
2.29213
0.662324
1.16565
0.716506
0.308133
0.636075
1.14569
1.82388
0.628198
1.12407
0.818586
1.07854
1.09775
1.02439
0.524607
0.455515
1.18133
0.978484
0.833487
2.01238
1.64054
0.585411
0.751091
1.3286
3.5585
0.973889
0.305185
0.351284
2.36509
1.62382
0.928998
0.67573
0.605693
0.264629
0.729402
0.613032
0.663223
2.46032
0.833808
0.952179
0.179808
0.950035
0.84829
0.827052
0.683981
0.0354085
1.12959
1.10906
0.737811
0.357835
0.799122
0.775256
0.53863
0.248981
1.16287
0.39704
1.98122
0.519961
0.29294
0.407699
1.23403
0.726488
0.435951
1.36573
2.02384
0.790399
0.86826
1.85705
0.250616
1.10769
1.38367
0.952337
1.0008
0.151957
0.495696
0.484968
0.742359
0.113478
0.60458
0.606961
0.427059
1.13273
1.44508
0.77922
0.521141
1.19546
1.79749
0.876769
1.25148
0.743154
0.925117
1.04529
1.91359
1.11013
0.759258
0.202174
0.148527
0.567664
0.434943
0.574069
1.65436
0.480928
0.52373
1.6325
0.50861
1.2088
0.859278
1.31626
0.623459
0.111142
1.97916
1.27484
0.136606
0.254092
3.4991
1.86205
1.07491
0.954872
0.164858
0.650994
1.2136
0.650389
0.728401
0.74969
2.63792
1.18828
0.895838
2.32691
1.35505
1.3306
1.3441
0.434054
2.36659
1.50485
0.201296
0.467185
0.668395
1.03009
0.12972
2.03232
1.71075
1.52058
0.997691
0.281613
0.245823
0.150606
0.426877
1.16112
1.03621
0.312275
0.940103
0.366348
0.753187
1.41534
1.9818
1.04976
0.95231
1.1754
1.31805
0.852409
2.52449
0.352449
1.01092
1.23264
1.22609
0.298453
0.852751
2.77626
0.688424
1.12832
3.28796
1.59534
1.56553
0.0441082
0.403598
0.808232
0.237327
0.759966
0.870339
0.467371
0.431141
0.145951
0.741596
0.751884
0.68087
0.707804
0.627119
0.411969
0.39844
0.919744
0.680022
0.99434
0.870261
1.07717
0.866238
1.25319
0.815408
0.736928
1.15852
0.503137
0.928749
0.493231
2.01843
2.52954
0.601834
0.780365
0.16414
0.727959
0.697856
0.563742
0.620938
1.72929
0.638278
1.53157
2.37968
0.354542
0.246415
1.04264
0.919757
1.23584
0.329879
0.984129
1.68314
2.42365
0.352615
0.266567
2.86357
0.122087
2.37095
0.854725
0.928751
0.600894
0.650143
0.723227
0.6603
2.53925
0.942061
0.300579
2.58601
0.641424
0.0668251
0.924155
0.835133
0.839835
2.63551
1.42589
1.24505
0.178397
0.543927
0.750915
0.762119
0.311059
0.157845
2.00032
0.0377634
0.370136
0.918153
0.471529
1.03625
0.886085
0.267138
0.626958
0.965381
1.35405
1.0841
1.57097
2.82821
0.155815
1.51848
1.20066
1.25378
1.58108
1.12707
3.26694
0.926808
0.997285
0.520457
1.28168
1.53665
1.3979
1.4019
2.11566
1.2578
1.47799
1.45615
0.673783
0.680414
2.45643
1.02081
0.977557
0.779278
0.866081
1.8939
1.72559
0.340545
1.82958
0.398204
0.177814
0.562349
1.6234
0.492916
1.31754
0.350551
0.793456
0.204983
0.913006
1.61915
2.31513
0.342343
0.248484
1.43346
0.798387
0.641896
0.346976
1.88317
2.07761
1.09349
2.19193
2.93532
0.112436
1.07567
0.450393
0.851541
0.481129
1.68095
0.916647
1.76674
0.535657
0.788903
0.574896
3.83831
0.868415
1.43555
1.42023
1.18237
0.327801
1.47953
0.970634
0.475976
0.444838
1.51781
1.68347
1.68459
0.322153
0.73596
1.80642
0.217489
0.90341
1.19446
1.00813
0.35796
0.653503
1.13938
0.252087
2.16938
0.243539
1.71621
1.00152
2.77458
0.98634
0.811782
0.995271
0.352564
0.306529
0.375578
0.754044
0.444399
0.640204
0.390073
1.16767
0.144169
0.909511
0.867115
0.828468
1.23438
0.993662
0.563593
1.89741
0.830358
1.71647
0.825965
0.753734
1.32003
0.647672
1.28795
1.43475
1.36058
1.07206
1.03751
0.932592
0.601067
0.874412
0.262532
1.76044
0.87334
0.254472
0.867321
1.38724
2.14856
0.930737
1.47787
0.884076
2.16657
1.65908
0.41108
1.23878
0.539528
0.931003
0.804968
0.578656
0.736368
1.14081
0.166005
0.655403
1.8182
0.643523
1.14984
0.41657
3.28687
0.463133
1.70724
2.26489
0.950662
1.74191
2.1205
0.805685
5.00512
2.38815
0.161226
1.68621
2.1326
1.09809
0.43776
1.33896
1.68923
3.5904
0.350171
0.18623
0.399757
1.46083
0.68713
1.56875
1.50025
0.802522
0.664443
0.208664
0.620916
1.3991
0.511198
1.69986
0.77867
1.02764
2.24566
0.110629
0.703213
1.62818
0.311156
1.05649
0.522176
0.677444
1.54817
1.57466
0.73137
0.617314
2.29699
1.12192
1.31854
0.530316
1.00729
2.46226
2.55613
0.318479
0.605394
0.682387
0.52725
0.429756
0.65019
1.65805
1.64408
0.618748
0.226049
0.44222
1.37315
0.917321
0.44055
0.852995
0.832406
0.17824
0.379946
0.854074
0.440373
1.58567
1.46099
0.585014
0.166651
0.614077
1.96152
1.10466
1.0639
1.48864
1.12884
0.470102
0.906976
2.13871
0.588416
1.53611
0.558368
0.703328
1.22436
1.1549
0.900466
0.555403
0.719508
0.751041
0.240849
0.597741
1.94346
0.384096
1.55973
0.440761
1.05307
0.906984
1.36449
0.497858
0.593551
0.854044
0.593505
0.877813
1.01279
0.677755
1.93284
0.864312
1.06861
0.716486
0.767862
1.35719
0.307802
0.573159
0.857299
0.388389
0.282212
1.65535
0.620655
0.622964
1.01118
1.13438
0.393554
1.2301
0.977123
1.01819
1.16923
0.82199
0.489348
0.388844
0.318503
1.24878
2.86399
0.810488
0.541732
0.850166
1.92318
0.249834
3.73083
1.6063
2.29049
2.07042
0.772599
1.16544
0.72677
0.205652
1.25296
1.23848
1.15173
0.807304
0.0926097
1.93556
1.30001
1.68321
0.438548
2.958
0.617174
0.860796
4.77142
1.51015
0.405306
0.656158
0.241179
0.753147
1.74396
0.282371
2.85827
0.423546
0.538608
0.809191
1.87305
0.157722
0.54414
0.435066
3.49336
0.996625
1.02906
1.55306
0.265516
0.45855
0.813911
0.662557
0.825029
0.815962
0.443808
1.09611
0.611269
0.923619
1.11751
1.66589
1.6324
0.672274
1.29023
0.89491
1.51018
0.649774
0.987025
0.751945
1.9962
1.88878
1.43502
0.300769
0.599711
0.340047
1.30409
1.50456
0.821143
0.175173
1.76433
1.46595
0.36486
0.414601
1.01276
1.82662
0.408594
0.316515
1.31041
0.341765
1.26969
0.803241
1.00529
0.536709
0.131026
0.342306
0.651892
0.304086
3.05965
1.52078
3.29529
0.31316
0.622399
0.425408
0.415012
1.87586
0.713641
0.369334
0.862665
0.528443
0.432302
0.62936
1.24621
0.27677
0.366603
1.03677
4.30928
1.38077
0.526983
0.842163
0.68239
0.453153
1.61333
1.3441
0.839013
1.67611
2.79181
0.639961
1.43549
1.23974
0.333691
1.61847
1.79163
1.77341
0.844398
1.84833
0.966372
1.77118
0.0714718
1.06354
0.362356
0.50232
0.972475
1.65718
0.784272
1.59863
0.493067
0.94673
0.610315
0.2564
0.910532
1.14814
0.0477836
0.970973
1.8994
2.79665
0.722979
0.671848
0.850954
1.18711
0.358811
0.331734
2.36283
0.3912
4.57604
1.97507
1.19193
1.24788
0.973351
0.560528
0.46339
1.68622
1.11589
1.99189
3.97824
0.559342
0.871264
0.0754767
1.25696
0.706248
1.08773
0.758769
1.59948
1.78816
5.10592
0.458268
0.170919
0.356686
1.14454
2.37739
1.73694
0.375871
2.0276
1.6342
1.51057
1.22771
1.06058
0.509059
0.928883
0.132955
0.244038
0.575934
0.570063
0.370017
2.40638
0.128423
0.792374
1.05546
1.0336
1.48689
1.6786
0.0927238
0.215455
1.09666
1.03917
2.58862
0.749167
0.470568
0.690203
2.41214
1.14962
0.494139
0.79803
0.919395
0.691101
0.795243
1.05798
0.40598
0.78352
0.362221
0.421923
1.28526
1.33634
2.72255
2.43544
0.90673
1.72152
0.919272
0.845803
0.930334
3.84789
1.28849
0.278868
0.56334
0.964628
0.89707
0.577206
0.314851
2.02207
3.23702
0.92589
1.21664
1.08115
0.557394
0.220685
0.727984
0.899495
0.751763
0.376678
1.82568
0.287146
1.67424
3.21671
0.949088
1.08332
1.27662
0.451387
1.08356
0.108424
0.602644
0.514515
1.29553
0.791784
1.64764
0.508999
0.521217
3.12526
0.525372
0.316011
0.647193
0.533266
0.747544
1.27584
0.465152
1.38402
0.490368
0.373175
0.492338
1.57701
0.136174
2.3414
1.01959
1.41216
1.54921
0.223431
1.43731
1.4227
1.86629
0.336961
0.189687
2.13079
0.201541
0.456257
1.87325
0.901448
2.99982
0.234248
1.51041
0.762708
0.60714
1.35019
1.05607
2.27329
0.415423
0.855637
1.3243
0.889173
0.601611
0.51861
1.24348
0.564234
0.409539
1.69593
0.971712
0.561377
1.20518
1.10593
0.0569189
1.03856
0.46074
1.07031
0.468247
0.47279
0.911428
0.970026
0.305979
0.950474
0.559783
0.518251
1.21593
1.09426
0.314596
1.18742
1.10731
0.955361
0.966548
0.516493
0.876626
4.11547
0.89779
1.2429
2.23291
0.876154
1.48643
0.0557273
0.803587
0.438378
1.61086
0.532957
0.453583
1.74309
0.45254
0.865495
1.73478
2.31359
1.96924
1.11
1.17298
1.10357
0.886982
0.499287
0.164065
0.521543
0.17098
0.880928
0.482872
0.518349
0.443389
1.25737
0.0592426
2.10644
1.88178
0.190214
0.734564
1.34652
0.241749
0.34331
0.604156
0.301477
0.720009
0.161554
1.25369
0.60355
0.944209
0.633299
2.07514
0.637492
2.42635
1.54035
0.185988
1.16636
0.56101
0.0296665
0.353234
1.41579
0.679795
0.963518
0.702622
0.433455
0.297985
1.05635
0.941756
0.413756
0.135308
0.712881
0.991988
0.889405
0.621737
1.92373
0.764332
1.15957
0.728695
1.30528
0.414818
0.262147
1.20243
0.696998
1.36529
0.419968
1.1171
0.650698
1.38172
2.17754
0.57769
1.33234
1.09018
2.55427
1.24501
0.744008
0.410141
0.311014
0.769002
0.164964
0.71453
1.2158
0.679051
0.457733
1.25019
1.00976
1.60592
0.982394
0.639632
0.471759
1.61095
2.29343
0.0865174
2.3259
0.825961
0.338423
0.668327
0.687129
1.05573
1.01086
0.719152
1.88352
3.18291
0.41238
0.256784
0.537837
1.34369
0.289573
0.675685
0.703776
0.478759
0.638775
0.74367
0.874948
0.989692
0.870995
0.76247
3.072
0.440425
0.380775
0.761005
0.498498
0.457335
0.56586
0.327247
1.34323
0.250252
0.433811
0.0578699
1.2552
0.50194
1.26426
0.59466
0.87069
0.483051
0.905663
0.438389
2.73529
1.66246
0.891209
1.74211
0.465529
1.28143
0.817539
1.79977
0.605542
1.79047
1.29407
0.156503
1.60619
0.700555
0.961579
1.05749
1.11676
0.873428
0.750788
0.664261
0.967836
3.17866
0.731709
1.0268
0.666892
0.819347
0.289138
1.73659
0.797612
1.01361
0.462113
0.704773
0.226396
0.62079
0.761381
1.67108
1.01419
0.572147
0.948193
3.2188
1.38908
0.586118
0.952651
0.916965
0.955702
0.421759
2.06542
0.619663
1.09824
0.715508
0.608078
0.611981
0.466016
1.52292
2.04433
0.122466
3.15889
0.596499
0.740019
2.11836
0.803805
0.25233
0.64951
0.256444
1.7055
1.72447
0.429201
1.51208
0.345951
0.0637449
0.33865
1.59037
0.0954546
2.06899
1.42317
1.27946
0.598854
0.290927
1.5721
0.275311
0.459627
2.28739
0.928915
0.952119
1.4692
1.24376
0.265386
1.32019
0.205517
0.248001
0.302408
2.06853
1.72148
0.605041
1.90916
1.26913
1.06618
0.939377
1.286
0.943165
0.947848
2.49265
0.798109
1.70598
1.80286
0.505136
0.340174
0.501627
0.22708
1.0939
1.37041
0.425219
0.335658
0.918242
2.21211
2.13198
1.16814
2.18591
0.853498
1.67873
1.41684
0.428916
0.90325
0.173246
0.590113
1.88604
0.481153
0.864237
0.309804
0.401635
0.911238
0.0907181
0.399581
1.1883
1.12383
2.1154
1.06964
1.05297
1.87836
0.335981
0.729078
1.40777
0.351319
2.20456
0.720699
1.95271
0.784145
0.369799
3.22084
1.47116
0.649603
0.362933
1.34313
0.648173
0.0879142
0.374129
0.176103
0.51324
0.754586
1.83125
0.406472
0.267712
0.688521
0.311513
0.243256
0.0117788
0.90584
1.71177
2.54092
1.34264
0.617695
1.39587
0.718705
0.918167
1.43579
0.189316
0.550503
0.444477
1.25693
0.710916
1.49766
0.313529
2.60761
0.348411
0.560994
0.797657
1.16434
0.643987
0.820052
0.476955
0.294554
3.07392
0.215071
0.734194
0.184723
0.898027
1.01079
0.506577
2.26083
0.490334
0.895845
1.59357
0.327526
0.980603
1.04353
2.30127
2.15744
0.0818689
0.752802
0.515554
0.597017
0.555074
0.47897
0.408336
0.902583
1.03827
0.460788
0.110938
0.528555
0.338535
3.75039
2.06124
0.367588
1.87062
0.562038
1.93408
1.60922
1.18063
0.386473
1.05651
0.904414
1.72803
0.99679
1.61579
1.09921
0.506324
1.09528
0.680408
0.75554
1.27827
0.701845
0.789583
0.35926
1.4652
0.616337
2.49642
0.512327
0.885086
1.35565
0.318764
0.56461
0.964434
1.43076
2.08947
0.646928
0.839538
0.5107
1.74923
1.01975
0.239703
0.93862
1.30678
1.09597
1.26006
1.5323
0.584481
1.30816
0.5551
0.606531
0.989515
1.4644
0.440999
0.749915
0.399891
1.40146
0.654211
1.38819
0.140095
0.721943
0.295197
1.05001
1.71378
1.31134
1.24482
3.75971
0.414744
1.63449
0.523173
1.09959
1.09673
0.426942
0.320399
1.28753
0.195903
0.366384
0.925614
0.314868
2.12525
0.37037
0.442758
1.09616
0.425214
0.199784
1.31659
0.261866
0.2132
0.609122
0.53085
0.479988
0.584295
0.109937
1.69984
0.585063
0.725203
0.679281
0.872915
0.96475
0.654908
0.0305139
0.903089
1.71417
0.157651
0.882557
0.906961
1.51751
1.41389
1.2763
1.17905
1.33604
0.779312
1.283
0.676544
0.515608
0.43726
0.80553
1.90472
1.12622
0.0513293
0.53057
2.21673
0.735558
0.599108
1.35069
0.130828
0.615277
0.905087
0.676033
1.98618
1.19884
1.0168
0.327451
2.46944
0.654008
0.980576
0.827132
2.19429
0.212984
0.942907
2.09844
0.0545343
0.476131
0.940904
0.512914
0.427579
0.17428
0.391035
0.396464
0.659309
3.09627
0.461938
0.203342
0.555991
1.21091
0.571643
0.68476
1.79735
2.31613
0.45857
0.755444
0.887843
0.694777
0.822226
0.877484
0.487917
0.264708
0.83549
0.548957
0.844927
1.10897
1.52055
0.5334
2.73983
0.170077
0.871505
1.01068
0.88454
1.19912
0.713805
0.719736
0.565418
1.20111
0.869179
0.827123
0.514801
1.21273
2.70746
1.03918
0.471657
1.33049
0.747745
0.502988
1.13116
0.328354
0.948842
1.99956
0.448909
1.10291
2.52433
0.956383
0.484887
1.26002
0.686995
0.580072
1.37075
1.84249
0.920191
1.76692
0.950735
1.0479
0.978034
0.82888
1.70021
0.21785
0.611454
0.330448
0.481631
0.664204
0.692751
2.04354
2.00461
1.00838
0.828571
1.18735
0.911417
0.938914
0.933013
1.59246
0.463371
1.75038
0.208212
0.915424
0.434652
3.03173
0.748422
0.486574
0.158993
0.812499
3.19069
0.409915
1.67868
0.754706
0.399301
1.33917
0.16921
0.456485
1.23068
2.32797
0.413514
0.132549
0.378852
0.740257
0.841285
0.344919
1.26723
0.674376
0.397707
1.00522
0.207452
0.699666
0.369192
0.66313
1.88366
0.936222
0.15273
3.29262
0.649544
1.00735
0.479112
0.22934
1.1315
0.826979
1.42349
0.574011
0.29069
0.841858
0.392954
0.840502
0.796101
0.700449
0.366085
0.714007
0.682185
1.0837
1.0249
0.601704
0.10016
0.531255
1.54569
2.06826
1.03578
0.376063
1.72806
1.04075
0.853008
0.24798
0.720919
0.793
1.28494
1.23934
1.2114
0.354221
0.802018
2.36654
0.735393
0.448201
1.7515
1.95324
0.824718
0.782629
1.75506
1.36281
1.56505
1.17219
1.63699
0.452568
0.672411
1.58265
1.60986
0.0423405
0.848862
0.47749
1.12508
0.445692
0.781338
0.31672
0.526726
0.843686
1.0756
0.352699
0.839527
0.320019
1.85169
0.619877
0.192936
1.78815
0.747958
0.51621
0.966415
0.405246
0.429448
2.03018
0.647077
1.01937
0.701487
2.39358
0.980042
0.561685
2.31947
0.787715
1.08287
0.278812
0.608506
0.569848
0.794945
0.959256
1.30707
1.50364
1.09268
0.719048
0.201551
0.735797
0.0867744
1.32909
1.36745
1.84803
0.32313
0.701569
0.701844
1.04234
0.827142
0.428965
0.500977
1.42528
0.619386
1.84248
0.700624
0.335299
1.13319
0.355902
0.750387
0.470253
0.59377
0.396194
2.01734
1.74322
0.347477
3.92579
0.386795
0.920552
0.778702
0.527981
0.572866
3.23714
1.2421
0.239454
2.29398
1.32119
0.615932
0.340909
1.37056
1.64121
0.764713
1.79511
1.86648
1.8883
2.21203
0.271167
1.62303
1.97389
1.48887
1.3141
1.45698
1.67139
2.10977
2.12695
0.287882
1.74044
0.297001
0.367016
1.083
1.07045
1.32221
0.441628
0.725443
2.64884
0.749672
0.695832
0.413784
0.87583
0.497736
2.14022
0.359398
1.48781
0.905063
1.4125
0.0817343
2.44787
1.61147
0.22733
0.714531
0.526018
0.104127
1.02271
1.33601
1.17819
0.79676
1.49419
1.69912
1.15817
0.657663
0.224904
0.783559
0.731955
1.25933
1.37208
0.0821171
0.0504126
2.03282
0.919386
0.782964
1.79382
2.01949
0.982925
3.13695
1.04285
1.4708
0.674747
1.72543
0.866465
1.12533
0.771643
0.357939
0.685875
1.11802
0.527275
0.915455
0.669769
1.02269
0.809079
1.1193
1.08421
1.49848
1.14659
0.676963
0.997301
1.43011
0.683348
0.677059
0.342834
0.546023
1.62569
0.806978
0.635596
1.12268
0.683766
0.839032
4.80945
1.08198
2.56863
1.4797
0.45947
1.00606
0.558058
0.597627
1.6469
1.01242
0.241848
1.27018
0.914513
1.44888
0.791797
0.648228
1.03349
1.38352
2.11609
0.248929
0.0301922
1.32724
0.891979
0.440054
3.17949
0.808489
0.687891
0.279154
1.74334
0.491043
0.976856
0.935605
0.47868
0.241164
2.5158
0.358895
1.16994
0.613529
0.560174
0.434894
0.496498
0.192463
0.872139
1.93275
0.45762
1.29962
0.163601
0.923987
0.667349
0.95141
0.509147
0.510674
0.357221
1.07973
2.45851
1.2032
2.09468
0.964716
1.05662
0.254587
0.283301
2.7871
0.723001
1.73087
0.471768
2.02127
0.577487
1.31495
0.651474
1.61281
0.499497
0.848884
0.395219
0.918902
0.615921
1.15825
0.86764
0.510893
1.71387
1.31807
0.809618
0.626386
0.961337
0.688184
0.361163
0.469185
1.28646
0.686296
0.362876
0.4735
2.39345
0.277193
1.56281
1.09134
0.905093
0.311783
0.840111
1.53078
0.639034
0.117253
0.806109
0.352404
0.956947
3.05578
0.144934
2.32496
2.6519
0.844934
1.38707
0.909361
0.314706
0.163586
0.639551
0.808117
1.41691
1.16858
0.874326
0.310508
0.729827
1.64873
2.78429
0.322014
0.735522
0.100456
0.450018
1.04132
0.571859
1.96904
1.01845
0.720701
0.572352
0.732422
0.402758
0.320593
0.518237
2.15122
1.26047
1.85268
0.485069
0.537887
1.40861
0.770549
1.04184
1.63252
2.96089
1.1533
0.261892
0.677716
0.382443
0.945627
1.18772
0.416895
1.92955
1.07852
2.51277
0.646581
0.449762
0.36312
2.21845
1.98414
1.2053
2.04857
0.762068
0.861283
0.474839
1.40776
1.03382
1.61484
1.29516
0.523039
0.12131
0.596968
2.60156
1.03543
0.979802
0.538244
1.35704
0.426965
0.625085
1.00802
1.86948
1.01845
0.516662
0.51977
4.25661
0.299951
0.174434
0.757433
1.38351
0.315765
1.60325
0.524977
0.914737
0.298595
1.13874
0.798222
3.10506
0.855845
1.13184
0.988459
0.670229
3.44262
2.17776
1.32553
0.388134
1.34011
0.16808
0.362682
2.29074
0.520514
0.53474
0.288977
0.374251
0.581622
1.19516
0.834187
2.40338
0.534744
1.04495
0.816706
2.009
0.357763
1.40385
0.412233
0.676126
1.829
1.00291
0.31153
0.284208
2.58683
1.25363
3.07249
0.188507
0.222259
0.672338
0.707443
0.356369
0.650774
1.55684
0.887626
0.34842
1.59976
2.05471
1.10004
0.863105
0.569797
0.216634
0.908778
2.41449
0.937023
0.64585
0.603907
2.16533
0.295087
0.68888
0.43422
0.748115
1.40726
0.762547
0.997644
1.67706
0.78839
0.634237
1.83489
1.48291
0.078337
0.618538
0.794021
0.793873
0.268687
0.107199
0.4984
1.61153
2.06928
1.74916
0.210586
1.39307
0.202715
1.10515
0.157368
2.08915
0.528591
0.237721
1.06328
1.71694
0.289566
0.492296
0.94305
1.641
0.54566
0.781646
2.03421
1.53976
0.982448
1.3488
0.551204
0.443052
1.37682
2.00715
1.83035
0.576389
1.17037
0.427132
0.555454
1.99676
2.34987
0.656893
0.775268
0.436298
1.18897
0.0450069
0.554669
1.32573
1.0868
1.10217
1.40644
0.71972
0.345844
0.116543
1.33793
0.644356
0.160211
1.78816
0.531807
0.597795
0.454162
0.031705
0.704117
0.833373
0.145127
0.557041
0.141472
1.32598
0.762674
0.37127
1.46472
1.25168
0.374553
0.144655
0.292844
0.433148
2.24632
2.24443
0.665666
2.31051
0.986744
1.50521
0.359072
0.499753
0.761157
0.491681
1.37066
0.772861
0.189288
1.07421
0.14936
1.51385
0.31616
2.06373
1.41386
1.12044
1.11901
0.674964
1.72804
2.17732
0.150217
1.24222
1.41246
1.12417
1.01559
0.388498
0.730245
0.441556
0.434093
1.15862
1.2403
2.80651
0.848006
0.539478
1.08817
0.084858
2.97857
1.7207
0.0642311
0.370323
0.260052
0.940522
0.280633
0.636004
1.50567
2.01153
0.982532
0.951627
0.552859
0.107558
2.09658
1.32675
0.851435
0.399447
0.819002
1.33349
1.18295
1.43548
0.256338
1.90804
0.821662
0.326023
0.793452
0.260106
0.715149
0.636722
0.0922615
2.48102
0.460001
1.21284
0.163201
2.06283
1.6623
0.497867
1.09758
1.45859
0.663103
1.25254
2.54348
0.801767
1.17897
0.526729
0.141715
1.98997
0.876597
0.829256
0.293589
0.490891
0.952767
1.58547
0.422338
0.894496
0.618758
1.89948
3.2797
0.645293
0.173805
1.054
0.765935
1.04836
0.386573
3.70277
0.317095
1.30874
1.44992
0.264736
0.715147
0.268176
0.347007
1.0016
0.209746
0.26281
1.76374
1.37152
1.37438
0.292248
1.75614
1.69237
2.27313
0.0920624
0.444525
0.370474
1.25051
0.597558
0.194562
0.851
0.439095
2.25677
0.537492
1.10903
2.36128
0.732096
1.12429
1.44845
1.13757
0.671171
1.98157
0.11496
1.29261
0.186187
2.83024
0.851876
1.1202
0.298948
0.560889
1.29731
1.15769
0.128224
1.25258
0.195488
0.416166
0.726735
0.536498
0.869483
0.617002
0.359809
0.380797
0.168214
0.88673
0.552949
0.610085
0.861536
1.36322
2.21041
0.176954
0.626555
0.326076
0.675026
0.589048
1.45021
0.22664
0.941643
1.10153
1.05657
1.10334
0.270497
0.414382
0.99374
0.701916
2.92141
0.308108
1.88669
0.620972
0.98464
1.20011
0.18998
0.499962
1.24399
0.763638
1.40491
1.44928
1.3824
0.0958898
0.448595
0.268816
0.512021
0.651196
0.343672
1.1746
0.870157
0.362544
2.04867
0.427389
0.544256
0.97599
0.775639
2.77774
2.08557
2.38862
0.182041
0.752539
1.38132
1.82215
1.37156
0.37556
0.43487
0.996293
2.41311
0.255359
1.05607
0.218165
0.279348
0.485759
0.28656
2.57509
1.90288
1.78064
0.228012
0.691089
0.997764
1.12248
0.898486
0.449084
0.0370005
0.649682
3.02915
2.64559
2.25593
0.503557
0.502985
0.699884
1.62882
3.09175
0.29839
2.10227
0.342602
0.956586
0.342373
0.569593
0.885185
0.702291
0.823316
2.02001
1.37249
0.292579
1.21087
0.348408
0.818391
1.55684
1.05869
0.613703
0.760606
2.14835
1.05509
1.76181
0.374169
0.570029
1.03616
0.81895
1.8992
1.94575
0.243276
0.496557
0.489525
0.978661
1.0639
0.295797
0.916787
0.236918
1.43495
0.567783
1.13943
0.495442
1.00711
0.2025
0.551555
0.832071
0.600546
0.467942
1.6395
2.94149
0.422587
0.588198
1.14992
0.51852
0.498109
0.945043
0.750061
0.50545
0.758577
0.811775
0.672383
1.2303
0.751192
0.31317
1.37385
0.395216
1.47148
0.709193
0.986489
2.12723
1.28364
0.575646
0.752729
0.119473
1.18786
1.293
1.36393
0.364626
1.42044
1.00971
1.54665
0.561992
0.807577
0.142532
0.425482
0.450118
1.79563
0.911333
2.02294
2.54825
0.405221
1.03441
1.19146
0.370184
0.436898
2.0104
2.19108
0.420075
0.940388
0.503508
0.908222
0.509652
1.55662
0.49556
1.18894
1.02162
0.971507
1.89145
1.06079
1.17464
1.99429
0.852294
0.458046
1.26789
0.261087
0.711711
0.550029
0.123986
1.28493
0.174716
0.965863
2.77019
0.586649
0.764156
1.79101
1.42757
2.00672
2.1919
1.14609
1.88808
0.823207
0.867974
1.03849
0.682968
1.21246
1.56023
0.462587
2.99276
1.0105
2.13048
1.42144
1.25929
1.02211
0.264081
0.44232
2.08527
0.307725
1.11324
1.1516
0.451057
0.811716
2.05135
0.118266
0.583783
0.369752
0.923289
2.22889
0.606814
0.396976
0.932839
0.0753065
1.42273
0.920139
0.550736
0.461109
0.401861
1.90852
1.28248
1.2259
1.43287
0.363845
0.586519
0.980929
0.246218
0.89824
2.39768
0.520992
1.74432
0.583895
0.83971
0.388347
1.16763
0.806474
0.650403
0.497118
0.0869163
0.154526
2.17386
0.226871
1.02611
0.823972
0.87487
1.41575
0.546479
2.36481
0.659756
0.426456
0.75269
0.797241
1.45405
2.76383
0.806829
2.29956
2.44581
1.58065
1.04661
1.17174
0.454902
0.359428
3.05182
1.87322
1.76514
0.815955
1.23381
1.08714
0.535493
2.17677
0.398468
0.539257
0.476544
1.89326
0.281333
2.44653
0.079957
1.01121
2.42138
2.00569
1.08382
1.3533
0.582275
1.00535
0.887606
0.264707
2.96587
0.856233
1.36423
0.525529
0.293713
1.07856
0.766682
2.01714
0.796473
0.671001
0.950679
1.18453
0.680081
0.466921
2.07235
0.293939
0.941811
0.576384
1.19288
0.604077
1.88627
0.446467
1.96014
2.21156
2.15891
1.082
1.75006
0.25039
0.406596
0.182552
0.280229
1.22738
0.368541
0.999614
0.726239
0.158487
1.86974
0.386196
0.756883
0.705556
0.689369
0.468847
1.45395
0.694503
0.998581
1.21371
1.03035
2.13259
0.263133
1.09661
1.52599
0.912323
0.269849
0.80101
0.425431
0.41068
1.36628
0.305198
1.36854
1.69466
0.494942
1.89637
0.16341
0.747905
1.84087
0.555864
0.616006
0.293108
1.13561
0.95296
0.180754
2.37465
0.302842
0.880662
1.00815
1.18426
0.844697
0.191224
4.07092
1.06728
0.340879
1.21091
0.542406
2.32146
2.28566
1.1135
0.606111
0.660844
0.89024
0.698194
0.436939
0.560012
1.36099
1.10279
0.207533
2.72584
0.259543
0.228511
0.896138
0.931342
0.478618
1.59785
1.8352
2.30564
0.24566
1.62338
0.627003
0.339983
2.26053
1.34747
1.70002
1.00387
0.788109
1.49647
2.01163
0.577229
0.237386
0.619276
0.451199
1.25967
1.66032
0.528077
1.33441
1.13419
0.196303
0.561374
0.31068
0.692962
1.48593
1.49535
0.852072
0.200788
1.41014
1.22886
0.226317
0.232902
1.25164
0.635676
0.607809
1.0124
1.04048
1.43639
0.475995
1.00261
0.287968
0.272309
1.98796
1.36516
0.603267
0.740534
0.797515
0.149739
0.37992
0.24948
0.529177
0.161824
0.914322
2.27868
0.395319
0.833882
0.778085
0.10508
1.95617
0.174166
2.15416
0.437532
0.779126
0.84055
0.602337
0.707809
1.04129
1.38394
0.728919
0.116673
1.81985
0.934361
1.05551
1.66766
3.04334
0.646824
0.176911
0.840098
1.51758
0.816251
0.279065
1.9505
0.533886
3.77039
0.76726
1.76022
1.11033
0.560093
1.861
0.636925
2.45733
2.57561
1.01585
0.162227
0.581425
1.48148
1.34227
0.523235
0.103773
0.711016
1.13283
0.188279
1.24934
1.39301
1.63492
0.648902
0.375948
0.870021
1.47548
0.71271
0.571573
0.574614
0.766555
1.49426
1.0559
1.11144
1.27764
0.468873
0.526172
0.30836
1.68403
0.128189
0.930812
2.09162
0.493349
0.35133
0.44683
3.0034
0.23157
0.380602
0.641588
0.322625
0.75652
0.478228
2.31034
3.05338
1.55034
1.06324
2.55985
1.5188
1.03189
0.185505
0.957004
0.681171
0.54392
1.01282
2.31246
0.589119
0.775014
1.59922
1.49386
0.695987
0.420283
1.90532
1.73057
0.764404
0.436446
0.709079
0.568039
0.443738
0.208992
0.867644
0.243786
0.798135
0.933752
1.38464
0.366197
0.790579
1.59753
1.72444
1.0847
0.814147
0.840831
0.939417
2.34688
1.65215
0.19976
0.53852
0.576971
0.797233
0.675174
0.678464
1.34024
1.62055
0.386155
0.497973
1.3109
0.623337
0.668379
1.0173
0.901051
0.95749
1.06347
0.308154
1.85824
0.754613
0.128964
1.64337
0.804498
0.922343
0.48188
0.706549
0.54973
0.542074
0.15599
2.0196
1.14057
1.32404
0.927358
0.70756
1.5665
1.48544
0.848896
3.17304
1.33714
0.698042
1.50763
0.342794
1.13125
0.736687
1.06654
0.87454
2.33339
0.091572
0.640698
0.928578
0.749106
0.953229
0.455715
0.642013
0.938382
1.3369
1.28534
1.44935
1.51382
0.635744
0.158065
1.00573
0.398783
0.817938
1.24727
0.746479
0.349103
0.280349
1.76403
0.442829
0.551155
1.69931
1.14259
0.306633
1.07822
0.934635
2.06041
0.652256
0.999694
0.261457
0.234418
0.765291
1.51462
0.784017
0.747735
0.563863
2.01457
0.554337
1.68399
0.379238
0.861165
1.36247
0.581
1.19701
1.71843
1.00661
0.995603
1.77776
1.62762
0.162252
1.03987
0.544047
0.546871
0.765844
1.24781
1.39594
0.842778
0.777438
0.752561
1.97006
1.22795
0.770772
1.79156
1.41845
0.35828
1.15237
0.942552
0.436153
0.995916
0.898132
1.75661
2.69407
1.09148
0.908016
2.18014
1.76915
0.977525
0.4163
0.440565
0.579338
0.626134
0.749921
0.783594
0.897417
1.06663
0.262258
0.491807
1.4156
0.141174
0.222007
0.844574
1.79152
0.554848
0.916717
0.323022
0.779586
0.478956
1.34764
2.77198
0.434189
0.695176
1.41937
1.05401
1.00236
2.00788
0.340219
0.844285
0.758842
0.305271
1.33173
0.770151
1.03366
1.03167
0.279268
0.665811
2.57106
0.779759
0.611408
0.745377
0.196851
1.07189
0.584633
2.46785
1.20876
0.594608
1.10722
2.23275
4.09136
0.21844
0.695307
1.66399
0.649895
0.319423
1.70552
0.519668
0.941209
0.424656
0.800191
0.25005
1.18513
0.313153
2.2826
0.399289
1.36483
0.71028
1.2726
0.980476
1.42247
0.578541
0.477979
1.43223
0.630063
1.08776
0.598865
0.871472
0.352634
0.19511
2.79287
0.820805
0.765649
1.38492
3.42068
2.21378
1.59291
1.17431
0.988545
0.640898
0.2348
0.489355
1.66502
0.440695
0.864757
2.5381
0.518614
2.07664
1.12729
0.213328
0.168945
1.52587
0.884814
1.55587
0.612744
1.17745
1.05481
0.339955
1.69137
1.4542
0.0776204
0.699937
1.34696
1.59644
0.770414
0.955606
0.334117
1.43119
0.725657
0.886185
0.191452
0.878814
2.0303
1.03841
1.53815
0.317056
0.19905
0.242631
0.62915
0.258871
0.0330396
0.818486
0.811918
0.769211
0.598721
2.2576
0.709162
1.00695
1.01404
1.88191
0.666168
1.47524
2.58795
0.556122
0.521711
1.75762
2.13989
0.420495
0.568013
1.301
1.71633
0.734666
1.50512
0.382622
1.76856
1.02282
2.42278
2.07379
0.391983
1.18385
3.16086
0.117972
3.48107
2.07519
0.605083
0.883957
2.39611
1.36405
0.803138
0.785641
0.884524
0.461292
0.253298
1.07688
0.922491
1.19265
0.766666
1.09051
1.64046
0.826745
0.732373
1.45942
0.504337
0.744801
2.15472
0.532487
0.649323
0.723002
0.0427345
0.90409
0.432276
0.647082
1.23866
1.84073
0.568536
0.691219
1.36818
0.432138
0.789643
1.1933
0.878344
0.462684
0.253244
1.12217
0.313112
0.719438
0.396176
0.670175
0.400499
0.487547
1.0882
1.13463
1.28852
1.03703
0.88964
0.906509
0.285556
1.12374
1.11762
1.02558
1.13818
0.292819
0.655149
0.973611
0.513466
1.50744
0.393363
1.25385
0.223099
0.452791
2.09405
0.940681
2.3457
1.50776
0.520884
0.968983
3.22403
0.483338
0.135756
0.0754772
0.206436
0.809378
0.903436
0.177254
1.28116
0.387434
0.314792
0.598373
1.12477
0.801677
1.45146
0.354354
0.108202
0.668579
0.833046
1.43811
0.319815
0.496937
0.823912
1.58942
1.24819
1.0077
0.720891
1.48323
0.212098
0.692821
1.50157
4.21234
1.65941
0.59612
0.227233
1.51301
0.644373
1.47541
1.5511
0.910367
0.548428
1.69261
0.860851
1.36641
0.197595
0.779653
0.251758
1.01806
0.657079
1.36797
0.622972
0.326125
1.11577
0.406564
0.254337
0.707436
0.996611
0.632834
1.07012
1.6261
0.862081
2.2057
0.786805
1.20111
0.334565
0.165244
1.1633
0.508321
0.737428
2.47061
0.927894
1.13421
1.33084
0.516466
0.493977
0.667499
1.08062
1.31605
0.348205
1.05719
0.284339
1.22969
0.284762
0.69393
0.186175
1.41107
1.32594
2.39056
0.655181
0.744325
0.386191
0.533895
0.605448
0.802852
0.199432
3.6839
1.04748
1.04025
1.40936
0.696266
0.738929
0.750284
0.457489
0.247416
0.743164
0.921496
0.312394
0.372051
0.677002
0.564686
0.442094
0.880413
3.08291
1.57464
0.533541
1.07877
1.38081
0.83546
1.70979
0.623086
0.561112
0.745465
0.96045
1.62309
0.2346
0.884078
0.322273
0.529996
1.08168
0.629609
0.534579
1.73104
0.578699
0.441731
1.23786
0.748887
0.75396
1.93907
0.831992
0.260475
1.08298
0.103076
1.56029
0.636116
1.17213
0.167027
1.39889
2.04755
0.883328
0.423877
2.13414
0.83822
1.11672
1.17178
0.114794
0.709039
0.675283
1.76459
0.415164
0.660199
0.80229
0.838141
0.272492
0.364821
0.810731
2.30836
0.621667
0.523046
0.520239
0.174272
0.42421
0.970658
1.84137
1.14611
2.43409
0.829524
1.46633
0.625672
2.30092
0.676342
0.144307
0.300883
0.50777
0.711655
0.782966
1.52336
0.178701
0.620541
1.40624
0.503324
1.39101
0.50497
0.635343
1.16237
0.590705
1.95943
0.358451
0.347361
0.0408684
0.312814
0.515389
0.100579
2.89513
1.13333
0.488253
0.181086
0.56485
0.966529
0.650613
0.273728
3.34313
0.297761
1.31174
1.31728
0.833595
0.512044
0.489285
1.06581
0.922969
1.7595
0.172134
1.1156
0.305088
2.12693
0.571358
0.701495
0.720607
2.02322
0.773966
0.857084
1.07829
0.232475
0.765568
0.667798
0.740073
2.18833
1.02313
0.978459
1.6215
0.850713
1.26055
1.33806
0.666029
0.458086
0.962945
1.13767
0.521233
1.99326
1.09227
1.97331
0.191757
0.726887
0.788366
1.47994
0.255682
1.73141
0.267417
0.421068
0.589389
0.471417
1.12045
1.88253
0.233802
0.93473
0.547024
0.884447
0.215331
0.662928
1.64427
0.875783
1.17837
2.33032
0.406119
0.598498
0.800261
1.83802
1.19786
0.641489
0.417073
0.902156
0.920549
0.998578
1.97629
0.177414
1.05425
0.820006
0.473767
0.610762
1.82612
1.66495
1.45802
1.44205
0.501539
0.2912
0.64275
1.23139
0.63241
1.49566
0.780384
0.274283
1.38514
0.308069
0.926629
1.29013
4.25095
0.372997
1.69521
2.2421
0.669664
0.878224
0.397283
0.834106
1.69199
0.732028
1.45335
0.959872
0.805692
0.316494
1.27735
1.05549
1.19496
2.17228
0.41187
0.719903
1.30417
0.985843
0.971284
1.07791
1.08919
0.970581
2.63029
0.375028
0.627693
0.474218
0.154901
0.658115
1.04688
0.243201
0.793309
1.40253
1.83627
3.53452
0.845185
0.648385
2.94161
1.73297
0.905709
2.87117
0.269616
1.00307
2.50568
1.45069
0.636488
2.42948
1.10043
0.437907
0.0882115
1.42788
0.464818
2.28648
0.124378
1.2012
0.787264
1.44031
4.5542
0.765351
0.952724
1.05529
0.569317
0.338811
0.837957
1.01322
0.850427
0.846284
0.355052
1.17876
0.670019
0.487343
0.7374
1.50053
0.827762
1.21559
0.815205
2.05758
0.439469
0.301049
1.24287
0.700315
0.312437
0.766836
1.00136
0.299159
0.618539
0.34271
0.62379
3.61414
1.77764
0.643832
0.367983
1.49769
0.563387
2.24937
0.478573
2.11333
0.469894
0.973523
0.859851
0.446478
0.306943
0.64637
0.996753
0.840274
1.34068
1.17623
0.452009
0.314034
0.732649
0.489106
2.23075
0.322271
2.57806
1.04753
0.11171
0.687829
0.475779
1.41792
1.64552
0.361473
0.289098
0.162075
0.600943
0.694691
1.53998
0.811774
2.3851
0.73144
0.218006
1.16163
0.534111
1.38121
0.971802
1.48408
0.502105
1.94706
0.67045
0.398689
0.273439
0.151959
1.04957
0.4259
1.20713
0.351029
0.341888
0.43193
0.929211
0.825295
0.829981
2.03798
0.318706
0.951499
0.727494
0.627219
0.284879
1.54132
2.03915
0.363462
1.9094
0.905287
1.46469
0.24123
2.43672
1.1627
0.770415
1.17086
0.731569
2.49215
0.350942
1.87434
3.00987
0.568568
0.352804
2.80417
1.84802
0.193159
1.14772
0.165508
2.63993
0.358369
0.762895
0.47279
0.563941
0.279931
0.484096
0.423936
2.00206
0.426302
0.451655
0.899544
0.549338
2.00576
0.711518
0.549051
1.80008
1.05589
2.21824
0.818277
0.834951
1.1462
0.477676
0.420657
0.97238
0.791729
2.46834
0.356758
0.794444
1.1105
1.66011
0.77245
3.94176
0.513039
0.565645
0.904096
0.941739
0.141746
1.87818
0.876254
0.853525
2.08149
0.619222
0.15029
1.57486
0.599763
0.886076
0.594338
0.525749
0.814788
1.14448
0.358551
0.226743
0.497986
1.00731
0.921692
0.677747
0.185271
0.465493
1.41151
1.38076
0.622687
0.173453
1.88009
0.98737
0.833311
0.398903
0.582848
1.24412
0.690054
0.348158
0.2356
0.762772
0.479965
0.258387
2.10416
1.03332
2.17565
0.912134
0.694651
1.10987
1.19593
0.687586
0.454022
0.278798
0.11062
2.49838
0.330998
0.428424
0.615048
0.809876
0.878543
2.09351
0.196826
1.1182
1.13741
1.95499
0.55189
0.603733
1.37352
0.216766
0.669766
2.83815
2.7822
0.986413
0.37409
1.18391
0.288854
0.76474
1.33368
0.941874
0.105607
2.12109
0.0854808
0.51955
1.20331
0.697592
0.78253
2.58029
1.61675
0.370308
0.58897
1.25007
0.597513
0.661511
1.08185
0.962883
0.237702
1.30569
0.66714
0.677672
1.09334
1.01744
1.23282
0.403455
0.923291
0.848807
1.4846
0.341063
0.596057
0.141282
0.667005
0.869349
1.64193
2.12846
0.613539
0.387838
0.318439
1.17663
1.40684
1.19934
0.196957
2.3203
1.22536
0.901501
0.832693
0.389933
0.96621
0.942958
1.7426
2.27913
0.982538
1.15876
0.680304
3.37087
0.769342
0.485052
0.473777
0.992687
0.932118
0.153202
0.668896
1.49734
0.262691
0.420092
0.553198
1.55173
1.5078
0.0745061
0.372786
0.992086
1.71158
1.38221
3.02865
1.3287
0.145121
1.26904
1.37633
0.941529
2.78533
2.07034
1.91521
0.140454
1.10146
0.375752
0.721594
0.518835
0.672874
0.854678
0.826879
1.48971
1.74921
0.320849
1.64221
1.55628
1.01909
0.261383
2.07825
0.757401
1.82741
0.316117
1.23494
0.35565
1.24523
1.2035
1.90233
0.93186
0.265831
0.928391
0.369408
0.357526
0.932443
0.530406
0.889847
1.01395
0.758073
0.735269
0.46276
0.134784
0.491914
0.277169
0.434275
0.848514
1.24115
0.37988
0.380876
1.44005
0.749836
0.829471
0.38898
0.537913
0.756425
1.35583
0.129415
0.665128
2.02918
0.57317
0.817089
0.14322
2.32663
1.30478
1.00008
1.0488
1.17209
1.99524
1.06478
0.397963
0.319539
1.28663
0.430535
1.31138
0.484736
0.848378
0.7644
1.18147
0.699005
1.79777
1.02365
2.07379
0.650688
0.264087
2.19097
1.4159
1.22582
2.52989
1.09587
0.875981
0.507775
1.15796
0.915984
1.17143
0.5605
1.28448
0.639328
0.789377
0.591333
0.242535
0.70253
0.12762
2.07471
1.67702
0.92855
1.36425
1.80801
0.773722
1.55664
0.657017
0.590223
0.523149
0.183271
0.575331
1.13234
0.242027
0.575552
0.759051
1.32225
0.78295
1.09278
1.23915
0.817597
0.754197
0.177248
1.97465
0.696632
0.821165
0.388143
1.07912
1.76626
0.571764
0.541354
0.668218
1.92472
0.416095
1.18258
0.444161
0.172753
1.0725
0.940519
0.330232
1.2832
0.942538
0.161439
1.66688
0.541691
1.41991
0.249061
0.356407
0.709528
0.486327
1.32509
0.918703
1.1579
1.71527
4.1199
0.974812
0.420399
1.88119
0.463942
1.09193
2.23077
0.423244
1.17958
0.235573
0.624912
0.156727
0.610778
0.946023
1.12128
0.689945
0.960689
0.900305
1.05419
0.397015
0.557694
0.58497
1.06008
1.18271
1.05074
1.15162
0.498639
1.13954
0.973393
1.25015
0.622479
0.85447
0.512709
3.11588
0.548423
1.87315
2.03321
0.361814
1.02745
0.668425
0.880325
0.350902
0.651921
0.353783
1.20206
0.585041
3.7283
0.908194
1.36004
0.618097
1.31448
0.553554
0.0800594
0.0179525
0.374139
0.519625
0.310368
1.28775
1.0412
0.480994
0.761234
0.136279
1.0133
0.532163
0.574844
0.532924
1.96931
0.773709
0.774379
1.54594
1.15607
1.14642
0.685994
1.63717
0.877298
0.955268
0.225699
1.85118
0.0190175
0.666996
0.816306
0.300696
0.321414
2.95518
0.492965
0.300018
0.887516
0.258897
0.415919
0.175309
0.339775
1.73017
0.952998
0.31529
1.23406
1.39201
1.03248
1.35655
0.373105
0.791413
1.69318
0.954285
0.91015
1.22745
0.495334
2.40938
0.83699
0.716133
0.191018
0.747888
1.42016
1.20203
1.34366
0.313316
1.00369
0.749106
2.96927
3.55598
1.92128
1.11689
0.621801
2.55869
0.255945
0.825107
0.354056
0.98358
0.89717
0.599485
0.683201
2.31192
0.706575
0.449771
1.45075
0.697918
1.88174
0.770571
2.51756
3.21036
0.200859
1.34889
1.23145
0.631617
1.66173
0.022567
0.882987
2.06425
0.679173
1.37847
1.25942
1.2043
0.519217
0.575759
0.945704
0.840011
1.80551
4.06488
0.342565
0.820715
1.60453
0.807135
0.453424
1.0593
0.394418
1.05023
0.345615
0.0562727
0.476483
0.638188
1.56948
0.279302
2.77784
0.0373872
0.572444
0.417133
0.178664
3.39727
0.502597
0.445899
0.356639
0.23733
0.516732
1.25069
1.92274
1.15113
1.90586
1.05685
1.34864
1.0147
0.925969
0.870783
0.748436
0.465395
0.657536
0.292672
1.6128
0.523518
1.39034
0.374724
0.15253
0.383268
1.99952
2.15116
1.37902
0.367954
0.572378
0.324542
0.546269
1.76523
2.5808
2.28256
0.928748
0.691847
0.490374
0.534992
0.56653
0.787289
0.889649
1.37255
0.501011
0.945594
3.99701
1.50029
0.485809
0.766023
1.27858
0.532443
0.38477
0.186074
1.58349
1.48788
0.459538
1.2922
1.81326
1.01426
0.258248
1.52262
0.299382
1.00309
0.414998
1.56422
1.06291
0.711849
1.28289
0.327788
1.21547
0.156475
0.623997
0.490943
1.08364
1.00729
0.313628
0.833
1.8782
1.60942
0.642407
1.69626
0.268008
1.78776
0.54226
0.518324
0.482479
3.69674
2.16899
2.6914
1.44623
0.24078
1.17095
0.0844778
2.58781
0.238878
0.492257
1.4287
1.22358
0.642611
0.864606
1.30167
0.90526
0.0921744
0.78189
0.417906
1.89987
0.578062
3.15265
0.57512
0.553377
2.46028
3.15349
1.17653
0.0308147
0.701676
0.944792
1.61963
1.12501
0.757122
0.780041
1.01494
1.34946
1.08466
1.10817
0.928556
0.47137
0.474202
1.44632
1.88226
1.30327
2.49707
0.980255
0.854773
0.341782
0.670965
1.49498
0.575376
0.300863
0.593437
0.0500182
2.21792
2.67948
1.09956
1.66428
0.683286
1.02015
0.881365
1.157
0.578218
0.22089
0.764992
1.17579
1.43201
1.42161
2.43309
1.06133
0.732669
0.17881
0.42837
0.921271
1.37174
0.775325
0.333497
1.58608
0.807256
0.48146
1.4784
2.12621
3.04163
0.531285
3.98899
1.14918
2.31591
0.865418
0.993138
3.08881
0.345305
0.540299
1.80492
0.665445
0.779932
0.114428
1.34609
1.30459
1.38011
1.72363
1.90557
0.182911
0.498271
0.0684722
1.55114
3.0196
0.900721
0.32667
1.6119
0.519384
0.387011
0.591796
1.23028
1.82764
1.00062
1.98082
1.20296
1.39713
1.14489
0.894675
0.465754
0.784986
0.557608
0.666658
0.602891
0.150075
1.60562
0.847141
1.94885
3.307
1.10359
0.627032
0.72417
0.828661
0.590096
1.96531
2.19894
1.7516
1.62025
0.614383
0.0921733
2.56236
1.27511
0.929866
4.16789
1.44037
1.64206
1.54794
0.500426
0.599854
1.45843
0.215939
1.6748
1.13124
1.07605
0.674579
0.573874
0.472554
1.04709
0.608741
1.25776
2.04362
1.38909
2.96351
0.402324
3.10986
0.271101
1.39179
0.461618
0.87139
3.11067
0.709578
0.441143
0.53926
0.855647
1.4748
0.626751
0.339197
1.61518
1.34669
0.675162
0.543581
1.32763
1.09825
0.532304
0.827064
1.327
0.529957
0.806074
0.800386
0.34734
1.45126
2.22015
0.615385
0.744253
1.12422
1.01001
0.379584
1.79217
1.26934
1.28169
0.488582
0.24901
1.59576
0.785853
0.283213
1.32065
0.843005
0.899979
0.475716
0.900445
1.08703
0.402528
0.736411
0.868804
2.62908
0.178671
0.527592
0.41432
1.43053
0.996863
0.748757
1.01602
0.370741
0.806971
0.664031
0.368856
0.523039
0.312337
0.283458
0.280222
0.416152
0.445646
0.310676
0.243709
0.773216
0.378492
1.08264
0.840666
0.780158
0.911629
0.110047
0.52689
0.534594
1.68522
0.702712
1.09383
0.813232
0.391205
0.563534
0.499885
0.363895
0.566742
0.749467
0.695241
0.824801
1.36246
0.216371
1.34813
0.521392
1.68246
2.07755
0.125566
1.11265
0.357939
0.485209
0.580768
1.46086
1.41173
1.97782
0.544648
0.37209
1.57933
0.872071
0.927862
0.922078
0.237932
0.262569
1.47078
2.1263
1.30926
1.02041
0.559561
0.407222
0.955083
1.90028
0.633619
1.46377
0.157282
0.454833
0.809149
1.53275
0.481329
1.086
2.34594
0.60745
0.883987
0.609337
1.29112
0.0646576
0.367419
0.889732
0.168512
0.886869
0.96859
0.387008
0.625455
0.486722
0.337778
0.517792
1.6915
0.751023
0.542245
0.749824
0.024422
1.17394
2.18538
0.299179
1.24201
1.32457
1.63028
1.99209
0.824783
0.54318
0.763191
2.24093
1.47388
1.02194
1.562
0.229843
0.551881
2.13562
0.731439
1.05321
0.516889
0.71533
0.450564
1.9719
0.779643
0.652597
0.211645
1.12663
0.622339
0.644973
0.596514
1.91134
0.811235
2.03492
1.35752
0.289022
2.11677
0.522008
0.616433
0.414177
1.66862
0.311372
0.335837
0.975076
0.460306
1.53991
0.305994
1.11507
1.15312
0.470354
0.429894
1.63839
0.80683
1.49933
0.492501
1.45159
1.8137
0.737994
1.68734
0.603694
1.76034
2.14931
2.64599
1.63823
0.314077
0.812093
1.33575
1.10915
1.61222
1.226
2.02663
0.373102
0.536096
0.394241
0.808274
0.452046
2.11956
0.432992
3.7718
1.28351
3.49453
0.0553652
1.28414
1.56204
1.4413
2.3177
1.04543
0.954245
1.72568
1.56774
0.712502
0.894195
0.927903
1.45314
0.3772
0.654056
0.698548
0.513954
0.200373
1.20191
0.964096
0.815466
0.494557
0.478254
0.296041
0.564417
1.61353
1.02961
1.32051
2.78276
1.07506
1.7938
0.667516
0.816928
2.27017
1.24094
2.50304
0.842674
1.1107
2.235
0.748051
0.364474
0.509491
2.27051
1.68081
0.784809
0.337478
1.6933
1.38722
0.788556
0.282943
2.84766
0.0685561
1.42801
0.1995
0.369747
1.60937
2.4288
1.42095
0.998777
0.82021
0.210418
1.66535
0.57596
0.760558
0.574092
0.315933
1.34537
0.190388
0.609516
1.64697
0.803468
1.45831
1.6272
0.581514
0.640204
1.60698
2.03408
1.05009
0.362794
0.529627
0.76252
2.23549
0.671153
0.175069
3.83087
0.866895
0.634658
0.591814
0.691857
1.13209
0.64255
0.22939
2.18537
0.234772
1.36707
0.511848
0.571897
1.3493
0.150153
0.335058
1.88537
0.772191
1.59397
0.420755
0.774249
0.360752
1.27876
1.33776
0.755783
1.11047
0.934728
1.19396
0.648293
0.658899
0.681866
0.404655
0.630839
2.22734
0.278939
0.512036
0.465301
0.41396
1.01761
0.715276
0.704329
1.36961
0.528226
1.76643
2.71189
1.78654
0.52315
0.89904
0.970401
0.563568
1.70966
3.12165
1.25913
0.635964
0.826876
0.844431
1.93003
0.106377
0.58518
1.94296
1.12512
1.63192
1.47983
0.989929
0.358361
0.525708
1.37092
0.698636
2.70474
0.520465
1.20587
0.97521
1.32797
0.543246
0.592604
0.542147
2.53461
0.388986
1.34988
2.38498
1.30395
0.274306
2.35638
0.743937
2.03714
0.764421
0.496875
0.200089
0.56873
0.888663
0.686744
0.292248
2.10466
0.91607
2.38867
0.309644
0.544251
1.89356
0.290758
0.522919
0.704712
0.857332
0.156832
2.0641
0.26277
0.519237
0.835889
0.302868
0.693782
1.20512
0.907061
1.3051
0.556258
1.47779
0.277666
0.280955
1.98291
2.44063
1.48453
0.277459
1.50572
1.09904
0.953978
0.603379
0.505406
1.58845
1.29493
1.97864
0.85567
1.48621
0.80635
0.472525
2.08469
1.26295
0.351107
0.388581
0.775433
0.767006
0.347207
1.36612
0.31678
0.851237
0.525316
1.52398
0.97297
0.423344
1.40303
0.704812
0.894143
2.56778
1.00453
1.92696
1.45262
0.155307
0.937995
0.242038
0.124405
1.16566
0.293553
0.415599
1.03016
0.472423
0.462663
1.86108
0.102757
0.711802
2.53198
0.999145
0.874189
0.435898
2.25534
0.83231
0.469047
3.96714
1.61919
0.888771
0.393529
0.987008
0.276042
1.04231
1.53922
2.88976
1.41279
0.645756
0.244693
2.09288
4.78377
0.537575
0.839754
0.349398
0.615353
0.598841
0.264611
1.02395
0.173933
0.293961
0.53755
0.265293
1.33017
0.384475
1.44025
0.70557
0.410556
0.502447
0.608561
0.126612
0.388999
2.21302
0.253953
1.13476
2.49193
0.769647
1.15939
2.07873
1.54115
0.352537
0.056813
0.0970215
0.660053
1.80148
0.608502
0.258633
0.714395
1.2051
0.964479
0.795852
0.268966
0.261364
0.666971
2.13461
0.891188
0.974027
0.332208
1.68905
2.12488
1.19069
0.199005
0.369286
1.32321
0.937243
0.890402
0.473493
0.776702
0.983792
1.533
0.623869
1.43016
0.432656
0.398569
1.51123
1.79607
0.509923
0.305946
0.576654
1.17296
2.37035
1.004
1.0796
0.893562
0.966968
0.757421
1.12627
1.50464
1.76145
0.316485
1.78244
1.05077
1.30298
0.407679
1.22862
0.668328
0.683871
1.29943
0.326087
0.127671
2.44147
1.2286
0.646845
0.640297
0.919644
1.39257
0.175223
0.562885
1.5971
0.841219
1.40203
0.861496
0.290648
0.701529
0.292311
1.07815
0.341978
0.815129
0.177444
0.847583
0.611904
1.01388
0.853645
0.666142
0.950641
0.469215
0.516933
0.441733
0.447225
1.02007
0.18047
3.24269
1.25546
0.711156
0.413943
0.396128
0.631784
0.489513
2.02188
1.79851
2.64501
1.93916
1.07809
0.074329
2.0334
0.721227
0.900504
2.49849
1.47914
0.823292
0.147696
2.89829
0.982992
0.894691
0.594488
0.613209
1.63962
0.718157
0.721812
0.579853
1.25251
0.359413
0.366131
1.07935
1.25419
1.20457
1.00814
0.635802
0.147376
1.66032
1.10354
4.01388
0.730607
1.92612
0.418489
0.399254
3.32507
0.715019
1.59142
1.32277
1.03382
0.703531
1.13953
1.91043
1.1369
1.63549
1.48405
1.34006
1.83869
1.98288
1.4762
0.823585
1.77353
1.29725
1.0029
0.948812
0.184881
1.18331
1.25644
1.16663
0.194267
0.700918
1.23053
0.704669
1.1491
2.2055
0.393771
1.6137
0.171651
0.515387
0.476448
0.191312
1.0308
1.34506
1.34134
0.147237
1.34604
0.954228
0.0546154
0.494366
0.117071
0.349861
0.462684
0.23363
1.01245
0.476503
1.15329
0.527204
0.139953
0.780209
1.20099
0.360517
0.459696
0.374569
0.79084
1.29747
0.202095
1.74273
0.390738
2.36657
0.278665
1.25154
0.316707
1.51374
0.564277
1.44604
1.46561
1.23247
0.983129
0.971068
1.32896
1.38502
2.03956
2.68143
0.913269
2.26028
1.03215
2.73955
0.567708
2.09478
0.449348
1.11473
0.765578
1.57401
0.592951
1.13417
1.25358
0.632336
2.09953
0.558761
1.86654
1.00646
0.760407
0.875737
1.35718
1.50475
1.04768
0.589974
0.700696
1.33575
1.21161
0.688086
1.41193
0.803415
0.436603
0.242817
1.01448
0.529245
0.58343
0.781104
0.973965
1.20287
1.03466
1.44566
1.91985
0.47647
0.655188
2.55063
0.610422
0.150873
1.60994
0.0820466
0.698022
1.01238
1.33068
0.628018
1.70539
2.69321
0.213872
2.20682
0.389946
1.18894
0.287277
1.62193
1.35803
0.608624
1.47397
2.00281
0.946901
1.2196
0.549268
1.58594
0.266683
0.4392
1.35569
0.0545984
2.27541
1.3308
1.0961
0.903653
0.944657
1.20619
0.827827
0.280892
0.41374
0.423542
0.46912
0.416889
0.609269
1.15352
0.498264
0.719003
1.69338
1.12595
1.11804
0.243167
0.439829
1.1096
0.38761
0.598238
2.18408
0.760577
0.0600458
0.793554
0.221726
1.15523
1.03109
0.890143
0.694073
0.412309
0.66147
1.10559
0.967774
0.385616
1.57334
1.93191
1.76682
1.90327
0.403458
0.872096
1.02418
0.312667
1.54766
1.40033
1.68785
0.94578
1.13504
1.70465
0.793679
0.978809
0.171356
0.724866
0.305349
1.47666
0.417502
2.0553
0.846506
4.48393
1.25298
1.33233
1.46554
0.511213
0.709898
0.518253
0.16725
0.741133
0.2148
0.221373
2.97976
0.675401
1.70017
2.1348
1.31404
0.339937
0.786548
0.705813
0.625455
1.59185
1.64791
0.396768
0.63848
0.286831
1.77049
1.48521
1.62232
1.80446
0.50006
0.20773
0.885451
0.347665
2.06058
0.570402
0.918151
0.700429
1.13061
0.0188283
0.247771
0.985904
2.39685
0.635349
1.15751
0.356906
0.625965
0.519997
0.540568
0.867873
2.56619
0.6937
2.03171
0.791222
0.739206
0.448768
0.511081
1.50059
0.796687
1.11354
2.34933
0.128416
1.66196
0.416809
0.397859
0.703311
1.20701
0.884042
1.51225
0.827753
0.368019
0.831783
2.4041
0.287579
0.241859
0.111205
0.212322
0.443717
0.650427
1.40754
0.407196
0.664873
1.86511
0.895716
2.8269
0.596999
1.08695
0.858252
0.531568
0.644492
0.958266
1.41396
0.483161
0.54839
0.490855
0.273563
3.61727
0.237333
1.12225
0.222315
0.348379
1.91767
0.683984
1.13593
2.26537
1.53921
0.731133
1.10943
0.552296
1.6658
0.321819
0.238448
0.571518
1.24243
1.18418
1.30328
2.8285
1.26294
0.662566
1.0423
1.74409
0.302852
0.62571
0.166005
0.846947
0.21108
0.227517
0.727609
1.55465
0.212678
2.27609
0.711375
0.475044
0.173389
1.39241
0.570278
1.56856
1.40119
0.984067
0.438163
0.711881
1.80174
0.463522
1.94622
0.855319
0.455127
1.7377
1.10897
1.74836
0.312576
2.04637
0.819578
0.507745
1.90432
1.23937
0.503146
0.449021
0.859866
0.939902
1.44956
0.644146
1.33427
2.26678
0.300454
0.175548
2.55546
0.80194
0.560181
0.394423
1.65922
0.712147
1.707
0.581808
1.42571
0.958044
0.572127
0.856578
0.637115
0.465887
0.912327
0.915496
1.17097
0.202614
0.5424
0.351922
3.93197
0.509017
0.758104
0.910032
1.83996
0.150621
0.621192
0.535931
0.139579
0.856386
0.466653
0.262549
0.231735
2.82119
0.659281
0.8119
0.808473
0.884655
0.446259
0.406197
1.81171
1.15424
0.795999
0.691013
0.906306
0.284718
0.585892
0.689395
0.551713
0.402582
0.970651
0.78053
2.11601
0.666368
1.06546
0.431762
0.895339
1.16767
0.504332
1.07035
0.339784
0.32383
1.94746
0.332742
0.316635
0.903441
0.287364
0.244543
0.299548
0.727791
1.70525
1.19967
0.322601
2.59928
1.7939
1.46615
1.49485
1.50037
1.64937
0.214946
0.692769
0.434503
0.415084
1.46413
1.26133
0.35562
0.787107
0.449966
1.41306
1.02757
3.19294
1.84136
2.1602
0.830871
1.45984
0.46826
0.902282
2.35565
0.448307
1.38179
0.861753
0.384532
1.08169
0.922526
0.854686
0.689462
1.54247
0.94121
1.52763
2.26696
0.425794
0.974358
1.84329
1.09516
1.19743
0.152449
0.435339
0.908814
0.990477
3.55879
0.428003
0.612814
1.55672
0.101387
0.660517
2.18387
1.65928
0.48238
0.133153
0.968924
1.60085
0.454349
0.55882
1.14893
1.00486
1.28262
0.203624
1.15686
0.751762
0.610275
0.996028
1.21405
1.0677
0.255259
0.191442
0.792295
0.886184
0.892257
1.17134
1.27664
1.52632
1.05564
1.88835
0.766193
0.797499
0.614326
3.699
0.418203
2.70748
0.40469
1.08411
0.75781
1.51643
0.538531
0.0447492
0.585596
1.06936
0.455144
0.482817
1.00094
0.148592
0.170252
1.13664
0.547911
0.985652
0.608366
0.353608
0.447031
0.198189
0.601372
1.04359
0.893044
0.287468
2.0461
0.821446
0.167781
0.169788
0.881358
1.59799
0.60203
2.13809
1.67951
0.976953
0.829151
0.155907
1.92032
2.12682
0.444527
0.158179
2.16073
0.628216
0.866935
0.764839
0.816941
0.406714
0.593954
0.885499
0.561978
0.405653
1.06927
0.957163
0.128302
0.556124
2.41856
0.833298
0.718198
0.131284
0.484329
1.20959
2.34157
0.971351
0.758777
0.857096
0.869684
0.877392
1.18594
1.11024
0.272543
0.875982
0.723437
0.21553
1.65789
0.375049
1.3026
0.496296
0.950389
0.563001
0.635787
0.266379
1.27746
0.955846
0.379621
0.496142
0.78465
0.698651
1.22525
0.830047
1.46612
2.07126
0.516118
0.729733
0.456774
0.372506
1.43504
1.13618
0.20425
2.25247
0.0499806
1.83492
1.16319
0.216701
1.41505
0.617035
1.16442
0.481807
0.905586
1.52307
1.05649
2.27253
1.18753
2.57079
0.421061
2.11502
0.524256
2.01899
1.96815
0.242041
1.94323
1.00978
0.646448
0.247079
1.5589
0.43887
0.249848
0.920009
1.01263
0.550068
1.81143
1.03815
1.87383
0.266026
0.40795
0.40561
0.808773
0.488419
1.67932
1.38551
1.20798
1.60099
0.480874
0.425897
1.60618
2.57828
0.302649
0.466138
2.97074
1.46716
1.34355
1.6844
0.468898
1.62285
0.282915
1.48475
0.900996
1.4931
0.942417
1.23847
2.23712
1.3343
0.291691
0.325709
0.424152
0.934437
0.499961
1.9876
0.687401
1.48791
0.929888
0.805578
0.539044
0.674285
0.660561
0.635623
1.61781
0.725349
0.421517
0.652282
0.236192
1.12257
0.611098
0.32668
3.04029
0.387959
3.27453
1.0444
0.225344
0.939532
0.764449
2.00862
1.25677
1.28144
1.42984
2.46327
0.339995
1.37222
1.48408
0.605721
1.30003
0.310567
1.70351
0.719926
0.767108
0.990687
1.13679
0.656543
0.805708
0.791094
0.266577
1.79294
0.253284
0.460924
0.146116
1.06022
2.09919
1.42511
0.286804
1.06386
1.18862
0.42561
0.950073
0.816946
0.873395
1.13092
1.55845
2.45208
0.67491
1.33234
1.26606
1.00242
0.669944
2.01902
0.908016
1.1321
1.62713
0.434022
1.07261
0.344488
0.694363
0.530799
0.604477
0.297051
1.14032
1.14455
1.20757
2.0996
1.33921
0.818606
1.10113
0.596249
0.452749
0.348459
0.781913
0.653072
1.48356
0.450163
1.45104
2.0336
0.796095
1.17707
0.898029
1.25686
1.62157
1.01111
0.261562
1.58213
0.326801
0.306599
0.877929
1.4176
0.597825
0.577979
0.990372
1.60231
0.758857
0.376896
0.105385
1.25541
0.880915
2.25158
1.2537
0.134365
1.70332
0.357501
1.23581
2.19301
0.218664
0.533382
0.331837
1.70096
1.13075
0.415426
1.10285
1.04404
2.0127
1.73929
0.726874
1.37687
0.825554
0.666362
0.990696
1.71031
1.00115
0.447371
0.711104
0.876968
1.19437
0.337615
0.517051
0.23694
0.967252
1.46396
0.369218
0.2152
2.35385
1.06497
0.270069
1.10951
1.75389
0.579727
1.03306
1.81102
0.39744
1.29885
2.10675
0.690483
1.45959
0.284859
2.78798
0.920023
1.44357
0.571857
0.0529467
0.909989
0.572489
0.856611
0.441049
1.24713
0.179255
1.20432
0.878149
0.347982
0.96733
0.850553
0.148593
0.904744
1.1163
1.80708
1.71967
0.804434
1.51631
0.823395
0.355029
0.216116
1.63668
0.378926
0.321643
0.970639
0.420035
1.45311
0.635248
0.312808
0.182043
1.44786
0.492002
0.809394
1.48044
1.11541
1.04356
0.629785
1.77167
1.06779
0.884413
1.56533
0.471869
1.63594
1.7363
1.06363
0.682355
2.86536
0.92424
0.584807
0.744134
0.640567
1.34101
1.04738
0.967388
1.26986
0.673797
0.25599
1.50292
1.39002
1.11075
1.89863
1.02274
0.836607
1.1799
0.733658
0.176829
0.212119
1.22936
0.174155
0.336563
2.40243
1.94334
1.07526
0.432075
0.200586
0.620481
1.4114
0.0182491
1.73593
0.566912
0.54683
0.381787
0.768991
0.461405
0.751773
0.31213
1.05735
1.05069
1.84807
0.756867
0.589637
0.205241
0.81527
1.9409
1.63758
0.626442
1.42067
0.188611
1.12605
0.582459
1.51435
2.0891
0.2791
1.09984
1.06883
0.889541
0.336275
0.483348
1.1733
1.11555
0.527833
2.12219
0.32338
0.403958
0.625446
1.53239
1.04911
0.475846
1.00927
0.798322
0.470555
0.907578
0.182883
1.17485
2.65756
0.540237
0.929238
1.70787
1.11313
0.398813
0.807925
0.532846
1.39104
2.51075
0.283555
1.56601
1.0652
2.67499
1.70277
0.725571
0.171191
1.60255
0.206035
0.48898
1.03183
2.26687
0.657111
1.09549
0.177307
0.725227
2.24489
0.2691
5.15274
1.56717
0.0494321
1.17488
2.44401
0.562362
0.262074
0.0362769
1.69849
1.7194
1.36355
0.83911
1.11668
0.745926
0.781104
0.798633
0.353826
1.30189
1.07514
0.845196
0.254679
0.852887
0.421239
1.43921
1.16416
3.59816
0.360528
2.11799
1.57033
1.85696
0.872008
2.01612
0.0707485
1.52077
1.36441
0.482424
0.285073
1.42073
0.990501
0.824503
0.396711
0.449555
1.22104
2.15427
1.56485
0.861321
2.29369
1.11362
1.01118
1.9257
0.259502
3.07768
0.685532
1.67945
1.79847
0.423969
0.551452
0.109864
0.8121
0.390092
0.912333
0.450869
1.62248
0.828292
0.540402
0.43951
2.1847
0.682119
0.340854
0.620284
1.00564
2.00072
0.956297
1.44563
1.61254
1.2773
0.853887
0.639069
0.210881
1.93869
1.45919
1.37011
0.958557
1.45546
0.379499
0.176062
2.7131
1.28467
0.967721
2.14737
0.713002
0.316267
1.56547
0.145751
0.554998
0.140729
1.79026
5.85953
2.02515
1.22344
0.986591
0.700121
0.831497
1.61304
1.84729
0.465237
0.856414
1.26694
0.609278
1.07377
1.8078
0.790848
0.859495
1.48752
0.318127
0.529211
1.17246
1.71627
1.5699
0.251481
0.836911
1.22541
0.471001
1.83029
2.17518
0.56421
2.66503
0.243313
0.523716
0.331051
0.488992
1.10922
1.48319
0.429485
1.02067
0.363955
1.63025
0.558785
0.581865
1.827
2.39065
1.76154
1.2314
0.596687
1.80231
0.611974
1.35882
0.286624
0.115698
1.24863
1.08719
0.0705923
0.190019
0.609048
0.167497
0.510585
0.608431
0.602691
0.467514
0.756267
1.01001
1.39497
0.294062
0.37169
0.438802
0.55171
0.736615
1.3763
0.19614
0.614612
0.955839
0.32182
0.88894
0.818782
0.328673
1.42412
1.413
0.461385
1.39457
0.711681
0.786866
1.24828
1.09543
0.940934
0.345894
0.489487
0.854102
0.613144
3.94077
0.835383
0.472442
0.493672
0.363465
0.761897
1.18812
0.54578
0.479367
2.84289
0.949379
0.905159
0.999857
0.394968
0.896706
1.34433
0.289417
0.200442
1.5128
0.687818
2.17836
0.0977626
1.09717
1.70765
1.39601
0.658106
0.587647
1.52988
1.97642
1.14359
1.41273
1.75307
1.78968
0.345892
1.15672
0.184975
1.16592
0.349005
1.27738
1.12702
1.36683
0.138356
0.650866
0.579859
0.724722
2.05017
0.459453
2.97853
0.885297
0.73712
1.04775
0.34262
0.733891
0.363178
1.38628
0.216386
0.462417
1.03549
1.89114
0.566167
0.439641
3.58233
2.22447
1.24104
0.92298
0.063378
0.0819181
1.90357
1.40814
2.27455
0.832282
1.22539
0.910077
0.848353
1.51108
0.421259
2.2701
3.20557
0.0523797
2.89062
0.5177
0.199873
3.11835
0.813482
0.460973
1.7165
1.18661
0.663498
0.233296
0.634639
2.81783
1.29231
1.1378
1.68472
0.402553
1.81689
0.721631
1.55923
0.664713
1.14647
1.77236
2.57302
0.218575
1.75738
1.14975
0.957612
0.634199
1.04337
1.11925
0.69669
0.692034
1.74372
0.844292
1.75852
1.71216
0.838737
0.491663
1.38175
0.896601
1.9044
0.929538
0.698651
1.30101
0.791686
0.373756
1.52381
1.60522
1.93602
2.05922
0.824764
1.31936
0.870057
0.835502
1.66897
0.23173
3.23772
0.133775
0.923625
0.461285
1.09236
0.0512649
0.491285
0.353965
0.881506
1.11677
