0
0.350297
3.97249
1.20575
3.39006
1.20914
0.308388
0.144208
1.70262
0.691923
5.91667
0.132877
1.12465
0.882642
0.0339869
1.22341
3.81164
2.02038
1.79339
3.44853
0.239681
1.51386
0.60275
0.235068
1.57722
8.09862
0.940569
1.33803
0.337143
5.29739
2.20156
6.39189
0.530747
0.719979
1.71986
4.67346
1.62363
3.82489
0.502423
0.720359
1.42723
0.70936
1.57892
1.56674
2.55162
2.06421
1.01916
3.1159
7.95973
2.34266
0.394393
0.554294
0.111761
1.90658
3.29604
1.323
0.848737
3.07994
0.667691
0.927667
2.20587
0.314193
0.556352
0.929813
4.6825
0.208305
4.32495
2.40744
1.67187
6.19028
0.696851
2.37233
1.82009
4.52885
0.910008
3.78161
2.65506
1.92
2.25422
2.63105
2.38734
1.32109
1.57993
1.49288
0.72127
3.39729
1.41808
0.164982
0.885062
0.632374
1.27924
3.90795
1.52043
2.23004
1.08132
1.36801
0.905234
4.41991
2.28953
0.363429
2.04665
0.214805
2.39846
1.74643
2.56426
0.239969
5.8736
2.15283
2.24817
0.171275
4.5544
0.887735
2.20563
0.701922
1.50716
2.00469
0.68355
0.829622
0.503058
0.306996
1.83096
5.90279
0.252571
2.45792
0.263564
6.36976
1.82255
2.88973
2.17572
3.27614
0.0777247
1.58141
0.215458
1.87586
6.09083
0.726048
2.94054
3.16235
0.544039
1.46904
8.15362
1.7079
8.05922
2.06485
2.3016
0.334916
2.70477
1.22133
0.643286
1.97945
3.45011
0.339458
1.93533
0.121795
0.549094
5.4185
1.54081
1.67557
0.80831
3.10055
0.25875
1.33824
0.854578
7.50083
0.550273
1.89714
0.407981
1.85401
7.10867
1.40934
2.55616
0.380381
1.14334
1.08287
8.75061
0.515963
1.4591
4.20143
1.865
1.55656
1.52454
0.0661789
0.999269
0.903935
3.45671
0.135635
14.105
0.160864
2.13661
0.626226
0.728229
4.19269
1.49686
0.774225
0.574033
2.86958
0.495723
1.18546
1.10416
0.187686
0.37039
0.353188
1.13962
1.71482
2.02295
1.36582
5.93524
0.428242
0.599721
5.11188
1.73709
1.08061
1.26521
1.88292
4.96077
0.492126
3.02039
0.861936
0.214749
1.34434
0.0453
4.4138
0.217992
1.49682
1.91251
0.431616
5.19827
2.14229
0.460275
2.02184
2.55068
1.20784
0.960372
3.94959
1.35926
1.00593
1.36988
2.58572
0.427529
0.541862
1.42174
1.17459
1.43663
0.894338
1.23786
1.31592
5.96298
0.207207
6.41245
1.19855
5.5248
0.86687
0.853905
0.772781
0.99415
1.63671
0.15113
1.17809
3.83125
0.723336
1.1186
3.35125
1.19005
0.201915
2.14372
0.325159
2.42237
1.48957
4.83418
4.22883
3.12485
4.36875
1.15017
0.960601
1.847
1.45786
1.0854
1.98518
2.41899
6.14688
2.30166
1.01596
2.3696
1.20315
2.36614
3.50241
2.3156
0.481063
2.25543
0.0640224
5.33354
1.04577
0.0304265
1.02545
3.03091
3.39989
1.33154
1.92079
4.5801
1.00913
3.57376
0.872914
4.18364
3.79968
1.06319
0.890084
2.7476
0.202447
1.03366
1.01638
1.53676
4.37147
0.146276
1.28749
0.740222
2.45249
0.496772
4.96766
0.364831
0.371517
5.57203
2.89101
1.07435
7.90441
0.239582
3.3498
0.850374
1.00456
0.257273
0.814487
2.4393
2.77951
0.486532
0.345872
0.0304515
0.326805
0.420301
1.67984
2.36338
2.79796
0.237071
1.69364
1.94788
0.895759
2.04732
0.314504
4.3799
4.54681
0.183468
0.539948
3.15232
1.08799
4.90632
5.32073
0.0413514
2.00031
2.67363
4.3041
1.4434
4.25716
0.909707
0.0256771
2.09709
4.74152
2.16059
2.10335
2.72121
3.63645
7.12206
6.5688
2.42906
0.802242
0.8056
0.110552
3.52808
0.0506257
0.608012
1.84434
4.46765
2.24719
2.61309
1.51225
0.705299
1.50101
1.28969
4.50445
2.66672
0.759019
0.51934
0.0433773
2.32473
5.31153
1.83321
1.28624
1.33575
1.71741
1.12981
1.5335
2.32703
0.480735
0.2276
2.0864
3.38773
1.79556
1.9205
1.81656
1.36754
0.674006
0.148306
1.48864
2.01224
2.49927
0.488905
0.998911
0.531874
1.24248
0.334121
1.37873
0.375176
1.36036
2.57189
0.282869
0.670711
0.118529
2.10986
0.164021
0.906692
0.71692
0.595753
0.173214
0.209356
3.14154
2.00769
0.0252713
0.345762
0.588995
2.38493
0.764151
0.436735
1.90396
3.1187
0.757384
3.86881
0.160869
0.212716
0.261349
1.0517
0.592416
1.14983
0.182998
3.34393
3.23246
1.08325
0.0744188
0.0937923
0.631626
2.35438
0.323108
0.278395
1.23101
0.0349651
1.72047
1.62926
0.20113
1.1015
1.07547
0.198582
1.81799
1.55285
2.05783
0.41138
0.707635
0.688098
0.744995
1.7168
4.02653
2.62028
0.0335364
0.915434
1.6186
2.00353
1.7731
0.0661583
1.28191
5.45678
9.1433
1.35769
1.91933
0.126782
1.12658
0.670273
0.0723978
0.509133
2.23467
2.47013
0.129982
1.35392
0.32744
0.0728631
0.423206
1.34319
4.02993
0.407646
0.522904
0.789905
1.33963
1.66799
0.302549
5.29957
1.30354
0.0448893
1.46271
3.94781
0.288125
1.23959
2.11316
0.523896
1.31285
1.557
3.32472
2.2604
1.18482
0.198337
2.11636
0.942191
2.06183
1.52204
2.37426
3.38564
0.59059
1.74096
0.952006
1.59036
0.609249
0.7391
1.37872
1.37396
6.57576
3.20092
0.00311566
0.0163519
2.48949
5.13668
3.08678
3.485
0.535043
1.39168
0.929041
4.1447
0.556436
0.713675
0.707481
1.01304
0.448897
1.60783
0.45678
1.30085
2.50579
0.799226
0.726258
7.75263
0.126972
0.733559
1.49803
2.06551
2.57083
0.465092
2.01003
0.743115
0.941218
0.246928
1.44757
0.0925694
6.10816
0.48571
0.185525
2.22822
0.185537
1.26735
5.05585
0.192208
0.471226
2.15621
2.47864
1.50998
1.50168
3.25401
3.48744
0.216553
6.40903
2.82809
5.70823
1.55501
1.30152
1.16213
1.1958
0.60559
0.604191
1.39383
0.131633
0.701162
1.01281
0.848589
1.75789
10.047
0.212091
0.248202
1.09604
0.0880493
0.274188
2.27318
2.68593
13.3965
3.01766
1.2856
0.64766
2.1692
3.07405
0.368984
1.53409
1.73844
6.08194
2.22884
1.02632
2.35115
3.59799
4.88987
2.03783
1.05935
0.406819
17.26
7.40745
0.99127
0.562731
0.656364
2.57071
5.37417
6.86675
2.24357
0.201394
1.23929
1.40959
0.0360444
2.8528
0.678406
1.42924
1.80106
0.251987
1.29204
2.51785
0.357997
5.91676
2.42116
0.255025
0.47978
0.67103
1.21823
0.413132
0.844548
2.37739
0.825644
0.357615
0.267943
1.52458
1.2599
0.600118
3.15458
0.217137
5.99715
1.08834
0.232193
0.491998
1.00999
4.27619
0.130371
1.50198
1.99679
0.212981
0.28532
1.09204
1.55918
0.352915
3.22275
2.45584
1.86962
0.241379
0.657717
0.510594
1.29235
1.37067
0.486987
1.29178
2.43346
3.24507
2.04592
1.46426
0.300628
4.02855
2.05145
5.51597
0.937432
2.79731
3.81535
0.221806
1.54813
0.232602
1.49782
0.321283
0.157033
0.287547
1.27522
1.14783
0.665912
0.143426
4.01935
2.41053
2.12412
3.5384
0.953608
0.604153
0.112615
1.65303
1.68591
1.98063
0.405974
4.47358
2.13527
0.487326
0.118421
2.1639
0.521159
3.2181
2.70636
6.62254
0.0365228
1.44199
0.745863
3.03577
1.6959
0.153067
4.75214
0.895985
4.21334
2.01399
0.218507
1.42167
6.26873
1.00892
0.452149
0.546911
0.979244
13.1404
2.10706
1.52115
0.476046
2.41279
1.89758
0.46706
1.4258
1.02216
1.39156
0.566688
3.1056
0.168944
1.18441
2.01299
3.32828
4.75119
3.30485
2.54522
3.21485
2.76283
2.10201
0.818627
0.0370368
5.19678
1.5216
0.361033
1.30516
3.0655
3.23403
2.20867
3.3153
2.12002
0.35938
5.17897
4.24936
0.958032
1.67195
4.50807
0.00679415
1.87641
3.144
2.6128
0.300568
1.48206
0.124019
1.88152
2.01373
9.83087
4.04561
0.23479
0.372309
4.72999
1.4291
1.30431
1.57631
0.429043
4.8867
1.42537
1.68266
0.304792
0.740076
3.39366
1.44736
1.63764
1.62674
1.94574
7.30105
1.60179
1.33038
0.828816
0.0903568
0.996764
0.924023
0.831195
0.771001
1.57025
0.440236
2.96022
1.26151
2.18504
1.80321
2.06609
0.126424
3.52761
0.0112439
1.33405
1.16133
0.258409
0.742946
0.0511348
0.260198
0.998057
0.826091
0.504826
0.0946935
3.74202
0.789812
0.358068
0.302058
3.93848
2.67097
4.04607
0.610952
2.36294
0.618134
0.26135
2.34814
4.18588
1.77338
4.91474
0.0971586
0.0118537
0.66102
0.728347
0.573822
0.825014
0.624148
0.0380169
3.88987
5.80996
1.2285
3.84627
1.96627
4.63474
1.10541
1.00226
5.96555
1.58518
4.82728
0.396619
0.974366
1.35257
8.18876
0.911803
3.93397
0.778078
1.58232
2.69939
5.33184
1.34811
2.6701
2.47364
3.14363
0.174522
1.71
0.178776
2.09929
0.399868
3.274
3.00543
1.36669
0.564473
0.306311
0.481405
0.589867
0.031671
0.776842
0.338045
0.0459928
1.32004
2.28719
0.457673
3.49291
0.352591
0.501555
0.570026
1.82146
2.21037
9.86122
0.510666
0.349332
2.5108
1.05259
0.95066
0.722122
4.65451
0.382735
1.64093
6.93961
1.15118
4.75858
11.0672
1.45387
1.95441
0.327096
0.337756
2.0393
5.6788
0.538301
1.04866
1.69865
3.88692
4.54881
0.415431
3.16966
4.45343
0.818118
1.83335
2.93655
0.825247
2.95244
1.67399
1.13736
0.091719
6.58441
1.18746
3.59882
1.28134
3.01168
0.345025
1.52602
0.87448
4.76013
1.08479
9.15726
0.805887
3.02373
0.0142527
5.57972
4.76794
5.06241
2.9652
6.1795
1.15856
1.11739
0.986754
0.153078
0.480944
1.58286
1.09789
0.313678
5.71319
0.457638
1.08331
2.6527
1.65159
0.103316
1.95786
1.1473
1.42859
0.894814
1.93827
0.115966
0.811944
2.58788
0.332887
0.460916
1.313
2.21908
0.571942
3.39035
0.0276726
0.116022
1.8026
0.841451
3.86606
0.290485
2.48132
4.1357
1.86359
1.97246
1.27424
7.92421
3.0038
0.976178
0.284885
3.1224
1.40508
12.7994
1.38766
2.17193
0.231857
1.06394
0.16208
1.89461
5.80693
2.62248
0.662402
2.40992
0.474923
0.0508868
1.47126
4.17912
0.219632
1.0217
0.75505
0.360468
5.60134
0.720338
1.47621
3.63379
0.490062
2.29339
0.239619
0.596531
1.427
2.81885
0.535641
0.624536
0.0134536
0.813047
0.340271
2.70153
0.170133
0.227953
1.68935
0.286276
9.13136
1.44906
0.0831926
1.97759
3.24531
0.422738
1.23499
3.22978
2.45018
3.76528
1.64336
1.45825
1.95814
1.83594
0.116206
1.38461
1.03066
1.06574
0.248645
0.258697
2.55141
1.68521
3.54742
3.30032
0.19656
2.75642
0.14952
3.11167
3.6361
0.88704
0.0362317
1.10767
0.918344
0.654802
1.68707
1.03861
3.55617
0.361096
3.41852
1.16977
0.600964
3.08793
1.4654
3.09472
0.913742
0.872948
8.17293
0.943004
9.13161
0.717683
1.48803
0.821875
5.00297
1.71112
0.0485858
3.50202
2.38402
1.58227
0.736413
3.83325
0.100618
0.195054
0.807632
0.480926
1.78986
0.766291
0.22383
2.04882
2.6995
1.92389
0.904116
2.3985
6.40342
4.53819
0.176809
5.6891
0.142861
1.50166
3.58023
5.18886
0.00371468
1.2203
0.22485
0.689812
2.11494
0.540062
1.09241
0.93713
0.121416
1.44977
0.448158
0.105229
0.611948
5.63913
0.326645
1.22525
1.15503
1.14174
0.0150045
2.00573
1.09523
2.57519
3.35494
0.919569
0.513486
1.84177
0.624459
0.595605
1.76675
1.21566
3.90063
1.84666
0.6066
3.15099
1.60316
0.168739
1.62249
0.728623
0.737874
0.679679
2.44907
0.896958
0.999063
0.329978
4.95609
2.80076
6.61473
0.00793941
0.747785
14.008
0.320913
0.331967
0.601084
0.711511
0.562016
2.77489
6.24427
2.75873
2.1311
1.20267
0.223308
1.03062
2.07099
4.0002
0.178214
0.476093
4.97335
0.187364
1.46859
0.101906
0.674194
0.528185
3.13155
0.796661
2.81448
1.83867
9.09672
1.27807
7.45545
2.82995
0.142065
2.71927
0.627203
0.447865
0.735525
0.914819
0.491416
1.82005
0.388725
1.7332
0.664218
0.602434
1.60022
0.342695
0.710476
1.55383
3.41505
5.47317
3.94103
4.96094
0.420758
0.734787
1.5212
0.244173
8.68958
1.82677
3.90626
1.96968
6.04257
0.246225
2.98182
1.40134
1.97667
2.41123
0.349499
0.707433
6.53456
1.73314
0.0213908
3.5358
0.304469
4.37544
0.576922
0.842463
0.0715954
6.34735
0.409379
1.8371
0.0347957
1.87484
0.773194
0.859457
2.93293
1.50001
0.936421
0.764503
2.61027
4.93477
0.726486
1.40824
3.7845
0.253844
0.352428
4.15679
1.76426
2.76672
1.61604
1.75431
2.82787
2.82994
1.02618
2.37863
0.242131
2.72383
2.12499
0.0487891
3.02772
3.44873
2.31373
0.815068
2.79305
1.27176
3.08449
3.51799
1.91838
0.384321
0.110057
0.544827
4.05126
0.970819
4.69077
3.14379
2.59608
0.612997
1.91177
1.55245
0.977085
0.0911342
3.79571
1.51573
1.08647
0.819117
1.70413
0.266355
3.28589
3.54596
0.720922
2.80164
9.90939
3.95901
1.54621
0.523771
1.70187
0.373536
0.848699
1.74596
1.94015
2.69149
2.23952
0.369395
0.241453
1.37895
10.3649
0.755487
0.285041
2.14243
0.798846
0.116356
2.66717
2.30372
4.33227
0.674412
0.0125394
0.717103
0.417748
1.94079
0.78652
2.61035
0.180508
0.529773
2.0698
1.66056
2.19423
4.04394
6.63599
4.56377
2.0634
5.46334
0.526027
0.703522
0.883677
1.30885
0.0620301
7.74512
2.83243
1.1827
4.77775
2.68395
0.232908
1.76369
4.40193
2.03633
0.629124
2.58984
2.51226
0.146833
2.98567
3.91527
0.617378
0.626775
11.258
0.220977
3.5109
1.23019
1.15822
0.429142
0.923796
1.20534
2.22115
0.84028
0.630986
0.568755
1.56149
4.09419
1.70317
1.10904
3.61434
1.24979
0.85896
0.0492802
1.02044
6.04145
0.491396
3.22376
1.39011
2.49002
1.10602
0.117446
1.39831
2.45283
1.42348
1.65794
0.577257
3.57389
2.10653
4.51897
1.41613
1.21543
2.68724
2.66039
0.787219
1.92417
2.31927
0.614127
2.67168
5.48121
6.77604
0.338107
2.03703
4.38065
0.327661
0.945333
0.305768
0.835122
3.95436
0.244622
1.59678
3.38404
1.51102
0.836871
0.0972468
1.21034
4.19373
1.24085
1.31515
2.89172
1.18128
0.589863
0.673952
0.280219
1.24138
8.50566
6.45418
3.81366
2.18635
0.558857
2.04241
6.28528
0.915805
6.59146
0.127328
1.9634
0.66216
0.23672
4.0073
0.915605
2.25046
0.480715
0.773829
1.64625
0.872472
2.47155
3.65121
2.36544
7.78755
5.75224
0.998674
0.125472
2.25282
0.385431
1.11384
4.87331
0.914678
3.1159
2.38904
2.69266
0.236168
6.54977
1.51072
2.0441
0.362615
3.38949
0.539145
0.548877
1.96589
0.21334
2.54687
1.77866
1.76422
4.69941
0.0919574
2.68922
2.17822
0.280489
0.863791
0.283624
0.629122
4.25864
0.858789
0.115193
1.34998
0.432071
1.87858
1.96538
0.791054
1.97335
2.76528
3.22394
2.20095
8.07997
0.429626
4.43375
2.30085
1.45217
0.412745
1.90552
1.93219
1.47926
0.485522
3.25119
0.01812
1.92133
2.26251
0.730605
1.52295
4.85396
1.01238
3.92768
1.52548
2.89113
3.15824
1.30582
0.50443
0.0230199
1.98476
0.0745138
1.73001
0.388244
0.695123
1.7904
1.8243
0.554386
0.130295
0.570919
2.06849
2.54973
0.521259
2.9028
10.9599
0.650538
1.62629
0.534034
0.247021
4.39992
0.389856
4.01416
4.53672
0.607318
0.992918
0.833175
0.452085
2.43391
0.143231
1.05687
2.47292
1.73573
0.78844
2.65469
0.256076
1.57457
1.37374
3.93792
0.00253377
0.706411
0.956823
0.0217145
0.793756
1.60681
1.6872
1.75847
0.87201
0.563452
1.27192
1.91992
3.01021
4.74535
0.483996
2.63336
2.45164
0.3607
0.715521
0.908095
0.411848
1.72245
1.92234
0.777764
4.08146
3.20754
0.250678
0.0265573
0.548215
0.642297
0.28724
2.90927
2.31333
3.70399
1.23476
2.9914
0.194965
1.52481
1.34399
0.0703754
5.03293
5.44481
10.2813
0.146184
0.336039
0.273883
2.50965
1.21284
2.08151
1.4647
0.709327
0.979102
0.200244
0.291504
4.5501
5.9167
3.41884
2.41707
0.115178
0.0146376
8.9147
1.47318
0.884245
2.13047
6.08302
2.18586
5.11443
0.068072
3.2869
0.656776
2.01673
2.08018
1.56075
4.33273
3.11373
7.35215
1.52438
0.953278
1.99721
1.22079
0.0552063
5.02295
0.1141
2.90388
1.05634
0.426909
1.06389
6.69027
2.19561
4.41276
1.18537
0.0194684
1.31238
9.10512
0.0995424
1.04579
6.47626
0.806291
1.29589
0.339383
0.88364
1.02633
1.86855
8.14167
0.077247
7.10504
0.13133
5.60248
5.25633
0.117028
1.10565
0.985108
7.85138
3.43552
0.876989
0.0213836
0.34629
1.44421
1.30526
3.79494
6.19448
2.0198
9.05313
1.01391
1.52798
0.13069
1.66749
4.63029
2.70138
1.48811
10.7178
0.0724747
1.02382
0.028363
2.14273
1.39707
3.22865
1.88746
2.01387
2.1743
0.534444
0.631436
1.67372
3.05385
0.838468
0.170857
0.834586
2.8047
0.0946997
0.632738
3.32576
0.204841
1.11828
1.38414
0.991021
0.946744
3.73121
1.30856
0.364145
4.75328
1.30395
1.12052
0.516145
0.147542
5.57937
2.49714
5.94711
0.0137731
2.86371
9.14384
1.04963
0.173565
5.6965
4.56332
0.378375
0.470746
1.70161
0.541641
2.17091
0.856157
1.3146
0.0140576
3.08131
0.085917
1.40553
1.65474
1.39723
0.201175
1.21193
5.41111
0.487988
1.91786
0.0145354
2.40015
4.30746
0.539529
3.10213
0.750967
1.42183
1.92421
3.32309
1.76958
0.982613
0.60027
7.66822
0.20285
1.89412
1.98084
3.43665
4.118
0.599967
1.47486
0.613222
1.6731
3.93053
1.32203
3.42453
1.8425
0.46714
0.912208
6.25524
0.563271
1.24313
0.4547
1.78637
2.91289
2.49393
1.46023
0.682986
0.174185
0.14288
0.0438057
1.92206
0.255227
2.84943
1.73682
2.60501
1.65006
4.213
2.66272
0.0898492
1.17071
3.53468
1.75693
0.734331
1.01755
0.340454
4.14398
1.92345
1.2186
0.938329
3.14487
0.0440013
0.157243
1.0258
2.62361
1.03999
0.322508
3.95475
0.148265
1.29995
4.66713
2.06919
0.144422
0.367764
1.01152
2.34427
0.146459
1.05615
6.40823
2.60061
0.685856
0.101965
1.65944
2.70526
0.986287
0.964736
0.652368
0.182665
10.2363
0.174237
0.453697
1.35948
2.41685
0.0586991
0.607044
0.31996
0.359101
0.357642
4.87077
0.860578
3.3212
2.00127
1.06029
1.85329
0.0116275
3.04952
3.80454
4.41088
0.75503
0.538957
1.14853
1.92078
0.228552
0.499167
2.05757
3.38066
0.0154599
1.11029
0.566062
1.02148
1.3705
2.83718
8.52243
0.342986
0.0241294
2.56783
4.39475
1.78475
0.167126
3.97084
0.492038
0.132279
0.223326
4.69919
0.457393
1.79782
1.14984
5.90188
2.04104
0.623075
2.09103
1.56773
5.95594
0.351405
8.09506
0.151321
0.871841
2.34284
3.91549
2.62829
2.8505
0.47553
3.22668
3.48513
2.41963
0.445739
1.87073
4.75088
1.48222
1.81502
0.221579
3.06212
0.93819
2.65133
1.23463
3.61712
0.525876
5.077
1.7314
1.78955
5.10462
0.377309
0.416129
1.27953
2.39861
2.52336
1.75053
2.19018
4.45525
0.728824
0.0310462
0.809258
0.187887
1.58561
0.878699
2.51306
1.07007
5.05076
0.118635
2.10672
0.365334
1.91832
0.942943
0.186215
2.33766
1.63884
0.0280581
0.660231
1.12404
0.59402
0.599601
6.61032
3.70389
0.499336
2.72284
0.839329
3.13075
4.34044
2.0587
4.13322
2.32075
1.26382
2.25772
5.89171
0.00229134
0.88045
2.1363
1.34939
0.892618
1.33429
0.783308
2.53128
0.634915
1.56482
0.525299
6.9515
0.25726
0.339648
3.1246
0.679608
9.91357
0.538586
6.37865
1.53735
1.78092
2.05445
0.81698
2.32923
0.996469
0.101664
3.0236
2.3122
5.38757
0.887517
1.7301
2.54492
2.61484
0.832777
0.85409
3.33662
0.479803
2.21009
1.51591
3.9754
2.61308
0.371568
4.56622
6.33267
0.291983
4.73238
1.18282
1.53775
0.894318
0.370097
3.26837
0.013125
1.79206
0.0953144
0.227398
0.553843
0.398965
1.08296
0.102127
0.0313856
1.12864
1.88248
2.14462
1.75809
0.415343
1.98656
2.04292
1.12027
0.665402
0.0518312
2.88275
0.276057
0.890098
0.295169
6.81183
0.764405
1.75241
3.79853
0.966705
3.15589
2.12385
1.88207
0.374759
0.734612
0.548189
3.05311
2.63028
2.03718
2.20998
14.0875
1.98984
1.00274
0.130599
1.59577
0.472297
0.686688
0.354662
1.8023
0.379097
3.43908
0.167751
0.610617
0.143724
0.0347448
1.77169
1.19176
4.59045
0.81036
0.166024
2.6078
2.8095
4.82045
3.00891
1.0578
0.26979
1.34469
0.785741
2.57286
0.644997
0.0888518
3.85008
2.79183
4.44145
3.0122
0.0130533
3.06659
0.207598
10.6804
0.172063
0.499179
0.278078
3.32631
3.71277
0.305029
0.0651077
3.02595
0.485991
2.1062
10.2106
2.29098
1.73897
1.09921
0.404629
2.73084
12.9358
0.83366
1.09776
0.317223
1.03963
0.0375605
3.98854
0.0946985
0.700663
4.05346
3.95103
1.01802
0.351139
3.29368
0.43921
2.89046
2.22077
5.26746
0.42812
3.41738
0.907478
2.10344
0.469373
3.00593
3.61206
0.438887
4.03202
0.501206
1.34624
1.11156
1.01314
0.973966
1.2113
1.66475
0.117251
3.40837
0.500179
2.16295
0.518012
5.27236
1.43334
3.18302
0.00572552
2.1534
0.505604
0.618569
1.1695
4.58789
3.01498
4.87811
0.566481
2.80848
0.446964
2.95371
1.42956
0.981132
0.98223
2.52827
0.989578
0.29363
4.34264
1.67973
0.502687
0.196763
9.07478
1.68659
1.48191
2.73733
0.495646
6.656
1.83485
1.13355
2.2033
8.11978
0.230285
2.47466
1.18627
2.06157
0.63107
1.75939
0.338528
4.54632
0.47672
0.140288
2.30975
2.96383
0.954696
0.320859
3.56478
1.35376
1.38406
1.73327
1.00628
0.546085
8.14255
4.06434
0.378377
1.33927
0.182154
0.884361
4.67397
1.30111
0.352098
0.0929369
0.78222
0.313801
5.34552
1.80441
0.509942
1.38112
0.755987
1.18094
0.222749
1.23775
1.41553
4.90254
1.54991
1.84458
2.28194
2.9488
2.58558
0.271884
2.75711
1.82463
6.6968
0.443005
0.343505
1.95716
1.52473
5.70463
4.94725
1.00822
2.26165
1.60949
2.40703
3.89212
0.470763
0.200296
8.17993
0.415572
5.25588
1.25544
7.63676
0.720322
0.882333
5.79706
1.96496
2.85533
1.36382
0.0309784
1.36366
0.23961
2.97529
1.89984
0.564439
6.89615
2.75651
5.50519
0.304915
0.832547
0.610617
0.56086
1.21292
0.313673
0.429999
0.223842
2.73398
1.981
0.613334
4.13682
0.815313
0.477832
3.2262
0.762877
0.437373
0.364121
0.751789
0.151858
1.86
3.48262
1.68748
0.110221
2.26411
0.738226
2.02759
0.598704
3.46509
0.682364
0.395317
5.25176
9.46376
0.145929
5.78216
1.90397
1.57349
1.28257
5.84782
3.15481
0.172817
2.58785
3.48688
3.54401
1.71804
2.29069
4.93274
5.5128
0.821234
5.01361
3.66535
1.88071
0.157886
1.57349
0.775931
0.551057
0.87217
0.770263
0.774004
0.396568
1.27756
2.29108
0.932346
0.450465
0.12756
0.938259
2.17408
0.440768
0.764465
0.00031566
3.45033
1.83717
6.67386
0.95385
4.52204
16.7143
0.798028
0.190594
1.53973
0.40686
0.39411
1.30115
6.03248
2.46902
0.628588
1.85867
1.22382
1.81607
2.49912
4.41379
2.87828
0.0247904
2.42161
2.03409
2.64177
1.17677
2.33376
1.52943
2.69579
2.71045
1.41986
0.37552
1.5831
1.03106
0.55079
0.385926
1.1722
1.53958
1.38725
1.82278
1.02876
0.78825
3.3077
0.427974
5.24389
0.525226
0.392643
2.9053
1.24575
1.39686
0.968904
5.10216
2.51115
1.87832
5.06629
1.7634
1.77183
0.358664
0.969629
6.45578
3.6183
2.94621
2.6918
0.600278
0.0505629
0.274178
6.39584
0.620603
2.92003
0.327846
1.66917
0.764407
0.996681
1.40558
0.105276
0.403879
6.48048
2.90865
0.534703
0.156269
1.6788
1.57615
1.99972
0.112016
3.1203
0.621133
0.282443
0.139911
0.0551278
0.959522
4.53361
0.00483026
2.02164
4.51255
1.38118
0.757084
2.0921
8.56445
0.793579
1.44777
0.813481
0.0383113
6.50902
0.303151
3.028
0.401713
1.0418
7.16308
0.178093
0.21755
0.608989
0.434926
2.30792
3.80958
1.17713
0.0090802
0.385842
0.514595
1.06125
0.167421
2.35062
0.856674
1.63241
2.27651
4.7004
0.582246
1.35984
4.19279
1.72606
0.274758
2.18861
2.05527
0.139693
0.0105506
2.4856
0.116963
0.242227
2.73917
0.129167
0.2803
5.25034
1.18752
6.49463
0.548431
0.43471
0.304199
0.472596
0.0760339
2.23395
2.07205
1.68246
1.08265
2.38756
0.644158
3.64673
1.59727
1.67852
2.43993
0.662336
0.10694
3.20725
3.70048
0.463568
0.125459
2.71529
0.302148
3.98458
0.792428
2.64396
2.75203
1.21499
0.316884
3.38341
0.110313
7.89175
5.74017
1.5053
0.139132
2.27267
0.0285048
0.0274686
1.16085
0.109592
2.17411
8.65075
3.74283
4.87892
0.659944
5.14131
4.22533
0.66945
0.0241788
0.0635828
3.94436
2.02193
0.590581
6.57729
0.459062
10.259
3.38292
0.170792
2.81373
0.0516625
3.83784
0.147749
0.436231
1.49024
2.78663
1.12391
0.717634
6.47156
0.794718
0.492724
3.12385
0.471017
1.63839
1.8291
0.565938
0.0718283
2.44204
0.611768
0.682624
1.49391
1.88685
7.38474
1.35722
2.41419
2.1937
0.109726
0.771082
0.401166
1.06901
1.46371
1.1205
0.770365
0.417246
2.07168
2.33029
0.4581
1.76498
3.56794
1.94103
0.610601
3.31447
2.74377
3.15084
0.960935
0.0358011
4.18683
2.50668
0.888418
0.387793
0.78325
4.59896
2.11034
1.06196
0.848433
0.296457
4.55826
3.6057
5.81915
0.940101
0.190706
3.20056
2.4914
1.46018
2.83258
1.09335
13.8429
3.69164
4.55183
5.591
0.600663
1.99579
4.65606
0.623868
1.1647
0.123334
7.92588
1.22963
2.76441
1.75618
1.10928
5.21204
2.47549
4.25129
0.426423
3.3825
2.64851
0.336018
1.65756
0.146111
0.896856
3.6576
0.230184
3.76968
0.369301
4.25679
1.05279
0.68492
0.436958
3.31358
0.106854
1.59603
2.88267
0.0273792
1.35321
0.664133
3.14491
4.30428
1.01654
0.817151
5.31946
0.946052
1.31369
0.16104
1.90057
1.43246
1.12102
0.105957
0.794722
0.887223
0.285657
0.283932
0.658213
6.12325
1.17227
1.46165
0.0431787
0.110827
2.43334
0.384798
0.0920605
2.16981
6.68425
0.431387
1.36063
7.38818
0.773986
0.722684
4.72716
1.09399
1.05367
1.23489
1.78383
1.99135
0.633241
0.992335
0.0495145
1.84154
0.587899
1.80271
0.724681
1.88325
0.287531
0.569639
0.234834
3.15357
0.469692
3.47113
5.6194
1.33212
0.39357
0.820089
0.367912
1.22603
1.57642
5.14864
2.84307
2.20165
2.99055
1.7027
1.87683
0.314836
0.0874453
2.25381
0.331371
1.75163
0.620061
0.364836
0.264001
6.07966
0.943416
3.83535
1.14751
1.84578
5.02997
0.126568
3.35856
0.271149
0.302947
0.0953121
0.869597
0.788238
1.93298
2.25394
2.31054
2.83552
0.067314
1.24471
4.14241
1.94048
0.571945
0.112824
2.32637
5.72044
2.09615
0.116574
1.8415
1.9754
1.52453
2.10942
4.47053
5.82122
6.27016
1.91716
5.93606
4.46936
2.00647
0.221844
6.42359
1.50031
2.94261
1.24273
1.29501
0.309947
2.51564
0.459051
0.166988
3.58304
2.63317
0.828031
0.730242
3.01741
1.64167
5.02943
0.863229
0.0656169
5.73194
0.933184
1.44846
10.5022
1.0713
4.90298
1.00423
0.951299
6.45743
1.90716
3.83131
3.27809
0.622089
1.85966
3.52531
1.40174
4.58684
7.79854
2.67695
1.55374
3.28734
6.79314
0.381559
13.0375
0.282949
3.78552
1.32248
2.73566
3.1563
1.4065
1.02497
5.71607
2.79868
1.02917
0.85714
3.05872
0.427791
1.73166
1.70627
0.989297
4.90076
1.02425
3.59059
5.28718
1.86268
4.47616
1.26979
1.04258
0.775416
0.274636
0.191474
4.37186
0.565462
3.26711
0.0285664
1.1573
1.42167
1.63072
2.38873
5.36699
1.12948
1.68602
3.06952
0.0333882
0.0749123
0.720381
3.15016
3.79646
0.410382
1.14385
13.0124
0.276554
0.246865
2.28502
5.47166
0.375398
0.734104
2.49569
1.62864
0.704571
1.15008
5.74326
2.02767
0.662899
0.0833375
3.2611
8.65115
0.247938
0.272065
3.44748
0.954474
0.225698
5.86318
1.11812
0.879919
0.0929621
2.31857
3.35179
1.07104
0.106898
0.190596
2.47015
0.496169
0.559796
4.68305
5.3153
2.11089
0.145049
3.06721
1.24167
0.326275
0.305095
5.39288
3.43299
1.10137
0.287363
0.145778
3.90784
0.89593
2.15433
3.57308
0.148042
0.0339243
1.05952
1.20308
1.07646
1.62367
2.43455
6.26087
0.585903
2.16721
0.393559
1.99953
0.0249015
0.436965
2.92517
5.35765
1.22909
0.998855
1.68653
13.2574
1.94858
0.948068
0.836471
0.533425
1.4278
1.1724
3.69074
0.0155584
2.58439
2.35996
1.12424
0.927471
1.40912
0.270919
2.44204
1.88435
4.37062
0.489853
1.05162
0.0744551
1.57746
3.63234
3.1946
5.10155
1.20455
0.530311
0.187265
0.420284
0.349093
0.0512475
5.41182
0.979599
1.11981
8.88598
0.0454438
2.41637
1.16658
0.374987
0.832595
0.332305
3.48126
0.782232
0.969879
0.934663
2.9529
0.652793
0.868728
0.953833
0.324965
10.4264
1.76008
2.63429
0.00786283
3.76419
2.14663
2.29632
4.19978
0.537713
0.771706
2.27628
0.467613
3.02508
4.73225
0.87669
2.9515
0.929543
7.42957
5.65912
0.630594
0.750796
2.53612
3.63896
6.49836
0.543776
1.17602
1.31605
1.4533
3.10637
0.301097
0.863655
0.412314
1.22067
3.57835
0.624913
2.10003
0.0158261
0.46899
0.299239
6.18158
2.09577
0.888366
0.307885
1.64038
1.03361
0.92154
0.291655
2.31055
0.0356896
1.04927
0.215702
0.385465
2.03651
3.00941
3.10298
3.37642
0.514924
2.45057
1.78162
0.609673
4.31609
9.84832
0.0777351
0.722655
2.34021
6.81803
0.858453
0.376755
1.85991
4.55566
0.687258
3.02946
2.35023
0.123484
1.20378
0.691596
0.943555
0.479269
0.118131
0.410785
1.53496
7.28957
1.46989
0.987918
1.35458
1.14199
3.67844
5.02625
4.60367
0.649276
2.91802
1.40784
1.414
3.61946
2.4229
0.642678
1.03994
0.973597
4.16115
0.385569
3.13648
1.01006
0.565214
2.17683
1.43536
2.50888
1.79055
2.73371
0.383681
3.43951
0.973337
2.90386
1.32285
0.686413
0.913084
1.66269
1.31331
1.01491
0.751545
1.31108
3.27959
4.02321
0.463469
5.37157
1.42074
0.15277
2.41679
1.23321
1.36855
0.481349
0.892605
13.385
0.833289
0.529642
2.32655
2.5326
1.49024
0.911194
1.04981
0.0390964
0.268552
5.13105
0.00871184
4.75328
0.162507
0.816653
1.16824
3.01618
2.49565
0.829239
0.566098
2.00363
0.399779
0.836086
0.962946
0.666908
0.0782102
1.34596
0.560319
1.80321
0.140335
2.14423
1.35945
0.212546
10.0477
0.284782
0.667781
1.14176
0.258034
0.423323
0.108478
0.0016922
2.94389
0.66553
0.251499
2.29322
0.885302
2.25607
0.597807
2.08869
1.55446
0.0177107
4.47805
0.0540425
0.226638
0.278627
0.785545
4.51874
0.785355
0.594775
0.160618
0.233403
1.32678
1.10166
0.310566
5.70213
0.985821
2.5821
1.12342
1.94465
1.99007
0.0820056
1.95118
1.89974
0.280714
4.315
1.53247
2.63242
2.57199
6.57539
0.875835
1.09933
2.36365
3.38536
4.68903
5.42848
3.01194
1.42795
5.35564
0.358762
0.127052
2.36097
0.402885
2.45336
0.652004
1.08247
0.61761
1.81118
3.50213
4.61723
2.29021
0.641723
1.54127
4.62958
1.75052
0.0339388
3.504
0.357924
1.77867
4.71677
1.4998
1.49985
2.47639
0.952717
1.38398
7.96709
0.0313927
4.28774
3.54186
0.253621
1.65814
0.928997
0.604762
1.1438
0.515188
0.558357
0.469744
1.79066
2.11476
0.462441
3.37642
2.75292
0.933606
1.85273
0.173973
0.759369
0.101292
2.77004
1.44161
0.608413
4.12019
3.50847
0.163565
0.596884
2.9891
1.86825
1.40273
7.06811
0.928829
0.0874974
1.23624
1.45028
2.30651
0.448131
4.02688
2.31014
1.17088
4.04436
1.27498
2.2055
0.424491
0.508403
2.10651
0.17272
1.26262
2.49523
0.273575
0.00333583
0.971133
2.42638
0.514883
2.62195
5.10588
1.34705
1.29759
0.405055
3.02335
0.262185
4.31659
1.36268
2.26185
3.31802
0.942778
0.66549
1.1824
0.154433
2.36485
4.60681
0.331699
2.54275
2.58126
0.00428475
4.44589
2.28892
2.70181
2.96915
0.370244
2.41474
1.46698
0.0223011
4.21348
1.50638
1.59519
4.79669
1.84578
1.58477
1.72669
1.11551
2.25791
1.72635
0.411286
0.768917
1.60547
0.398847
0.589696
1.66796
0.571288
4.31853
0.216963
2.83629
1.28396
5.15539
14.6298
0.761447
1.28305
1.34322
6.95411
0.913198
7.42563
0.695917
4.97335
0.551865
8.95684
0.533696
5.12107
0.473627
0.147778
3.00709
3.28711
1.54993
0.671596
0.639006
1.36686
0.782535
2.68202
0.908249
0.081718
5.82057
4.30977
0.26549
0.264761
3.6531
0.195847
1.20324
1.53501
0.196149
0.184428
0.638093
1.83149
0.454651
0.134426
0.648435
2.20482
0.282726
1.01849
1.19439
2.03581
2.71108
0.565181
0.127014
0.115614
4.58917
2.11203
3.55127
0.860669
2.83503
2.71756
0.687421
0.610005
0.270412
6.16763
0.634011
0.288087
1.40343
3.35255
7.43008
0.310993
5.80484
0.519581
5.93638
0.805333
0.158644
1.74614
1.5245
0.184381
1.88682
0.419561
0.672459
1.98513
5.05767
0.223564
8.06532
3.1941
0.484235
2.13866
4.38693
0.120743
3.79529
0.88389
0.272934
4.23283
3.51473
0.0789965
0.556114
2.3928
2.34189
0.486214
1.55539
2.42061
1.44759
1.70856
1.28939
0.44547
6.21822
2.31224
0.0514661
4.20686
1.44405
3.38461
1.89663
4.9104
1.07156
2.88892
3.9257
3.34471
1.76803
0.286699
0.495062
2.02234
1.1402
0.725648
0.184807
0.0184989
0.456185
0.265416
0.168453
1.38238
1.82638
5.49057
6.96455
0.235791
0.276497
2.40928
1.76823
2.53529
0.171818
1.46342
1.72853
3.68896
1.69066
2.15792
1.92069
1.40551
1.66667
3.35657
1.26019
1.32577
1.59769
2.90961
2.1308
1.37896
0.285845
3.29172
1.57477
0.0348398
0.482279
0.346947
0.383893
1.4157
6.40291
1.96075
2.68831
2.1413
3.429
0.448889
3.92249
0.278177
0.895286
2.92625
2.07637
1.05268
0.265385
2.68289
1.65557
2.93193
0.490852
2.90836
0.845245
0.782187
0.433244
7.09559
1.16242
0.0175049
2.4645
1.41107
0.334161
0.785349
1.6443
1.10662
9.576
0.904113
1.07883
0.487988
3.08504
2.94722
0.538846
1.17992
0.011904
0.282056
0.00161128
0.965994
0.0926481
1.99465
2.62787
0.836662
0.786793
1.28763
0.510236
1.53734
1.87178
0.258616
0.622334
4.49001
1.82752
1.43666
4.48246
1.92376
1.40777
1.80898
4.75242
0.564737
1.27999
2.33919
1.55158
2.95376
0.425209
1.67959
0.657907
0.426916
0.21492
1.32266
2.13359
0.700426
0.644687
3.50894
2.99829
0.272056
0.255661
6.26906
1.36754
2.76309
1.39826
2.79038
4.03282
5.35339
0.326902
2.93193
0.350787
0.361858
0.925653
0.691598
0.955762
1.90972
0.793522
1.03347
6.07303
1.89387
0.909712
2.42404
3.48829
1.89197
0.0335148
0.335949
3.61447
0.508822
0.275198
2.30736
7.20647
2.08415
0.67494
0.173695
0.137274
1.56061
1.54586
0.897982
2.18128
8.33503
4.60059
2.7733
8.83607
3.61132
4.89458
4.91991
0.704357
6.08339
4.43654
0.6798
0.129819
0.42128
3.41627
0.122237
0.206162
1.43971
4.88577
0.879697
0.905606
0.239136
0.331322
0.81365
2.18214
1.49659
0.0663572
2.32725
1.3225
1.94342
2.21154
0.392898
0.25411
2.28479
1.82244
2.94388
2.70379
1.40587
1.25991
1.31215
1.69153
0.73252
0.326744
1.03259
5.91731
2.00011
1.71171
9.50141
2.48272
3.57112
0.0888117
0.305369
1.16785
0.339176
2.50252
3.28209
0.748715
0.453553
0.576135
1.88798
2.75651
1.10758
1.32407
1.1293
1.37711
1.22316
3.01897
2.19012
3.74487
0.10584
0.118553
1.60458
1.67243
1.75952
2.13752
1.58201
0.740517
1.89958
1.88554
0.759608
9.67222
2.34372
2.0276
0.266689
1.92333
0.195847
1.63763
0.633852
4.65598
1.66801
1.00489
4.46733
0.58173
0.869139
2.72975
0.495398
0.498619
0.016809
2.40642
3.14056
3.49829
1.37908
0.58791
0.290325
0.249525
1.81084
1.78964
1.00845
2.08365
1.16063
1.62894
0.801193
4.60198
2.5817
0.323665
4.98227
2.11116
0.0222783
1.12212
0.34443
2.07885
3.86871
0.91798
4.17876
0.595037
0.57595
1.82027
0.24614
0.142065
0.171469
0.749978
0.0877946
0.5358
2.40394
1.68004
1.14569
3.33012
0.348544
2.41824
0.356189
4.31407
2.20284
3.69044
5.08177
0.0674535
3.99777
0.585806
1.41561
4.54465
0.140248
4.92358
2.06302
0.754275
0.930326
5.03007
3.39366
1.76458
4.0512
7.73452
4.39136
3.85042
2.17599
1.97869
2.27873
5.56699
1.08759
2.85091
1.69148
2.88918
6.6305
4.42703
0.668561
1.11899
0.532481
0.478301
0.0891955
3.4435
1.3448
2.51204
0.644182
0.927116
0.756725
0.856848
1.43772
5.16912
0.925799
0.73498
3.40866
2.97448
1.26897
0.37414
6.23148
2.76958
2.91911
6.21674
9.38309
0.0665791
0.191267
0.147354
0.987787
1.31424
0.229425
2.96837
4.34099
1.31778
2.17835
1.88147
2.04928
3.41477
3.69787
4.79692
3.5793
0.153312
1.2496
3.81488
0.92723
0.645128
1.90271
0.983593
0.221127
0.0365041
1.13332
4.19113
0.620745
3.22695
3.94632
1.97901
1.26578
0.802117
1.83479
0.0688961
7.82132
0.677859
1.51712
2.48795
7.70792
3.2686
2.51477
0.250147
0.145155
0.369818
0.415157
2.39657
0.061326
0.0192818
0.892002
1.46105
0.226678
3.51521
3.17051
0.0450617
4.60667
3.56966
1.98199
3.31729
0.949705
4.04103
2.46432
0.320477
0.0520759
0.416737
3.65732
4.80499
0.831638
0.163305
3.12564
1.08069
1.40962
3.4157
0.460708
1.56986
3.20969
0.0476329
0.688955
3.70071
1.64005
2.15989
2.11967
3.29453
4.87161
4.37444
1.05734
1.24344
0.51547
1.3764
2.78154
1.57041
2.31725
0.621831
0.422653
1.0774
7.01687
0.767095
3.64565
0.631496
11.7975
1.07253
2.32366
2.11712
0.480766
5.20514
8.10911
0.349924
12.0947
3.2761
0.591384
4.28446
1.51775
1.8051
0.797274
4.48348
0.14996
12.8998
0.478319
0.598153
0.208907
1.83006
0.326355
5.024
2.34005
1.02224
1.36534
0.727595
2.1528
2.69016
1.61873
4.98372
0.178403
3.48479
4.74281
0.0530261
2.13451
5.88852
0.170108
3.49477
1.1315
0.191168
3.0827
0.444959
0.243555
0.559532
3.97213
2.32577
3.06356
1.28167
3.87295
6.2391
0.839997
0.52543
1.68834
0.715039
1.23661
1.27724
2.29841
1.83718
6.02418
1.08274
0.372606
1.57177
3.17971
3.49078
1.6462
0.376766
2.05865
0.593511
0.731679
0.870641
1.47122
1.25078
2.8763
0.473135
0.0793739
1.38072
2.91016
0.181732
0.917288
4.95487
2.75445
1.79611
2.56711
1.20639
2.15425
4.52838
0.0779365
1.29511
2.64823
0.374272
2.78884
1.74421
1.80778
0.888002
0.18728
1.88364
1.68436
0.977108
0.951172
0.948019
3.36088
1.51501
5.45599
1.11561
1.12026
2.40918
2.07292
3.11499
3.29891
0.0601489
1.84633
2.00727
2.14982
1.89917
1.70625
4.8177
0.288824
0.634494
3.37742
0.258152
0.947592
2.08545
1.83394
1.50442
2.42365
3.1528
1.30752
3.46967
2.45716
3.4185
4.18561
1.90131
0.575512
0.524625
0.475382
2.73937
10.1802
2.02133
1.12039
1.87169
6.13847
0.898309
6.68157
5.50163
4.64077
0.359759
0.742113
4.55489
1.31977
0.566439
1.37644
0.89027
0.0246216
2.8052
0.357669
2.82209
3.96094
0.165231
0.0654103
5.77438
0.296366
0.662509
8.46575
1.99748
1.34243
0.115308
0.0671044
0.727944
3.92198
0.0370963
1.77245
0.388281
0.506606
1.05604
0.466286
0.30727
1.29603
0.479956
4.24435
2.72028
1.42459
5.91053
0.304204
1.33042
0.222525
2.61885
0.853681
0.404751
1.13811
0.38651
0.244271
3.2254
4.39131
4.32873
4.0057
1.26911
2.01183
2.45977
5.77093
0.7643
0.272673
2.38805
6.46919
4.26021
0.375546
1.10537
2.1211
0.404909
0.384446
1.9493
2.07801
0.170157
1.57147
2.56556
1.25276
0.822033
2.58498
0.528073
0.541501
0.141581
2.94377
1.15688
3.26079
0.307481
0.973688
0.65674
0.0869347
0.0283029
1.65092
0.999488
2.45812
0.126342
3.53052
0.224385
0.663167
0.454137
0.198538
0.265882
2.01556
0.846593
2.96628
0.513674
0.326811
1.00573
0.320443
0.463311
1.26591
1.75056
11.0069
5.28229
1.93296
2.369
1.91123
0.461274
5.41488
3.94284
3.2101
2.58207
1.28399
0.842465
0.974323
4.0717
0.71415
3.55195
1.2118
0.139573
3.31578
5.98839
3.09957
1.6223
0.22303
1.61638
0.356702
1.20603
2.92068
4.64496
1.60442
0.0785845
1.59096
2.18954
1.41041
0.0896375
1.2527
4.44982
0.155039
3.5033
4.25614
2.02279
1.63983
0.0277674
0.664127
3.44246
0.810483
1.23505
5.09335
1.03646
15.0538
1.88694
3.18203
4.63726
0.578692
1.90779
0.698257
2.95356
0.616527
0.640788
3.64197
0.80951
2.55596
0.139622
2.92898
2.69728
0.980424
2.26759
1.40361
6.3298
7.8205
1.58751
0.626319
1.4046
2.66931
4.98739
5.01779
1.00206
5.13286
3.05588
1.8469
4.09471
2.69662
0.704598
0.285784
0.0651184
0.461985
1.54412
1.31627
0.843771
1.69159
0.480634
1.19634
3.78301
2.57028
0.945636
3.73338
0.117087
0.560997
3.99374
1.88169
3.92719
2.50869
1.58798
2.23053
3.29576
3.22083
1.27054
1.3439
3.07552
0.587091
0.0258319
2.09735
0.248644
2.77853
0.556218
1.44874
1.52636
4.96421
8.38361
7.55654
2.90366
2.62815
1.31266
1.1164
3.6543
5.9559
5.01885
0.312132
0.145555
2.79557
0.821424
1.89196
0.609894
7.53006
2.22414
2.11658
0.91208
0.0845423
1.70624
0.464586
1.60478
0.590373
1.65719
1.49296
3.94692
0.92291
6.07387
11.2376
3.08097
1.67559
1.8567
1.55722
1.31858
0.0375332
0.921463
0.0719912
4.48852
2.98134
6.11314
0.832066
1.60518
5.52328
0.926073
0.325068
0.911018
1.89106
1.58964
3.24347
1.85956
3.27749
0.773609
0.667864
1.4756
4.62198
0.135986
4.72086
3.57851
2.55807
4.7396
0.321166
4.61389
4.39839
2.85604
0.271115
0.187262
5.85581
0.0981649
0.0322083
4.83274
3.3957
9.36804
0.868173
4.44246
2.36442
0.946507
3.11955
2.74071
7.16496
1.60927
2.48512
0.969703
1.35741
0.810709
1.02875
3.53526
0.980545
1.37637
5.79185
1.41946
0.174189
0.961482
2.19239
0.0135189
3.10432
0.477657
1.92587
0.211539
1.567
0.602099
1.27517
0.370702
1.2821
1.64037
1.90669
4.07026
2.50549
0.640114
1.72852
2.86478
0.092421
2.44784
0.176492
1.66669
12.7034
1.24485
1.64675
1.44863
1.51694
1.05564
0.0346823
0.302918
0.0693719
5.09332
1.36521
0.498583
4.33201
0.309652
2.94609
3.03337
2.83486
1.40645
1.95844
3.77216
2.1765
2.97078
0.713377
0.494415
1.97977
0.210412
1.4802
0.155616
1.40819
0.704446
4.35643
0.138955
2.72861
5.04418
0.612749
1.17758
4.35988
0.175298
0.123207
1.45348
1.19105
0.609818
0.534874
2.44537
1.44098
3.18807
0.345534
8.17047
0.0520881
1.8244
5.24494
0.584786
0.672707
1.9153
0.105971
1.15428
4.06225
1.6792
1.8008
1.43533
1.24918
0.157279
0.694931
1.20623
1.23623
0.29435
0.04146
2.08771
0.939433
1.7226
2.5847
2.30655
0.636641
2.73552
3.26008
0.31988
0.319317
4.74231
1.67411
2.92097
1.32988
1.70103
0.172816
4.65613
7.48522
1.23163
5.10825
2.2893
8.57843
0.472528
1.82634
0.24318
0.364963
0.918252
0.0228285
1.44533
3.07298
1.06849
0.199008
2.29213
3.35016
4.2719
2.10798
1.12721
0.765612
4.48396
7.85964
0.00766776
8.96242
1.06252
0.935998
0.665977
1.58556
2.71062
3.65363
0.960223
2.09206
12.3509
1.20263
0.69552
1.77215
4.35797
1.14776
0.0497591
0.252542
1.02097
0.917398
0.761733
0.105205
2.74383
0.164574
0.962389
0.104327
1.05255
1.42864
2.83304
1.67389
1.61099
1.66074
0.971603
0.0418538
0.0664871
0.80476
0.215144
1.55359
0.296552
2.49967
0.938219
3.30377
0.856964
2.20015
0.829171
5.66254
1.78211
2.23939
6.45044
1.48311
1.58714
0.256188
0.713319
2.21898
1.53485
1.68782
0.155185
4.12914
0.539786
1.11009
4.15145
1.73817
1.66251
2.15593
0.0433705
1.34564
4.90145
0.593181
0.516763
0.0634952
1.3754
0.212449
0.726189
3.16898
2.79953
1.71757
0.737123
0.793071
1.49832
2.6943
0.665342
2.61504
0.775485
3.60171
3.63508
2.75564
0.288088
3.34532
0.511062
1.54555
0.481573
4.00941
1.98445
0.386506
2.51732
0.427067
2.14598
0.8114
0.873729
0.997893
0.255891
2.82158
1.08444
2.36004
6.58308
2.22566
0.898284
0.218684
0.213763
1.18805
6.27627
1.59801
3.4859
0.740042
0.0336643
0.438118
2.49465
0.200425
8.25668
5.35079
4.15785
1.16652
0.717724
0.236989
0.0439691
1.24735
3.6496
0.659023
1.89914
3.45182
2.24398
0.0234877
1.05486
0.7029
0.3505
0.740228
3.95336
3.37722
0.0478146
7.55153
1.02194
0.768691
3.10997
1.74058
2.9725
1.21434
5.53643
2.9433
4.52838
5.18445
1.71121
1.34223
0.13312
0.0372291
3.58941
4.00451
1.26444
1.04556
0.756902
8.7023
7.91392
4.6137
3.00011
2.53447
2.21336
2.7785
0.761758
0.695367
0.276332
0.758391
0.584901
0.177355
3.41608
0.50502
1.34429
2.89426
0.16997
0.126772
4.33133
4.01044
2.55973
0.0966662
0.133219
2.15495
0.0754625
0.657493
2.05702
0.717141
1.48956
0.0751107
1.95963
2.30046
0.680396
0.463596
1.31753
0.845987
0.882553
4.77932
1.19124
0.17478
0.39794
0.396601
1.52294
2.12037
1.6635
0.423234
0.0126596
0.102304
0.906684
0.199961
0.0183502
2.82827
0.864122
4.58076
0.822121
1.84492
2.18053
0.54609
3.30915
2.83972
0.00524672
1.13845
1.61572
3.86465
1.07668
3.54952
0.581418
6.71711
1.22683
1.61046
1.37036
3.28511
0.632069
1.61727
1.59985
0.636742
6.95321
0.274458
1.19507
0.413634
2.40779
2.57872
0.385409
1.20803
1.60041
0.430123
2.86532
0.609764
1.33653
4.00075
4.19085
1.63257
0.085856
2.49307
0.8951
1.69232
1.81358
0.88949
0.0267488
2.79313
3.24454
1.21166
0.374529
0.105988
0.579451
2.84836
6.14802
0.121376
4.44244
0.940046
7.31532
4.53584
4.44659
1.53064
2.97542
3.19469
6.56398
1.95907
5.6358
0.375299
1.55789
1.37143
2.24876
2.10828
1.89847
1.80518
1.93413
1.29484
4.49552
1.15478
1.51747
1.73531
2.51701
3.28017
1.10515
0.669936
1.83521
3.05331
2.46134
0.661116
2.9608
1.41424
1.72805
3.92896
0.892465
1.827
2.64987
3.85437
4.80324
1.83732
0.43519
1.21826
0.431194
1.46953
2.50544
2.8721
1.01949
0.863944
1.50253
3.70225
1.08973
1.05308
0.41646
1.95
0.820062
2.34726
3.73622
4.93963
0.765374
5.22646
0.0888772
0.311707
0.436789
1.44412
4.38317
1.5915
0.751747
4.94078
0.626306
0.849273
3.29758
1.12568
1.51978
0.320491
0.330873
1.50531
0.74608
0.213184
0.118752
0.680223
0.701085
0.0768239
0.587709
0.18512
1.32372
0.35181
4.97418
1.48707
2.03075
0.710711
2.01118
1.33529
2.04921
0.063438
1.76266
3.30569
0.383796
1.37922
0.881173
1.63205
2.4286
4.27653
0.738636
2.59986
1.38604
0.370034
0.645408
0.126395
1.56232
0.137484
4.72287
1.8037
0.103386
0.457239
8.19833
2.70816
2.29556
3.15649
0.392401
1.06487
0.646073
1.53554
3.86726
2.81586
0.88584
0.0638731
2.51201
2.53163
2.24885
2.10851
3.8881
0.0193955
1.83758
3.88339
0.0489022
1.48525
3.51193
0.875502
1.30427
0.542182
0.45272
0.46492
2.05452
5.75951
0.347305
0.360605
1.49415
3.58599
0.69023
2.41512
6.679
7.03273
1.00565
1.97736
0.174051
0.376073
0.658549
1.59947
0.163487
0.638615
1.067
0.944633
1.81412
4.24731
1.52901
0.499412
3.35002
0.141416
1.36968
2.59209
0.700048
2.90965
0.388096
2.43683
0.715002
3.58918
3.11579
1.42081
1.59277
2.87368
3.2967
0.664677
1.44464
0.510639
2.45578
1.56215
0.758507
1.10386
2.21762
1.80011
0.041753
2.02408
8.46496
3.18069
1.46177
0.50294
1.90502
1.18625
3.65616
6.79753
1.53227
5.41159
0.447898
3.53595
1.85714
2.60072
3.98478
0.126141
0.613381
0.926355
0.437536
1.84962
0.948131
4.24957
0.267823
0.208549
2.07521
2.3284
3.12777
0.34667
1.53485
3.04058
0.259617
1.08621
0.754189
3.22497
1.11811
4.15561
2.46551
0.934618
0.515841
0.159735
7.35804
0.828357
1.32766
0.118888
1.19648
4.58375
0.404378
0.600294
1.12864
2.05182
1.02287
0.062568
0.711969
2.48183
0.288746
0.850712
3.18249
2.44961
0.254911
2.08678
0.120918
1.75839
1.38744
0.472554
3.24276
0.572565
0.252883
2.40005
1.517
2.25817
0.813807
0.492133
2.36193
2.42012
0.47727
0.670645
0.976576
0.561534
0.261126
1.94034
0.314666
0.25746
0.652061
1.50712
2.47468
3.62151
2.25655
1.75952
0.126707
0.0378218
0.953661
8.15721
2.21595
1.38176
3.89481
4.09427
1.80591
0.708896
1.16956
1.74026
4.42405
0.397432
4.78334
0.261312
2.58025
8.10467
0.351441
0.972251
4.88114
2.29258
1.91972
1.17051
2.52125
4.71359
4.25953
2.42968
1.33976
1.19589
2.46497
5.83964
6.31263
0.0598835
0.96317
0.486435
3.97669
1.67907
1.0454
1.25104
1.2792
2.89639
1.6134
0.502758
3.13624
0.835326
5.71054
1.2589
0.718262
5.75111
0.51709
0.740381
2.3038
0.44077
1.0089
3.82643
1.91383
3.08796
2.45452
1.4202
0.524664
2.04491
8.18001
2.77299
3.35184
0.711216
0.565326
1.34126
0.917387
2.42608
4.28128
0.715254
0.869749
0.0195905
0.345674
2.21915
0.243791
5.27742
3.77495
6.72044
0.743737
2.77333
1.23912
3.59197
3.2445
0.396228
0.509858
1.22274
2.00607
2.71453
2.17957
0.738992
3.38892
1.2183
1.63742
0.549754
1.01356
0.444269
2.55493
0.741643
0.0389853
13.0015
0.581258
3.61522
2.34195
0.201284
1.02123
2.2807
3.478
0.228485
6.64382
2.52399
0.787327
0.467982
5.11504
1.49934
2.77176
1.46396
4.03856
0.321921
2.83079
0.511191
4.86263
1.08963
3.1278
0.436763
3.68348
1.18639
3.80288
6.52601
0.156309
4.19014
1.14013
0.705531
1.62919
2.99817
3.42085
1.32115
1.54879
0.171771
0.544092
0.408252
0.418843
2.66479
0.790806
2.75796
1.27323
2.09318
2.72032
0.400728
0.0794155
9.5396
0.0892937
0.756612
0.13762
2.07347
0.299447
3.4603
4.81077
0.630967
1.78504
2.11318
5.01136
3.95393
0.217229
0.856381
2.69038
2.56869
0.756667
4.83092
0.233462
0.0924011
6.48443
0.936585
1.67577
6.20977
1.52908
2.86581
9.44406
3.00351
2.88962
1.1468
1.30928
3.09396
0.482779
1.26417
1.43115
1.31943
1.9081
0.905572
0.202525
0.964385
0.765742
0.140017
1.28051
3.15174
3.17224
1.63862
2.26173
3.22119
4.9678
0.250038
2.62339
0.978436
1.54414
1.03371
0.197031
0.554611
0.0670068
1.54147
0.770096
7.33481
0.210216
4.27279
0.508437
1.44621
1.66448
2.07802
1.25873
1.14564
2.00221
0.251957
3.20713
1.69013
5.16855
0.651103
0.538369
3.07336
1.57804
3.12605
0.607626
0.108739
3.37467
1.99344
0.840426
1.65209
0.0227628
0.73172
0.610856
6.05493
1.93623
2.3453
1.67518
1.29739
0.00655384
2.8982
1.41445
0.941542
0.538982
0.147003
1.55165
1.66114
0.599942
3.32882
5.42079
1.53825
4.64384
0.1919
0.270002
2.61888
1.61469
0.427785
0.0576656
0.519244
0.838676
3.08627
3.76427
6.66809
2.70842
0.0967817
0.468702
0.7899
10.7589
2.7866
0.0471172
0.459332
1.28948
0.278975
1.56817
0.105189
5.11367
1.18488
1.10454
1.4174
2.60342
1.32872
2.00004
0.639796
0.281655
4.9416
0.335639
0.190609
1.16103
0.482998
0.937342
0.32814
1.12523
1.38246
1.13723
1.17869
0.935826
3.70259
0.584064
3.72295
1.06146
2.99471
1.11657
0.263693
0.592396
0.0858469
0.170325
3.05396
0.414448
2.10693
8.31169
0.412751
4.15123
7.49357
0.366763
5.15481
2.29262
0.823194
0.111075
0.207442
2.0232
2.25247
2.19024
0.474368
0.146696
2.24947
0.211352
10.6856
1.02705
2.28906
0.112482
1.18752
1.19415
0.458557
5.45581
3.24791
1.2783
0.8705
0.127227
0.747089
0.388555
1.47024
1.67551
4.32706
3.17768
0.665597
1.39099
1.96775
1.3331
1.49001
0.202264
5.65365
4.44859
0.423594
2.14114
0.843163
3.18938
2.23187
0.229544
3.27902
2.27053
4.13798
1.94773
0.478958
0.693437
6.59612
3.74776
0.188465
0.417811
0.819355
1.40234
0.254198
5.26939
3.14228
1.51694
3.30535
1.64287
0.0180936
0.591437
5.74012
3.36874
0.393788
0.18866
4.98983
0.0177101
0.440263
0.422063
5.46356
0.494509
0.740657
1.2383
9.52352
0.836139
0.0297422
2.10526
0.13473
1.12867
2.5835
1.02738
3.61039
0.457372
0.32278
2.79678
5.36114
1.50101
4.29115
0.449569
1.2873
3.21618
6.28844
4.36365
1.3281
2.73606
0.34549
0.454567
6.72578
1.39384
1.96616
0.0462086
0.765128
1.20682
0.271616
1.28076
0.221465
1.15038
1.72028
1.55234
2.46153
1.07853
4.47492
1.35074
0.641007
0.643254
1.30389
0.392111
0.30946
5.93053
3.57497
7.97555
0.618658
0.309462
2.10575
0.140262
0.359886
1.53598
2.38549
1.74631
0.750555
2.77431
2.72613
2.25992
0.308002
0.0753979
0.169526
2.08605
4.20582
1.41182
0.382495
0.386754
5.03737
0.229127
1.79468
1.72095
0.739058
5.57263
0.635305
3.03107
1.16308
0.126333
0.449743
0.518658
3.261
0.264404
2.33431
2.79098
1.52633
0.559355
0.42597
1.31831
1.72944
0.588165
2.31397
0.712183
2.62864
0.167054
0.823243
0.574963
8.14572
1.97726
0.105586
2.86846
4.2758
0.560049
1.31845
2.44499
1.8236
1.42564
2.44689
7.90098
0.340586
0.812603
0.201284
2.07403
0.139424
4.95067
4.90208
1.33363
0.868398
2.78174
1.17378
2.117
1.45632
6.14918
0.279768
2.33929
1.39732
3.86933
0.133521
1.39003
2.20846
3.82406
1.82085
2.04276
1.14579
0.73569
0.285713
2.54813
1.69021
0.431715
0.864538
0.479065
0.963777
0.84958
0.0902119
1.34338
1.96713
0.231964
0.575305
0.241872
2.36995
1.70706
0.624472
5.21447
1.02166
1.13013
0.250778
0.312345
1.22439
5.52506
2.72112
2.05126
4.03373
3.89941
0.553417
0.131591
1.43968
1.33275
0.109875
3.41214
2.48912
0.644512
3.16783
0.221895
1.36132
1.23848
1.33272
2.40822
3.70893
0.21376
0.277796
5.67096
6.89305
0.182505
3.10949
1.65811
3.91976
1.32475
0.132433
2.5831
1.55865
1.03993
0.676647
0.218799
10.4986
2.44428
1.84301
3.61193
0.087737
0.974349
4.82425
0.0529613
0.390505
0.482233
0.0505038
0.579477
0.284888
4.66642
3.15974
0.870526
2.66838
0.924321
0.126815
1.6126
4.19117
2.91607
1.05367
1.9745
4.45303
1.52017
4.49481
0.656792
3.34716
0.356284
0.473348
1.36077
0.330259
1.29322
1.04398
0.267899
1.4922
0.0200347
3.24914
0.0890836
8.02978
4.20632
0.668069
1.0982
2.91261
1.19353
1.47518
8.97911
0.654747
4.28554
1.92362
0.338698
5.90627
0.473674
0.724672
1.1719
1.78673
2.43355
2.33641
0.334457
1.28448
2.38151
2.46483
3.48779
0.677236
0.63897
2.41342
0.376952
1.88342
0.0672163
0.558309
0.347727
4.73493
2.07877
0.340097
2.17781
1.05183
0.781975
2.27819
0.0542623
0.730434
4.25387
1.01216
4.49676
0.225597
5.17731
2.88342
2.7316
0.316875
1.49047
0.610331
3.46083
0.510033
0.455019
1.87931
1.24243
2.39188
0.721913
2.10395
3.35169
0.85951
1.33578
3.73687
0.096619
0.32481
3.56122
0.36522
1.8994
0.318185
2.02929
2.37555
3.71665
0.603264
0.522086
5.14457
3.63883
0.28391
4.61953
0.779862
1.28242
2.74471
0.179631
1.19138
1.25561
0.500472
1.15596
0.108085
0.573894
0.62638
0.82279
0.992395
1.71843
8.50788
0.0425986
0.381626
1.00367
0.412895
1.30918
3.81732
0.3333
3.4404
1.53539
0.293732
3.9998
1.01401
0.366966
2.39245
1.58035
8.06562
0.901634
6.35885
1.30443
0.525579
0.100153
0.594667
0.812512
2.20882
0.807715
3.32704
3.17358
4.75784
0.198944
1.64085
0.060941
0.974173
1.65431
1.03453
3.38766
1.63347
0.133237
7.356
0.634228
1.72418
3.17373
1.52378
4.56078
6.87328
7.17553
0.634173
0.683986
3.34977
0.993069
5.08321
0.865819
0.952775
3.89705
9.28804
0.121457
0.0694132
0.0235641
0.533429
1.17919
0.840201
8.6779
0.565582
5.68536
0.681713
1.00283
0.354973
4.23664
2.4952
1.37036
0.145516
0.0997801
11.6014
4.14846
6.23867
0.551694
0.421828
1.19167
1.5111
0.311879
0.0598154
5.42984
0.473288
0.784112
0.605632
2.04281
3.12991
1.85306
0.414493
2.70658
1.77583
0.540475
0.342228
0.156962
2.58336
4.32955
1.21426
0.957078
1.94459
7.14371
0.332252
6.76437
0.207544
0.143101
3.11459
1.60319
2.34316
4.27625
0.23015
1.0909
0.0225902
0.114309
3.75141
0.127892
2.83027
0.369111
2.65924
0.67835
4.51726
1.52698
0.82749
0.638984
0.298962
0.44852
1.94507
1.59865
6.01309
0.658828
0.427365
1.06737
4.52491
1.22613
1.27883
1.30392
0.0213669
1.49084
0.225915
1.73589
2.23307
4.38753
2.81911
0.420947
1.4479
0.0370242
1.91613
1.41916
2.71808
6.09477
0.443287
0.477042
1.65194
0.108707
0.857456
0.909238
3.00983
1.36616
4.35001
1.62966
0.35744
1.35722
2.88522
0.0617638
1.65112
0.0291637
2.11105
1.88489
3.94439
1.87448
0.700765
0.182533
2.85579
0.626411
1.74306
3.87377
8.19437
1.28764
0.312907
1.75315
0.118919
0.236238
3.76043
0.256869
1.79721
2.43557
1.90748
3.96144
4.13016
0.15387
6.36757
2.79163
1.09629
3.54786
0.672771
0.617875
1.55867
0.176591
3.77569
0.381189
1.75276
9.05654
2.28927
0.201116
0.94462
2.84755
7.82599
0.0429686
1.27486
5.17257
0.460782
2.54321
1.25636
0.594406
2.54342
5.08043
1.2663
3.81596
2.89259
3.84227
0.749998
0.36315
3.62456
0.296933
1.16197
4.64803
0.0546569
0.160365
4.54903
1.65126
0.218922
3.71498
0.0218685
0.673595
1.07184
1.30872
6.40753
2.36613
1.16391
2.61538
0.121951
0.362453
1.62347
1.22381
1.62651
1.33757
6.58582
1.19145
2.39436
3.71149
0.892394
1.8952
2.50343
0.211371
1.31337
3.46302
0.443877
1.5509
0.228913
2.13373
0.660338
0.584875
2.69762
0.158576
1.21775
0.122779
0.0352821
0.45264
0.884767
1.45972
2.41697
0.598007
3.51006
0.484067
4.77312
0.462725
1.68835
0.178802
1.07426
1.16856
4.58437
2.9861
5.12214
1.3301
4.59162
1.45371
3.45902
0.428628
1.29199
10.15
4.36844
5.98422
1.41069
3.10784
1.73245
2.0554
8.27909
0.0127008
0.782225
1.83637
0.443967
1.05752
4.97773
0.0915396
2.10065
0.415564
6.84348
4.11646
2.64798
0.703074
0.310156
0.903222
0.702966
1.10091
0.00869677
1.93264
1.07753
0.678282
3.98437
2.08214
1.80813
1.61759
0.800079
0.638277
3.55908
1.58376
1.78789
3.17107
0.568768
1.42189
1.89725
0.856271
0.184372
6.76618
1.32832
1.48206
7.96681
6.71316
3.87154
0.646063
0.867471
0.245348
0.711522
0.745796
2.00739
0.689282
0.480796
0.563754
0.521095
4.98298
1.51271
1.34868
2.70622
0.516997
0.0671853
2.72046
2.60343
3.13908
1.72056
3.98235
2.08528
0.844024
2.46594
1.88991
2.1249
0.634864
1.28488
1.37998
0.536454
2.45612
0.985468
2.16828
1.56734
0.656875
6.03525
0.468041
1.7381
4.26961
1.49936
0.081628
0.28961
2.06708
2.85103
0.364269
8.72007
0.331819
0.335042
1.94375
0.496338
1.88697
0.338628
8.93926
1.50197
0.43347
1.41325
1.45316
0.985886
6.82838
0.845402
0.798091
1.93033
0.675404
0.24181
1.0458
1.26819
5.02044
4.34915
0.822596
8.38839
0.474417
0.117865
1.08749
3.56704
1.1126
1.83034
5.71615
3.0138
0.0235294
2.32446
1.17534
0.709449
3.67903
2.84343
1.03578
2.32165
0.852024
5.24353
5.58412
0.822869
0.550962
2.01909
0.494931
3.13589
5.72207
1.75377
4.33589
1.40632
0.0141868
0.795543
0.498962
0.387484
5.54727
1.91894
1.14486
0.0736104
1.07904
0.151057
0.84737
0.0108076
2.32082
2.34314
2.08958
1.94057
2.12012
1.82666
1.25756
0.242713
0.51142
1.03541
3.35639
1.65801
0.270656
1.64744
1.7533
0.362092
0.181909
0.695095
0.896345
0.170562
1.02028
0.78328
0.325626
1.6923
1.36836
0.189444
6.76245
0.161589
2.83055
0.328531
2.65144
2.02306
1.75687
0.386618
0.572079
0.537746
0.861856
0.0998375
3.94064
0.170064
0.917369
1.9259
0.93997
0.122738
0.119881
1.91191
0.634765
2.97088
0.396366
5.62513
1.73291
2.06054
0.899747
3.58502
1.34642
0.793328
6.8922
0.904359
7.46775
7.04973
1.27963
0.0017484
0.2745
3.12283
4.30485
1.31909
0.0144258
0.750485
3.53038
0.313668
4.03678
2.44244
5.50908
2.41366
1.45225
2.34208
4.00913
0.142405
2.12514
0.257521
0.192043
0.256267
1.19162
2.80084
2.61048
1.60707
0.609373
1.00557
4.21209
0.277285
3.45654
5.99829
0.317579
0.855752
1.23014
7.1442
0.67959
0.492119
0.124153
0.427079
0.0553265
0.621101
7.04194
9.31598
5.11016
1.86029
1.57024
0.65997
2.659
0.0327004
1.9791
2.28365
0.0480935
3.79928
1.07312
0.112488
2.01127
0.533275
3.95295
2.45481
1.20123
6.04635
3.73118
0.0729629
1.66203
1.6626
1.94549
0.380435
0.235482
2.28372
0.792371
1.42564
2.93342
5.11827
0.239966
1.62761
4.38533
4.55703
0.79499
0.203516
1.18805
0.895786
7.17678
4.75
0.560156
1.94789
0.764873
2.8857
1.43801
0.399312
4.97088
5.4452
0.244745
0.719655
2.94182
2.22984
2.23375
1.7916
1.1968
0.963936
4.2025
1.00302
0.51121
2.5123
0.193759
4.35635
0.510501
0.970616
0.839619
1.58806
0.935794
0.296786
0.606995
0.813591
3.61667
2.74113
1.90555
1.95925
3.12386
1.27878
0.527213
5.65611
4.97287
2.02365
2.41582
0.99809
3.90459
2.68367
3.54009
0.749556
3.20209
0.138745
0.868336
1.01838
2.06973
3.27039
1.11717
1.41586
3.73489
3.48848
4.68036
1.44589
2.4329
2.2403
0.27226
1.13183
0.924754
2.1568
0.848776
2.77669
0.759853
0.281615
5.49837
0.0674964
0.0677962
6.75936
0.581233
0.282771
3.47852
0.202569
7.66963
0.0914009
3.01211
0.567832
0.0141063
0.688891
0.329829
2.80305
1.60592
1.47596
5.62853
2.09142
1.96328
0.978655
1.38918
4.94238
0.577522
1.45034
3.82159
1.61875
0.892906
3.02163
3.25605
0.376111
1.55044
1.78293
1.71672
0.191438
2.33107
4.32572
1.51189
0.901697
0.790021
3.2635
3.29602
2.68594
6.55382
1.83104
0.551876
3.72829
0.59236
0.389152
0.0310401
0.228336
3.08679
10.1869
3.45815
2.85645
8.26852
2.446
3.45994
1.20048
0.475223
1.12928
0.79614
2.61603
0.66837
0.560906
0.518458
0.650689
0.107794
4.09104
0.346945
0.277051
1.29451
5.69051
1.85699
0.969784
0.689782
1.16165
1.6456
0.0907182
2.66533
0.0529227
1.56521
1.72553
3.87273
2.68226
6.52326
0.851303
1.75877
1.62373
0.430865
2.55154
2.27303
2.10572
0.868514
0.204119
1.51006
4.00602
2.64927
1.34332
2.60782
0.628214
1.46307
2.31432
2.76823
3.79322
0.008285
4.00993
7.7857
15.3339
0.010142
2.46258
6.56775
0.700972
1.1712
6.02454
1.64575
1.3394
0.276449
0.269419
0.438425
3.04113
0.522512
0.36585
0.913081
4.41594
1.9584
4.26273
0.408315
4.25302
1.72756
1.42353
3.6612
1.38752
2.06259
0.466169
1.74281
1.19588
0.740717
8.04936
3.16086
0.605351
3.22726
10.6281
3.35053
2.21231
1.72513
0.777279
0.911412
0.0519711
1.11069
0.133869
0.158038
0.600689
1.38087
1.13818
5.14169
1.02691
0.149894
0.0393843
0.996144
1.00606
2.4308
0.574758
3.13559
3.96923
0.988642
4.16348
3.62722
0.014662
0.0414349
4.60156
2.08971
1.95881
1.13443
0.898377
4.49596
2.25502
1.16394
0.121843
1.95966
6.63819
3.76541
2.01876
0.705228
0.343402
0.834148
0.848786
0.662711
0.0874772
2.18981
2.49982
2.09191
0.840342
7.88999
1.7958
2.29625
0.750335
5.86753
1.1441
0.186853
6.64172
0.530602
1.41275
5.88977
6.13348
1.42486
0.189557
5.02784
4.02316
0.0807062
0.178353
1.21588
4.52675
3.84596
4.09297
3.76689
0.501366
0.631259
8.71605
0.397915
5.43424
8.0255
1.14572
2.32324
9.27301
1.87197
0.886857
1.99498
0.393068
0.876103
1.00084
0.896516
2.91977
1.74208
2.11776
4.24005
2.18931
1.705
1.29178
5.49757
0.0350278
1.14972
7.5769
0.0611274
1.97059
2.43805
0.159467
1.64798
0.391768
2.41314
0.765835
4.84789
0.14557
2.69518
4.25175
1.60826
0.913764
3.22263
1.73365
1.13989
0.414302
3.51105
0.952335
1.60042
1.13248
0.144267
1.11274
1.73895
0.910074
3.04973
4.40629
2.5693
1.96441
2.40454
0.895921
2.96527
1.03751
3.40925
4.32314
0.181909
0.716763
1.69283
0.966746
3.10132
0.120305
4.16688
0.249571
1.33197
3.98435
2.94459
3.68751
2.01039
1.53713
0.481373
6.97991
0.641857
0.0430677
0.039178
0.234952
1.71322
3.54949
0.68374
0.214912
0.718099
0.23895
2.18377
1.19123
1.51629
5.23734
1.25723
0.188299
2.06393
1.58825
2.57455
0.442882
0.798956
2.65624
5.37666
4.95061
0.378409
0.214562
0.456786
0.113211
0.212107
4.09612
3.68935
1.64671
1.91237
0.42556
5.10146
0.699515
3.01543
3.03695
1.14609
1.79781
6.17489
2.88286
3.62188
0.352367
0.508503
0.5931
2.73568
2.10895
1.8599
1.63067
0.114975
1.67552
1.51617
0.0195462
0.799031
3.71476
0.917626
0.812927
5.6988
2.2165
0.832723
1.85183
2.11375
1.08573
0.546065
3.32446
0.371843
2.30167
2.62759
2.54032
1.48701
4.79673
1.67953
0.0906802
0.451241
4.16013
4.67919
1.35473
0.720632
0.468871
3.64608
0.90974
1.88894
0.721029
4.61389
5.02601
7.34475
2.08427
0.475401
0.419096
0.872215
1.42799
0.819212
0.357389
4.15575
3.36842
0.832381
2.22651
0.689405
2.16803
0.48926
0.659105
0.148701
2.43026
1.33746
0.803006
0.605544
2.1904
0.838958
0.513743
0.436834
3.35346
3.98076
1.86259
1.14262
1.81891
2.60629
2.73321
0.487169
1.21171
0.453794
0.423035
0.553178
0.436211
0.755419
1.27814
1.94782
3.75022
1.46185
0.244323
2.70854
1.92812
1.13875
1.70681
2.9846
0.143352
0.388931
0.242771
1.01485
3.166
0.312716
3.00098
2.14941
2.78326
0.318978
2.23166
2.86156
2.00652
1.02411
1.22303
0.486108
4.21324
0.0293931
0.358434
0.00235599
2.25295
4.17267
0.837349
0.896076
1.43296
2.80469
0.791822
0.118065
1.71469
1.54723
1.72152
0.168349
0.333504
0.176036
1.30534
1.80826
1.57348
1.20636
7.5714
3.30664
5.63086
1.07692
3.39999
1.12585
0.493462
0.758846
1.58004
1.71138
0.818723
2.37808
0.28389
1.27086
1.32987
1.69668
3.20557
0.993943
0.430254
3.13657
0.460241
6.92431
1.2999
0.412572
0.076982
0.449504
1.35499
0.142671
6.09023
4.20133
1.34636
0.100734
1.57793
1.91969
0.0525053
0.0700595
2.5831
0.913735
2.58094
1.09052
1.03583
0.308128
1.52559
2.74959
0.0753904
6.30003
0.28143
2.33605
0.58889
3.01304
0.911837
1.51225
0.730846
6.59067
1.29003
0.722704
3.50165
0.424463
1.14107
2.12456
1.7402
8.08459
2.16524
2.53527
0.940899
1.42069
0.27469
2.79454
1.90522
0.770786
2.75416
0.356504
1.10239
2.53053
4.09928
5.72914
0.722775
1.68506
0.217752
3.47017
0.726952
0.0233886
1.00403
1.50566
1.39637
1.55123
0.568552
7.19312
0.255484
2.83309
1.15288
2.03712
0.821071
2.34575
1.46245
2.63674
0.703277
5.38534
0.87539
0.0727415
2.83717
1.68571
2.76707
0.891197
1.38348
0.0105809
0.129931
1.6678
4.98009
0.591126
1.46224
2.38287
1.33051
1.29959
1.6955
5.99257
3.65412
2.32308
1.37098
0.55191
0.572759
2.36767
0.894736
5.91169
1.02519
0.656085
2.22126
0.343824
0.00812812
0.672695
10.5065
0.839224
3.00897
6.28128
1.18194
2.05885
0.628507
0.301206
2.21724
1.19808
3.34287
3.69176
1.60833
0.561744
4.81272
3.36307
4.76401
8.4054
0.78801
2.36999
0.983812
1.14308
1.91171
3.42982
3.44046
1.46469
3.32695
0.588467
0.5845
1.89349
0.372859
1.6058
0.80229
0.601934
1.04975
0.792513
4.92889
0.665071
1.076
1.56743
6.90918
4.965
2.36116
1.61528
0.24536
1.14292
3.89077
0.0574382
0.20083
3.71425
0.13197
1.70782
0.315222
3.95962
0.685904
6.04344
0.163378
2.3803
0.167139
2.9244
15.8906
2.13898
0.998651
0.995892
2.06514
0.200021
3.14607
2.73486
0.716842
1.97128
0.843689
0.271853
0.386396
0.288982
0.694777
3.3273
1.4038
4.05054
0.213789
7.62744
0.887665
0.974647
1.64788
1.81267
0.461109
0.231706
3.53998
0.358516
0.861575
1.12897
0.202489
3.38526
3.55708
0.465268
0.564398
0.793722
0.729419
8.32515
0.380768
6.76588
0.201007
2.5274
0.504617
0.7415
0.124964
1.31583
1.98547
0.726042
1.43433
0.989002
0.753877
0.854538
2.63546
1.41637
6.82874
0.592419
1.54733
3.33265
0.193392
0.142261
0.563101
4.60904
2.7826
0.755726
1.10019
0.60258
0.568231
1.82123
3.59505
2.30382
4.5296
1.23897
0.686473
0.329152
1.22667
2.11624
0.48479
0.25619
0.618182
4.53992
2.57488
1.05009
0.198972
0.403108
1.03011
0.122299
4.28134
0.390701
0.944967
0.552903
0.434199
1.31591
1.85377
2.79856
0.841982
0.36086
1.3565
1.63512
0.156705
1.93885
6.31672
0.570056
2.20101
1.20823
4.70594
0.308219
7.94014
0.588063
0.475218
3.68468
1.65505
7.72605
1.28205
1.24048
10.1581
1.68616
1.25124
8.86253
4.85161
0.210963
3.60704
0.53888
1.88727
0.504901
1.86064
1.53114
0.567649
1.0064
0.323373
0.980428
1.40842
0.646764
1.09606
2.85788
1.19579
7.94341
1.50912
1.80251
1.76378
3.659
1.36879
2.0313
2.22213
0.834678
0.106
1.61652
0.81794
2.12774
5.15429
0.715125
1.67979
3.21676
2.98032
2.10564
1.87443
0.520591
0.513471
2.81067
2.01605
0.0563216
3.63529
1.08993
0.273786
4.10849
1.61983
0.175391
2.97883
0.985245
0.237568
0.0252833
0.774202
2.65358
3.9461
0.397154
0.470068
0.511807
2.20078
0.594078
1.51257
0.296444
1.67135
1.8562
5.01117
2.13554
0.474424
7.22223
2.33853
2.424
0.265032
1.82855
4.92577
1.65223
0.251989
0.175377
1.42293
0.777325
0.145378
5.88387
0.382302
1.80523
3.22718
0.217454
1.54533
0.40805
1.02595
0.192615
0.153557
0.154899
2.52594
0.181915
0.122335
1.24918
2.50927
2.98968
1.87807
0.0201701
3.57505
3.08463
0.323293
0.589472
2.32908
1.11331
0.337631
0.802042
8.90037
10.6692
2.26243
1.37252
0.902696
0.220412
2.44502
1.16482
0.0106418
0.331465
6.7319
0.178911
0.495932
2.23315
2.71221
2.50469
8.60891
1.83546
0.423803
1.23615
0.451032
1.80236
0.321738
3.13179
0.523668
0.10142
3.68073
2.47117
1.46119
1.96095
1.44425
1.12126
0.224088
2.37449
0.332864
5.32078
0.597225
2.0619
0.357953
2.17029
0.753846
2.17671
7.603
1.52282
0.446886
0.774322
1.82582
1.47158
2.89637
0.203785
7.50564
3.65849
2.74311
0.0936065
0.743391
3.258
3.64791
4.48407
0.593802
0.605887
0.962905
0.0707625
11.2765
2.61663
0.162213
1.77269
0.84061
0.518946
0.288428
1.73458
2.82179
0.1821
1.16215
1.50819
2.74568
0.571968
0.0466675
1.31722
3.20247
2.40528
4.80632
2.50488
0.480816
0.308594
4.59699
1.86768
2.52428
5.18285
0.0948369
2.56841
0.167139
0.110855
0.772852
2.81761
1.82844
0.494526
1.30573
2.5673
2.33947
5.27714
0.382975
0.844935
1.2897
3.48683
0.0711407
2.4677
0.533197
6.29127
0.999065
0.0765408
0.139407
2.67822
3.15322
5.9611
0.542288
0.249436
0.81952
0.135599
0.48841
3.24677
0.461102
1.43449
2.39615
2.87566
0.364134
1.59534
0.525549
0.852936
0.44197
0.327009
2.1369
3.76224
0.0131168
0.969227
0.702234
2.69642
3.05788
1.22645
1.71412
2.05298
1.07297
0.351475
0.438865
0.402533
0.444106
3.14215
0.426193
4.33345
2.99572
1.15812
2.15264
0.970809
2.21427
2.96925
0.336803
0.730951
4.47254
1.31933
3.56455
0.546152
1.23059
1.87949
3.09769
1.01765
4.24935
3.84085
1.7674
0.997314
1.05594
5.78932
4.33896
1.32829
6.30624
2.36906
3.10498
1.38512
2.94461
3.03049
0.886777
1.38019
3.75315
1.87074
1.52882
0.341192
0.408885
0.639993
0.349105
2.21882
5.07857
0.440325
5.32367
3.79537
3.02428
0.644559
0.87935
2.24675
0.202774
0.330653
0.89943
0.745981
0.871931
0.816743
1.06796
2.11403
0.461525
1.36592
2.88003
0.445747
2.15471
0.37484
6.7608
0.535246
2.54645
1.52356
1.20389
0.552945
1.75289
1.15904
1.52921
4.34822
1.52546
0.74571
0.666745
0.424796
1.32599
0.654023
0.636793
2.93038
0.522882
0.535899
0.507531
2.14742
5.6701
0.28197
0.938205
2.80188
0.96321
3.47099
0.438412
0.991084
5.27593
15.977
0.705904
1.26805
3.58167
0.760807
1.40384
4.1103
1.56217
3.48325
0.143148
1.08264
0.0677171
1.87022
0.167761
4.28238
2.45397
3.64589
1.8759
2.57221
1.49568
1.47661
1.07171
0.203446
4.1727
1.50197
2.69666
0.399962
1.80085
0.270494
1.61212
2.10692
0.39148
1.37622
10.8207
0.675444
3.64998
4.95433
0.486719
1.45454
0.728288
1.99247
0.419846
0.322209
1.077
3.20296
2.02898
11.1668
0.712725
3.20546
0.476646
2.26882
2.01545
0.03942
0.0500964
0.563201
1.97709
0.586479
1.93899
3.34994
1.61864
0.970298
0.436429
1.87061
0.143878
1.39324
0.418413
5.39213
1.1986
2.3534
0.950328
1.18495
1.07597
2.00172
1.33057
0.584186
0.093446
0.245714
0.465616
0.0148618
0.263105
2.96217
0.0729716
0.198658
6.36686
1.62388
0.09888
1.82267
0.160695
0.774855
0.326614
0.0323393
3.27829
2.94843
0.558382
0.199739
1.54698
2.27149
0.917974
0.267118
1.4879
2.62615
3.41797
1.32388
4.07194
0.27919
9.43839
1.58391
1.15853
0.699301
1.87633
0.425212
1.2024
5.26192
0.700284
0.864014
1.31952
11.4228
7.10604
1.18919
1.4043
1.97211
0.285619
0.680872
2.35574
0.427311
3.61009
1.99813
0.548409
0.541325
6.17595
1.39418
1.19626
1.87742
1.29972
6.4032
1.74228
1.58081
4.40873
0.392548
2.81926
2.76769
0.49503
4.04374
0.0479668
1.27689
3.43118
0.0127843
0.295359
4.67622
4.55359
1.09438
1.87148
3.41692
0.637764
7.00556
3.94049
1.19519
2.66253
6.13823
0.342628
0.603673
4.00527
0.647919
2.69261
0.34845
0.0675842
0.687381
0.382234
5.57239
0.665165
4.27572
0.0840266
1.87633
0.636943
0.691884
13.0105
1.03077
1.55724
1.10199
0.301437
1.34459
2.06461
5.0085
0.901735
5.10558
0.565076
4.2917
2.09882
0.0109138
3.26214
2.40603
0.309337
1.70986
0.226816
0.0268698
0.798644
1.4655
1.37025
0.161325
0.103902
0.864414
2.85289
4.50628
0.788195
1.9211
0.403277
0.672169
0.603359
5.92454
2.14274
3.65073
2.38291
0.104354
1.32338
0.416266
1.51066
3.31209
4.89008
1.68462
1.48105
7.12323
0.131342
0.688714
1.52521
1.57289
1.90746
0.118495
0.581844
0.349422
1.98168
0.813379
2.4768
5.39571
3.3655
0.869901
3.55952
0.0164415
2.53292
0.629367
0.597916
3.77243
0.893925
1.82584
0.11757
0.661297
0.052757
1.96108
0.300332
3.00966
1.98975
0.0655647
1.50929
6.49701
6.16259
1.18076
1.13756
0.288588
1.5749
1.27387
0.784695
1.34589
9.47342
2.21103
2.5689
2.09528
0.555592
2.17493
0.234098
7.02716
0.193149
1.21359
2.94019
4.61918
0.10972
3.18548
4.05174
2.99134
0.367553
2.65339
0.670445
4.36991
1.79033
5.65282
1.30309
1.46529
9.21228
2.08425
1.52584
0.0416414
1.6957
3.5666
5.99405
0.462262
2.41182
2.18025
3.11977
4.87783
3.83265
3.01416
1.61246
1.13631
0.148905
5.49911
3.05153
1.94335
8.75491
2.07802
0.227364
0.85852
0.488591
2.87047
0.856983
0.647105
0.647634
0.0912724
8.03735
8.81169
3.11555
3.03294
2.43802
3.52414
2.78556
0.118843
0.851925
0.382016
1.70454
0.269976
0.264766
3.5957
4.58749
3.02036
2.22796
0.158633
0.904668
2.41636
2.75455
1.32647
0.748742
3.54206
0.0572802
0.801676
4.74698
2.95056
6.54774
1.95706
7.36157
4.39969
6.14288
2.15609
3.19856
5.3022
0.165898
1.02183
3.82904
0.543598
0.413415
0.13306
1.19065
1.01482
3.45551
4.84248
3.84787
0.551112
1.94513
0.218332
2.88793
8.96874
3.48367
0.170289
2.14896
0.42826
0.728162
2.13546
4.59373
2.49297
0.21491
3.75315
1.07357
3.15969
1.83354
2.92316
1.43726
1.29511
2.04153
2.41694
1.91211
0.120716
1.06047
3.32131
0.85887
4.79625
0.989667
1.31611
1.65258
2.8758
0.928343
0.813303
8.17002
3.86272
2.85618
2.44441
0.357639
4.9911
2.93947
1.93066
12.191
1.98106
4.3585
5.47458
0.493614
0.798451
4.38924
0.463585
5.25874
3.46876
3.15774
2.54819
1.1606
0.137043
3.52903
0.215854
0.60342
5.17254
1.27373
4.53545
0.103256
9.08196
0.542059
3.06112
1.73232
3.25915
6.50658
1.09931
0.122645
0.481188
0.304343
5.11827
1.9463
0.373106
3.6279
0.196722
1.32716
0.725392
3.63516
2.33654
1.90265
3.2674
4.69642
1.12366
1.98166
2.71731
0.0458762
0.675096
5.21303
1.11381
2.37393
0.935869
1.61204
1.42632
5.62601
0.576039
2.58797
1.3126
0.0746353
1.71866
1.07855
0.516966
2.72161
1.63154
1.70012
1.4169
1.81245
2.54977
0.0924747
1.16499
0.654352
7.41104
0.173198
1.69795
1.07873
4.71211
0.237431
1.7024
2.74834
0.533374
1.35944
0.595806
0.442522
1.10952
0.533056
0.652495
0.205865
1.55375
0.538947
0.122499
0.318584
2.62999
1.48186
1.09368
2.47906
0.0259754
0.682549
0.251411
1.39777
1.40412
2.49215
1.85569
3.17361
0.0117415
1.35635
0.549269
1.27663
0.828264
0.869908
0.169818
0.512725
0.250815
1.34278
0.0471956
0.51244
0.246474
2.91414
1.65862
0.246923
3.59617
0.409383
1.10027
2.32201
0.319635
4.68093
0.367644
0.738145
1.26726
3.3718
0.0592508
1.07904
2.26797
0.925898
0.673302
3.75868
6.58072
1.53114
2.09596
1.31951
1.02175
1.86526
2.26622
0.809021
5.33191
0.439818
1.59439
2.19785
5.41892
1.87829
0.355577
5.08209
0.170688
0.242469
0.0985383
0.622055
0.152703
0.78262
0.651365
0.159109
2.75163
3.40618
0.417786
1.50943
0.34031
0.464734
1.9721
1.19043
1.59832
1.82914
2.53713
0.0729072
4.49931
0.0399181
0.481782
0.356907
4.96066
0.508063
1.00328
1.11502
1.09685
2.38686
3.71073
3.38511
2.91788
1.41357
0.814648
0.880714
2.20407
0.00209267
2.78969
1.08207
0.490383
1.35347
2.70803
2.86091
2.49475
0.0616939
3.68868
0.645091
0.460188
0.349218
7.33813
1.41264
7.33634
3.42219
0.908552
7.20272
0.0411113
0.0961226
1.64485
4.12382
0.517737
0.754448
1.51651
0.136626
2.7777
0.452283
2.23511
0.811248
0.218524
0.795995
1.18231
1.21655
3.95092
0.274145
0.575072
1.74476
0.113393
4.3665
1.77075
4.89401
1.5132
2.00281
2.13929
0.875142
1.58547
3.83135
1.09648
1.5813
4.4557
6.08657
0.353366
1.04856
0.0155327
2.61572
0.478125
0.133122
1.63449
13.0247
2.59741
13.877
0.167874
1.51123
2.99078
2.05528
8.50766
0.548645
3.80319
1.96063
2.10504
0.782297
2.92316
1.62234
1.43673
1.22285
0.790725
0.55011
1.38994
0.00562403
1.64053
3.09077
0.607724
1.48743
0.0843854
1.1737
1.09303
3.99079
0.551825
0.0574333
4.95352
0.446777
1.2185
0.471643
1.41534
4.88558
2.15002
3.1676
1.22335
0.677308
8.50435
2.54222
0.0858012
2.01145
2.96107
1.45509
0.437788
1.17835
5.41971
2.99521
2.07855
0.453479
7.51724
0.208656
4.6216
0.460072
1.30028
0.0387339
3.93301
4.30127
0.390762
0.90736
0.624422
4.67463
1.35805
0.76485
0.77115
0.312644
0.488845
0.0668758
2.17357
1.29672
0.786398
0.796921
4.06285
0.687497
0.0562615
1.44315
2.28076
0.902505
0.201097
1.64377
2.75921
4.44921
1.32759
0.427944
11.183
2.02975
1.03588
1.48112
2.58946
4.28432
0.106296
0.0981821
7.26026
0.464167
1.4197
0.408715
0.453393
3.69693
0.39594
0.19079
6.43541
2.05174
2.61671
1.47335
2.01428
0.0231199
0.263036
0.184968
1.28214
1.68495
3.29337
2.83589
0.605424
2.11884
0.927197
0.0790448
1.99467
7.06273
0.0737147
1.20047
0.949935
0.9629
0.749326
0.464462
1.85928
4.13912
1.1811
5.56616
1.90695
2.59215
0.77896
1.27077
3.45636
1.2519
2.21196
10.9798
2.4783
2.33554
1.79281
1.03029
7.16926
0.0443747
1.66151
0.602995
3.92052
0.914993
5.54791
3.40874
0.275506
1.41411
0.113325
0.807584
4.81848
0.0842956
0.486436
3.81975
0.219117
1.18425
1.2893
1.91417
7.32016
0.523638
4.74286
3.29526
1.80685
0.323478
0.73133
0.803788
3.46846
2.65164
1.97401
0.414919
0.522641
0.642526
0.0320803
1.13472
5.42457
3.0628
8.5896
1.10925
0.861299
0.694627
1.06188
0.384571
0.315652
2.55341
0.453746
1.30421
0.689569
1.54594
1.04879
0.0224213
1.69032
1.3704
2.70714
3.53916
0.661394
2.47523
1.10236
0.963387
7.27858
5.55022
1.70838
0.726606
5.17328
2.49143
3.80248
0.470851
1.48071
3.70442
4.10307
4.58435
1.67832
1.94743
2.80055
1.78317
1.47229
0.840777
0.549229
0.292819
2.89842
2.04037
0.812992
4.8874
0.30306
2.17435
1.77836
1.34278
2.76619
1.1422
4.73895
1.17561
1.84645
7.00464
2.83926
5.54723
2.62021
0.461553
2.31152
0.433805
0.230457
4.23026
0.47877
0.233943
1.94157
1.61207
1.33535
4.34762
0.0644453
0.46106
9.29193
3.66801
3.27438
0.561587
5.16611
1.69952
0.81065
12.6397
3.10437
1.55919
0.182853
1.95424
0.764989
1.82965
4.08174
11.1309
2.05282
2.30159
0.91405
7.16385
1.48272
0.370161
2.62433
0.295607
0.45279
0.717127
0.815176
3.12816
0.668074
0.245637
1.10739
0.469477
0.650649
1.09047
2.45845
0.184175
0.484323
0.653212
1.66312
0.219759
1.29897
7.96429
0.812779
0.742924
8.22972
0.496473
0.581883
1.1078
1.1075
0.722799
0.192129
0.122201
1.75993
1.02233
1.30678
0.957489
0.216964
4.08109
0.995334
1.07056
1.04251
0.206713
0.654277
0.417343
1.09701
3.05286
0.0956978
6.65825
6.95553
1.36836
0.0730801
1.23232
3.88782
2.776
1.767
1.57588
0.805971
2.64402
2.36562
0.861563
2.11974
1.02995
1.50304
0.327195
6.68646
1.51156
1.07332
1.11506
3.44983
6.09375
3.8095
2.5197
1.18124
2.64115
1.71996
0.0690269
2.521
2.1472
0.820657
0.640814
0.0939154
4.52545
0.541654
3.48924
0.68858
1.45806
3.22549
0.523474
0.138656
0.0951296
2.90909
1.83413
0.401611
1.72505
3.10199
0.509749
0.390921
0.0792704
2.73365
1.38233
3.05441
1.14418
1.55472
0.234745
1.74695
0.604165
0.0820854
0.547179
1.4844
0.0907543
0.265747
1.52108
0.626166
1.46209
1.32313
0.024223
0.825302
1.52163
1.84371
0.159099
2.14192
2.76403
0.0728209
1.61302
0.708957
0.408339
1.82447
7.82091
4.73326
7.66041
0.993875
3.32983
0.289141
7.76733
2.50123
1.03815
3.52727
3.13024
0.135128
0.137535
10.8294
2.4456
2.50538
0.849822
1.27014
6.13795
1.06968
1.62091
1.90201
2.38919
0.975099
0.987702
1.14164
1.27905
4.03018
3.05922
1.47705
0.196189
1.29891
0.622242
12.5378
2.3401
7.08013
0.277296
0.8246
9.7639
1.85329
3.05757
0.175689
3.8832
2.78586
0.116398
2.44961
2.7081
3.85816
0.689196
0.795066
3.66061
6.44298
4.6473
3.19267
5.77185
1.29837
3.25261
3.35283
0.584201
0.303737
1.8378
0.354445
0.321481
1.18803
2.21275
0.421997
2.15406
3.52529
1.54275
0.238966
0.00604769
0.147134
1.3193
0.281763
3.91074
0.841961
1.04849
0.581617
0.157306
0.971578
0.147699
1.7958
0.159315
0.986485
0.27202
0.00242317
3.68571
1.20396
2.20132
0.276493
0.047012
2.77769
3.63911
0.304265
0.977384
0.713076
0.372007
2.86722
0.755771
6.89862
1.34129
5.78408
0.603571
4.475
1.23942
3.52766
2.0856
5.29392
0.73221
1.83487
1.17294
3.23144
1.90544
4.84214
3.89721
5.58882
3.16843
7.64686
0.763716
4.12835
0.0134474
7.06378
0.36283
3.19547
1.51722
5.55163
0.147542
3.78863
2.18982
0.539678
3.26156
0.907336
2.38252
0.854342
2.46338
3.3855
3.98348
2.66011
1.06787
1.95178
0.685802
0.356754
1.47677
1.31077
2.12866
2.12037
0.287862
0.545712
0.807755
0.807335
0.671969
2.0881
1.46
2.84415
4.00982
4.41605
7.6583
1.08254
0.0242079
1.98069
0.800211
0.290997
2.54994
0.146479
0.0089392
3.92059
0.934022
2.33466
6.12073
7.38881
0.0943142
8.72654
0.0927578
3.1106
0.297014
3.0467
2.46554
2.17539
3.1383
1.56832
3.31717
0.211674
1.57629
5.21267
1.00273
1.04572
4.64981
0.101532
8.6018
3.88339
1.99813
2.59519
1.63174
0.635733
1.64394
0.477839
0.279748
0.936875
1.01545
1.49124
1.70282
0.295053
0.0935189
2.75269
5.12055
0.994164
1.76974
0.242681
1.73679
3.42252
0.881985
0.573827
7.39083
2.87401
0.0192081
1.5866
0.727231
4.17829
3.48004
1.11115
1.56197
1.15383
0.326875
2.32734
3.25141
0.216946
0.605462
1.04934
6.6954
5.54539
1.09839
0.555427
2.39084
0.00295352
6.07535
0.570705
0.0518161
2.95394
3.49272
5.78155
0.748046
2.77446
0.565658
1.9035
1.13581
3.08289
0.966688
3.5491
1.96062
2.13161
0.300852
3.86776
5.09503
1.63865
1.58431
0.746748
0.28391
0.877096
0.66132
0.803639
10.6068
2.46177
3.5173
3.07876
4.59546
0.17408
1.21101
0.525621
2.18799
1.408
6.58327
1.56123
0.576389
0.0520441
0.341291
1.77683
4.32796
1.96413
0.545435
0.567324
0.980198
1.03732
0.932169
1.25214
2.33065
1.35262
2.34986
0.0598422
0.11056
3.08152
9.49657
1.23653
3.14567
1.02629
0.771215
1.15724
1.46501
0.916844
3.0876
1.48665
0.101235
0.810998
1.69862
1.6561
1.52752
0.364633
2.82063
4.1969
2.67938
0.478224
4.65075
1.00942
0.962384
0.918598
4.47513
0.298386
2.4276
1.90234
0.363636
0.43392
2.67204
0.720393
0.614914
0.340801
0.596239
1.68124
0.0911075
3.12247
1.19819
2.50878
5.21375
2.76965
5.64154
0.583202
2.08175
3.33548
2.08035
0.477602
2.83899
2.77443
0.114817
2.18148
0.0106525
0.0706842
1.61606
0.0478722
2.07326
0.357042
0.756782
1.03879
1.02252
4.35528
1.482
0.702653
2.76363
2.63487
1.30561
4.07946
0.615911
0.446645
1.02776
2.91173
1.07532
3.29785
1.33642
1.08001
0.37622
1.92667
1.79039
0.858024
0.0831093
0.0433638
3.26322
0.198386
0.827293
1.64955
3.9611
0.129917
6.86119
1.37122
1.60974
0.536755
2.77934
1.34479
1.50762
0.711545
2.2408
0.427788
0.120401
4.9833
0.393807
3.38714
2.83493
0.0471775
3.70741
1.47228
0.494133
0.338694
1.41228
0.163866
0.446825
5.63047
1.48996
1.49888
0.667754
3.29397
3.30283
2.14524
0.390754
3.55568
2.84622
0.444153
0.109557
3.96336
1.53342
0.151453
1.51455
1.76449
0.579863
2.95927
0.0210033
2.63164
0.44236
1.88761
1.80881
2.27406
0.215528
3.33989
2.10435
1.78268
0.317514
0.339383
1.28553
5.44798
1.18284
1.4852
1.29322
1.80787
0.217695
0.963179
1.15892
0.503584
2.54983
0.690001
0.717167
0.076448
10.3593
1.60025
0.567486
1.93363
2.0265
1.61726
0.676398
6.72338
3.60138
0.4289
0.0210456
0.770815
0.408627
1.99988
0.184976
1.82567
0.310064
3.25407
1.1619
3.65331
1.14678
0.495034
1.07743
1.62015
2.20623
0.893503
3.41357
1.15845
0.901385
0.725091
1.26701
0.945341
0.861757
0.678625
0.898932
0.371383
2.69716
2.34067
1.87983
0.96645
7.2135
6.68535
4.95787
4.18649
3.71188
2.67251
0.710386
2.74113
0.803937
1.3717
2.31307
0.95261
0.044229
0.838078
1.3399
3.18877
1.81204
4.57298
1.81697
0.27759
1.96436
5.17865
1.56193
3.14815
8.88441
1.04336
3.36547
1.20985
1.07394
0.223952
3.32029
0.621407
1.69067
2.17013
1.73107
4.47831
7.65245
1.42322
2.85626
1.76156
2.92263
2.91489
0.582522
0.302357
1.3455
2.61508
6.42615
1.70874
1.16626
5.82878
0.302016
1.48371
7.60365
6.01668
0.758261
0.422648
0.440342
3.20576
1.01722
1.9587
4.32724
3.3595
2.85665
0.47997
0.94608
0.988414
1.83905
2.88589
3.51773
0.825363
0.0211343
0.284196
1.34643
2.84692
1.54095
1.44205
2.52677
2.75757
3.40541
1.80503
1.88536
1.9785
0.919145
7.4812
0.423727
2.14839
0.658994
3.54397
1.6515
4.44373
1.12536
0.15337
1.18442
2.73762
0.32936
0.0799581
2.60356
0.0341352
0.310786
3.91977
0.195839
1.82622
0.0329339
0.247662
1.50939
0.139129
0.479792
2.79918
3.20775
0.810651
7.40576
3.04433
0.324768
0.00109126
3.32053
2.89196
0.258062
8.14615
0.65354
2.89063
1.50664
0.184514
3.00306
6.43757
0.828778
0.0723071
0.0751861
1.6452
0.439813
2.9026
0.00629441
1.03837
0.644478
2.68627
1.96272
0.983208
2.98516
0.534646
0.0601897
0.908183
4.51553
2.9614
1.79966
0.318467
1.135
2.97006
0.34984
1.16996
2.82745
3.05604
2.73583
2.69886
3.28346
3.61585
0.436646
1.06343
2.59971
0.105959
0.846027
0.765403
3.93225
1.32918
3.56122
1.34231
1.8541
0.265618
1.88552
0.159185
1.10287
0.863915
0.157591
1.5731
4.21423
0.751956
5.4167
4.83439
0.518552
2.82623
1.01376
0.342699
1.12246
3.09566
0.01567
4.64508
0.0810997
3.4802
1.80684
0.101128
4.8061
0.0829534
0.992206
0.958988
0.602488
4.13594
4.05818
3.30907
3.58529
8.06308
0.217939
5.9227
0.90832
0.302212
0.482275
0.343891
6.22502
1.1245
1.6452
0.409574
1.51186
1.18512
0.911426
3.4824
3.55926
1.11436
1.39844
1.09003
0.0420739
0.517476
1.28099
1.13639
0.299886
1.80397
4.87518
4.31236
1.35924
1.57093
1.55657
0.235547
1.08952
5.27614
0.181561
0.545189
10.5948
3.02358
1.10826
2.67517
1.57646
5.51417
0.922241
5.01064
1.12966
4.33963
1.10092
3.46482
0.144868
2.58954
0.682191
1.06402
1.51856
0.120792
0.723296
4.95762
1.20853
2.51122
2.01794
0.666786
1.46339
0.427032
1.27405
0.912685
1.83318
0.465398
0.339844
2.18576
0.129345
2.68701
0.0356331
0.368758
0.578111
0.830339
6.26269
2.7225
0.0488338
0.527537
2.54139
5.74214
0.31433
1.33704
4.85011
8.1547
0.952909
4.7991
0.689548
2.23546
1.25457
0.223004
1.70202
0.0810311
2.85073
1.67202
1.50917
0.487292
2.87024
2.29566
1.04249
1.08635
0.597013
1.15155
0.154312
2.62683
0.618582
0.147133
0.512469
0.0197362
3.15068
1.6015
3.33292
1.06459
0.00382684
2.4218
6.20206
8.14533
2.57337
2.15158
3.12093
1.89765
0.250717
1.27641
0.491368
0.580179
1.52721
1.52552
2.85881
0.232456
0.96507
0.0848598
1.39529
0.206401
2.0808
1.50025
1.02185
7.9418
4.45406
2.76811
0.947478
1.15315
0.382447
0.447934
2.53206
2.46958
3.67242
0.481173
0.543425
6.76306
0.620325
4.13863
3.13523
1.55415
4.2354
3.4861
0.940112
3.17446
0.684636
0.282612
1.78147
3.53645
0.840739
0.272785
3.09011
1.70503
1.57251
0.619704
0.0142144
0.667585
1.60772
5.12381
1.0891
0.416087
4.52193
0.134374
3.77447
0.247019
0.413955
0.563417
0.919729
0.195133
0.0769574
0.121049
4.12264
0.901241
0.103847
2.14379
0.231816
0.303881
3.1842
2.64726
3.18542
4.6719
2.59909
0.811153
0.12251
1.40337
4.71634
0.959783
0.114561
0.506517
3.70657
1.02729
0.907238
0.611051
4.20107
2.31557
0.809992
0.90369
0.646741
0.552194
1.93829
1.809
1.07809
0.992586
1.52508
0.356712
3.3276
0.500818
3.00285
1.25826
5.31325
1.74402
0.200768
1.82722
0.302592
0.282624
1.08524
2.48054
0.419928
2.13436
0.170019
1.07026
2.92643
2.55681
0.573291
1.42473
2.86408
6.16107
5.3907
1.58348
4.43205
2.01697
0.901525
0.328923
3.5478
0.0493204
1.0716
1.30895
0.572456
1.83775
1.41874
0.323439
0.556848
0.169994
1.12735
2.16634
0.164975
0.253131
3.04026
0.191217
6.76634
2.81467
2.06591
0.85669
1.19351
4.76627
4.75819
1.35106
1.5691
8.05298
3.49661
1.51849
0.74327
2.41457
4.88368
2.18181
0.513674
2.5688
2.43554
0.89
5.46285
5.43994
3.40853
3.72703
1.64334
0.0650962
2.9636
2.79352
0.104616
0.115074
1.50248
0.618894
0.545782
5.77462
7.19904
3.61592
0.666626
0.454941
0.375702
1.74942
0.0677239
1.89077
2.25582
2.02565
0.0706366
0.173876
0.022554
0.170873
1.03994
2.96285
4.08578
3.84012
0.407214
1.98618
0.324713
0.790059
4.87673
1.78329
0.853276
0.731123
0.699077
3.02934
1.80781
5.49689
6.10772
0.674906
3.97616
1.54774
3.25217
0.311991
0.235193
3.5065
1.00911
0.292317
0.0261276
0.594234
0.618766
1.78547
4.152
1.11333
1.02325
2.44713
2.62435
1.59153
1.78947
0.290817
3.98683
5.23532
1.31773
2.0532
1.58764
2.81246
1.27746
1.67745
0.948951
4.50369
6.80426
0.926414
2.10874
1.96355
4.04989
4.55518
0.0171463
0.243593
5.1935
0.639305
1.0581
2.08715
7.18885
0.141379
0.878796
0.515203
2.04859
4.21479
0.453201
18.4939
1.04228
0.0922601
1.72891
8.40147
1.03133
1.00459
0.116024
6.76571
5.37561
3.30794
2.7622
2.93176
1.88904
1.67891
0.337951
1.08114
3.38638
2.75372
2.01483
0.626596
1.21978
0.338956
0.800386
0.272367
3.20281
0.538458
5.93757
5.32209
7.04129
2.2403
5.13056
0.233401
5.82369
4.49771
0.200622
0.370769
4.48653
2.71033
3.12854
1.27299
0.539986
1.05587
5.71356
0.994928
2.98306
2.71078
2.61939
0.709734
5.22201
0.862262
7.09965
2.38971
3.19088
5.53298
0.912024
0.765741
0.0704103
0.470942
1.10422
1.2062
1.13253
0.908408
3.04288
1.73828
0.876055
8.4656
0.744561
0.940274
1.52689
2.08613
1.1745
2.39711
2.90299
4.97831
4.74251
1.58581
1.31854
0.395061
7.23317
5.45164
3.94415
2.86048
2.07562
0.248304
0.53262
2.05215
2.21313
0.957452
7.25292
0.660831
1.11516
4.92184
0.367331
1.4209
0.0810942
2.33373
20.3854
0.0316178
2.28505
1.62594
2.2034
0.0220615
4.33872
1.40687
1.34062
1.74557
1.11187
1.6506
3.22047
1.00624
2.13272
3.36731
3.42976
1.06888
1.29189
2.21058
2.96827
0.00934844
0.337739
3.26828
0.895343
1.84949
0.300023
8.37805
0.606799
6.90601
0.343085
0.619907
0.415782
1.72247
3.71728
2.34893
0.160572
3.73991
0.956088
5.31069
0.219994
0.954753
1.53757
6.39863
5.98143
0.356868
0.526212
5.24871
1.35424
4.08655
0.314682
0.023181
0.0441084
3.92143
0.257881
0.483345
2.43274
0.0836411
0.794228
0.614555
0.957867
1.82889
1.12364
0.317705
3.14074
0.617549
0.0329315
1.11138
1.63705
0.096935
5.15808
0.317629
0.421937
3.13405
0.115921
1.41522
0.802314
0.421869
0.503928
2.47115
1.21068
1.33313
0.226647
1.94996
3.9876
1.56082
0.410827
0.106152
1.08061
3.28464
1.44466
10.4305
1.66428
0.512149
1.01879
0.295309
0.0521283
0.986336
1.86955
1.21668
2.18749
2.22181
1.25693
2.7061
1.37594
0.135677
2.5101
0.157124
0.0993596
3.32796
2.65429
1.45368
0.171471
0.416828
4.71519
0.715767
1.63461
1.16656
2.85204
0.430375
2.54218
4.29755
4.89381
1.49687
0.36703
1.83187
0.322077
2.09575
1.1021
4.59596
0.792344
0.136178
0.405213
0.690793
1.79127
1.01284
2.57613
1.35825
1.48813
3.28039
0.122795
1.66608
0.588167
1.78473
0.598252
2.58118
0.309889
0.884323
2.92024
5.77401
0.733224
1.3742
12.3237
0.409107
2.37369
2.23205
0.102527
0.0717703
0.91779
1.57611
8.41265
2.27301
0.612579
3.47185
0.990208
5.93309
0.0270499
4.91313
2.68802
0.17286
1.48302
2.01626
0.563695
11.6466
1.65027
0.643597
2.11049
4.00164
1.16539
0.0392406
0.112493
1.95894
0.348547
1.9931
4.81784
0.00901911
7.1675
1.3779
1.42342
0.380909
3.80266
1.13182
0.505506
0.408703
2.49669
2.03452
0.810576
0.928356
1.91192
0.560627
0.760035
0.290692
0.51601
2.75739
4.18788
5.86161
2.2687
1.14328
2.51788
2.72057
3.63523
1.11458
2.53351
3.11395
2.61742
0.244335
4.56285
5.75439
6.73641
8.034
3.16153
4.84365
1.44747
0.632051
4.86657
0.332851
4.53048
0.371259
2.63054
0.540011
1.78538
0.145951
0.637476
0.537393
1.32229
1.40138
