0
0.175149
1.98625
0.602877
1.69503
0.604568
0.154194
0.0721041
0.851311
0.345962
2.95833
0.0664386
0.562326
0.441321
0.0169934
0.611705
1.90582
1.01019
0.896694
1.72427
0.11984
0.756929
0.301375
0.117534
0.788612
4.04931
0.470284
0.669013
0.168571
2.64869
1.10078
3.19594
0.265373
0.35999
0.85993
2.33673
0.811816
1.91244
0.251212
0.360179
0.713614
0.35468
0.789458
0.783369
1.27581
1.0321
0.509581
1.55795
3.97987
1.17133
0.197196
0.277147
0.0558807
0.953292
1.64802
0.6615
0.424368
1.53997
0.333846
0.463833
1.10293
0.157097
0.278176
0.464907
2.34125
0.104153
2.16247
1.20372
0.835936
3.09514
0.348426
1.18617
0.910047
2.26443
0.455004
1.8908
1.32753
0.960002
1.12711
1.31553
1.19367
0.660547
0.789967
0.746438
0.360635
1.69865
0.709039
0.0824911
0.442531
0.316187
0.639621
1.95397
0.760213
1.11502
0.540659
0.684005
0.452617
2.20996
1.14476
0.181714
1.02332
0.107403
1.19923
0.873214
1.28213
0.119984
2.9368
1.07642
1.12408
0.0856376
2.2772
0.443868
1.10281
0.350961
0.753578
1.00234
0.341775
0.414811
0.251529
0.153498
0.915478
2.9514
0.126285
1.22896
0.131782
3.18488
0.911274
1.44487
1.08786
1.63807
0.0388623
0.790707
0.107729
0.937929
3.04541
0.363024
1.47027
1.58118
0.272019
0.734522
4.07681
0.853949
4.02961
1.03242
1.1508
0.167458
1.35238
0.610666
0.321643
0.989723
1.72506
0.169729
0.967666
0.0608977
0.274547
2.70925
0.770404
0.837787
0.404155
1.55028
0.129375
0.669122
0.427289
3.75041
0.275136
0.948569
0.203991
0.927005
3.55434
0.704668
1.27808
0.19019
0.57167
0.541435
4.3753
0.257981
0.72955
2.10071
0.932502
0.778278
0.762272
0.0330895
0.499635
0.451967
1.72836
0.0678177
7.05252
0.0804318
1.06831
0.313113
0.364114
2.09634
0.748428
0.387112
0.287016
1.43479
0.247862
0.592732
0.552079
0.0938428
0.185195
0.176594
0.569811
0.857408
1.01148
0.68291
2.96762
0.214121
0.299861
2.55594
0.868543
0.540305
0.632604
0.941462
2.48039
0.246063
1.5102
0.430968
0.107375
0.672168
0.02265
2.2069
0.108996
0.748412
0.956256
0.215808
2.59913
1.07114
0.230137
1.01092
1.27534
0.603918
0.480186
1.97479
0.679628
0.502964
0.684942
1.29286
0.213764
0.270931
0.710868
0.587297
0.718317
0.447169
0.618928
0.657962
2.98149
0.103604
3.20622
0.599273
2.7624
0.433435
0.426952
0.38639
0.497075
0.818357
0.0755651
0.589043
1.91562
0.361668
0.559301
1.67563
0.595023
0.100957
1.07186
0.16258
1.21118
0.744785
2.41709
2.11441
1.56242
2.18438
0.575086
0.4803
0.923501
0.728929
0.5427
0.992592
1.2095
3.07344
1.15083
0.507978
1.1848
0.601573
1.18307
1.7512
1.1578
0.240531
1.12772
0.0320112
2.66677
0.522883
0.0152132
0.512725
1.51546
1.69994
0.66577
0.960395
2.29005
0.504567
1.78688
0.436457
2.09182
1.89984
0.531596
0.445042
1.3738
0.101223
0.516832
0.508191
0.768382
2.18574
0.0731379
0.643743
0.370111
1.22625
0.248386
2.48383
0.182416
0.185759
2.78601
1.44551
0.537175
3.95221
0.119791
1.6749
0.425187
0.502282
0.128636
0.407243
1.21965
1.38975
0.243266
0.172936
0.0152258
0.163403
0.210151
0.839921
1.18169
1.39898
0.118535
0.846818
0.97394
0.447879
1.02366
0.157252
2.18995
2.27341
0.0917339
0.269974
1.57616
0.543996
2.45316
2.66036
0.0206757
1.00016
1.33681
2.15205
0.721699
2.12858
0.454853
0.0128385
1.04855
2.37076
1.0803
1.05168
1.3606
1.81823
3.56103
3.2844
1.21453
0.401121
0.4028
0.0552761
1.76404
0.0253128
0.304006
0.922172
2.23382
1.12359
1.30655
0.756124
0.35265
0.750505
0.644847
2.25223
1.33336
0.379509
0.25967
0.0216887
1.16237
2.65577
0.916607
0.643122
0.667875
0.858707
0.564905
0.766752
1.16351
0.240367
0.1138
1.0432
1.69387
0.897782
0.960252
0.908281
0.683771
0.337003
0.0741532
0.744321
1.00612
1.24963
0.244452
0.499455
0.265937
0.621241
0.167061
0.689363
0.187588
0.680182
1.28594
0.141434
0.335356
0.0592643
1.05493
0.0820103
0.453346
0.35846
0.297876
0.086607
0.104678
1.57077
1.00384
0.0126357
0.172881
0.294498
1.19246
0.382075
0.218368
0.951982
1.55935
0.378692
1.9344
0.0804346
0.106358
0.130675
0.525852
0.296208
0.574914
0.091499
1.67196
1.61623
0.541624
0.0372094
0.0468962
0.315813
1.17719
0.161554
0.139197
0.615505
0.0174825
0.860233
0.814628
0.100565
0.55075
0.537735
0.0992911
0.908994
0.776426
1.02891
0.20569
0.353818
0.344049
0.372498
0.858398
2.01327
1.31014
0.0167682
0.457717
0.809302
1.00177
0.886551
0.0330791
0.640955
2.72839
4.57165
0.678846
0.959663
0.0633908
0.563289
0.335136
0.0361989
0.254567
1.11734
1.23506
0.0649908
0.676962
0.16372
0.0364315
0.211603
0.671596
2.01497
0.203823
0.261452
0.394953
0.669815
0.833994
0.151274
2.64978
0.651772
0.0224446
0.731356
1.9739
0.144062
0.619793
1.05658
0.261948
0.656423
0.778498
1.66236
1.1302
0.59241
0.0991685
1.05818
0.471095
1.03092
0.761021
1.18713
1.69282
0.295295
0.870478
0.476003
0.795179
0.304624
0.36955
0.689359
0.686978
3.28788
1.60046
0.00155783
0.00817596
1.24474
2.56834
1.54339
1.7425
0.267521
0.695839
0.464521
2.07235
0.278218
0.356837
0.353741
0.506521
0.224449
0.803916
0.22839
0.650427
1.25289
0.399613
0.363129
3.87632
0.0634862
0.36678
0.749017
1.03275
1.28541
0.232546
1.00502
0.371558
0.470609
0.123464
0.723786
0.0462847
3.05408
0.242855
0.0927625
1.11411
0.0927684
0.633673
2.52792
0.0961041
0.235613
1.0781
1.23932
0.754991
0.750839
1.62701
1.74372
0.108277
3.20451
1.41405
2.85411
0.777504
0.650759
0.581065
0.597899
0.302795
0.302096
0.696916
0.0658163
0.350581
0.506403
0.424294
0.878945
5.02352
0.106045
0.124101
0.54802
0.0440246
0.137094
1.13659
1.34296
6.69827
1.50883
0.642802
0.32383
1.0846
1.53703
0.184492
0.767045
0.869221
3.04097
1.11442
0.513159
1.17558
1.799
2.44494
1.01892
0.529673
0.20341
8.63002
3.70373
0.495635
0.281366
0.328182
1.28536
2.68708
3.43338
1.12179
0.100697
0.619645
0.704794
0.0180222
1.4264
0.339203
0.714622
0.900529
0.125994
0.646019
1.25892
0.178999
2.95838
1.21058
0.127513
0.23989
0.335515
0.609117
0.206566
0.422274
1.1887
0.412822
0.178808
0.133971
0.762288
0.629952
0.300059
1.57729
0.108568
2.99857
0.54417
0.116096
0.245999
0.504993
2.13809
0.0651854
0.750988
0.998396
0.10649
0.14266
0.546019
0.77959
0.176457
1.61138
1.22792
0.934812
0.12069
0.328859
0.255297
0.646173
0.685337
0.243493
0.645888
1.21673
1.62254
1.02296
0.732132
0.150314
2.01428
1.02572
2.75798
0.468716
1.39866
1.90768
0.110903
0.774065
0.116301
0.74891
0.160641
0.0785164
0.143773
0.637612
0.573917
0.332956
0.0717128
2.00967
1.20526
1.06206
1.7692
0.476804
0.302077
0.0563077
0.826517
0.842954
0.990317
0.202987
2.23679
1.06763
0.243663
0.0592106
1.08195
0.26058
1.60905
1.35318
3.31127
0.0182614
0.720997
0.372932
1.51789
0.84795
0.0765333
2.37607
0.447992
2.10667
1.00699
0.109254
0.710835
3.13436
0.504458
0.226074
0.273455
0.489622
6.57021
1.05353
0.760577
0.238023
1.20639
0.948791
0.23353
0.712901
0.511082
0.695781
0.283344
1.5528
0.084472
0.592207
1.0065
1.66414
2.3756
1.65243
1.27261
1.60743
1.38141
1.05101
0.409313
0.0185184
2.59839
0.760798
0.180516
0.652582
1.53275
1.61701
1.10434
1.65765
1.06001
0.17969
2.58949
2.12468
0.479016
0.835977
2.25404
0.00339707
0.938205
1.572
1.3064
0.150284
0.741032
0.0620095
0.94076
1.00687
4.91543
2.02281
0.117395
0.186155
2.36499
0.714549
0.652154
0.788153
0.214521
2.44335
0.712687
0.841328
0.152396
0.370038
1.69683
0.723678
0.818818
0.813369
0.972869
3.65053
0.800894
0.665188
0.414408
0.0451784
0.498382
0.462012
0.415597
0.385501
0.785124
0.220118
1.48011
0.630753
1.09252
0.901606
1.03305
0.0632119
1.76381
0.00562196
0.667024
0.580667
0.129204
0.371473
0.0255674
0.130099
0.499029
0.413046
0.252413
0.0473467
1.87101
0.394906
0.179034
0.151029
1.96924
1.33549
2.02303
0.305476
1.18147
0.309067
0.130675
1.17407
2.09294
0.886691
2.45737
0.0485793
0.00592684
0.33051
0.364174
0.286911
0.412507
0.312074
0.0190085
1.94494
2.90498
0.614249
1.92313
0.983135
2.31737
0.552704
0.501128
2.98278
0.792589
2.41364
0.19831
0.487183
0.676283
4.09438
0.455901
1.96699
0.389039
0.791159
1.34969
2.66592
0.674055
1.33505
1.23682
1.57182
0.0872609
0.854999
0.089388
1.04965
0.199934
1.637
1.50272
0.683343
0.282237
0.153156
0.240703
0.294933
0.0158355
0.388421
0.169023
0.0229964
0.66002
1.14359
0.228836
1.74645
0.176296
0.250778
0.285013
0.910729
1.10518
4.93061
0.255333
0.174666
1.2554
0.526294
0.47533
0.361061
2.32726
0.191368
0.820464
3.46981
0.57559
2.37929
5.53358
0.726934
0.977207
0.163548
0.168878
1.01965
2.8394
0.26915
0.524331
0.849326
1.94346
2.27441
0.207715
1.58483
2.22672
0.409059
0.916673
1.46827
0.412623
1.47622
0.836993
0.568678
0.0458595
3.2922
0.593732
1.79941
0.640668
1.50584
0.172513
0.763012
0.43724
2.38007
0.542396
4.57863
0.402944
1.51187
0.00712637
2.78986
2.38397
2.5312
1.4826
3.08975
0.579278
0.558693
0.493377
0.0765389
0.240472
0.791432
0.548943
0.156839
2.8566
0.228819
0.541656
1.32635
0.825795
0.0516582
0.978929
0.573652
0.714294
0.447407
0.969135
0.0579829
0.405972
1.29394
0.166443
0.230458
0.656501
1.10954
0.285971
1.69517
0.0138363
0.0580112
0.901301
0.420725
1.93303
0.145243
1.24066
2.06785
0.931794
0.986232
0.637118
3.96211
1.5019
0.488089
0.142442
1.5612
0.702538
6.39972
0.693831
1.08596
0.115929
0.531969
0.08104
0.947306
2.90346
1.31124
0.331201
1.20496
0.237461
0.0254434
0.73563
2.08956
0.109816
0.510848
0.377525
0.180234
2.80067
0.360169
0.738106
1.81689
0.245031
1.1467
0.11981
0.298266
0.7135
1.40942
0.267821
0.312268
0.00672682
0.406523
0.170135
1.35076
0.0850667
0.113977
0.844677
0.143138
4.56568
0.724528
0.0415963
0.988794
1.62266
0.211369
0.617493
1.61489
1.22509
1.88264
0.82168
0.729125
0.979071
0.917971
0.0581031
0.692304
0.515331
0.532869
0.124322
0.129349
1.27571
0.842607
1.77371
1.65016
0.0982801
1.37821
0.0747602
1.55583
1.81805
0.44352
0.0181158
0.553834
0.459172
0.327401
0.843534
0.519305
1.77809
0.180548
1.70926
0.584885
0.300482
1.54396
0.732702
1.54736
0.456871
0.436474
4.08647
0.471502
4.56581
0.358841
0.744015
0.410937
2.50148
0.855562
0.0242929
1.75101
1.19201
0.791134
0.368206
1.91663
0.050309
0.0975269
0.403816
0.240463
0.89493
0.383145
0.111915
1.02441
1.34975
0.961943
0.452058
1.19925
3.20171
2.2691
0.0884044
2.84455
0.0714303
0.750832
1.79011
2.59443
0.00185734
0.610148
0.112425
0.344906
1.05747
0.270031
0.546206
0.468565
0.060708
0.724887
0.224079
0.0526145
0.305974
2.81957
0.163322
0.612624
0.577516
0.57087
0.00750226
1.00286
0.547617
1.28759
1.67747
0.459785
0.256743
0.920883
0.312229
0.297802
0.883375
0.60783
1.95031
0.92333
0.3033
1.5755
0.801582
0.0843696
0.811245
0.364311
0.368937
0.339839
1.22454
0.448479
0.499531
0.164989
2.47804
1.40038
3.30736
0.0039697
0.373893
7.00398
0.160457
0.165984
0.300542
0.355756
0.281008
1.38745
3.12214
1.37936
1.06555
0.601335
0.111654
0.515308
1.0355
2.0001
0.0891072
0.238046
2.48667
0.0936822
0.734296
0.0509531
0.337097
0.264093
1.56578
0.398331
1.40724
0.919334
4.54836
0.639034
3.72772
1.41497
0.0710327
1.35964
0.313602
0.223932
0.367763
0.457409
0.245708
0.910026
0.194363
0.8666
0.332109
0.301217
0.800111
0.171348
0.355238
0.776915
1.70752
2.73659
1.97051
2.48047
0.210379
0.367393
0.760599
0.122087
4.34479
0.913384
1.95313
0.984838
3.02129
0.123112
1.49091
0.700668
0.988334
1.20561
0.17475
0.353716
3.26728
0.866569
0.0106954
1.7679
0.152235
2.18772
0.288461
0.421232
0.0357977
3.17368
0.204689
0.91855
0.0173978
0.937422
0.386597
0.429728
1.46646
0.750006
0.468211
0.382251
1.30514
2.46739
0.363243
0.704122
1.89225
0.126922
0.176214
2.0784
0.88213
1.38336
0.808021
0.877156
1.41394
1.41497
0.513089
1.18931
0.121065
1.36191
1.0625
0.0243945
1.51386
1.72436
1.15686
0.407534
1.39653
0.635882
1.54225
1.759
0.959188
0.192161
0.0550286
0.272414
2.02563
0.48541
2.34538
1.5719
1.29804
0.306499
0.955887
0.776223
0.488543
0.0455671
1.89786
0.757865
0.543233
0.409559
0.852065
0.133177
1.64295
1.77298
0.360461
1.40082
4.9547
1.9795
0.773107
0.261886
0.850936
0.186768
0.424349
0.87298
0.970076
1.34575
1.11976
0.184697
0.120726
0.689475
5.18247
0.377744
0.14252
1.07121
0.399423
0.0581779
1.33358
1.15186
2.16614
0.337206
0.0062697
0.358551
0.208874
0.970395
0.39326
1.30517
0.0902538
0.264886
1.0349
0.830279
1.09711
2.02197
3.318
2.28189
1.0317
2.73167
0.263013
0.351761
0.441839
0.654426
0.031015
3.87256
1.41621
0.59135
2.38888
1.34198
0.116454
0.881847
2.20096
1.01816
0.314562
1.29492
1.25613
0.0734166
1.49284
1.95763
0.308689
0.313387
5.62901
0.110489
1.75545
0.615095
0.57911
0.214571
0.461898
0.60267
1.11058
0.42014
0.315493
0.284378
0.780743
2.0471
0.851583
0.55452
1.80717
0.624893
0.42948
0.0246401
0.510219
3.02073
0.245698
1.61188
0.695053
1.24501
0.553011
0.058723
0.699154
1.22642
0.71174
0.828972
0.288629
1.78694
1.05327
2.25949
0.708067
0.607713
1.34362
1.3302
0.39361
0.962087
1.15964
0.307064
1.33584
2.74061
3.38802
0.169053
1.01851
2.19033
0.163831
0.472667
0.152884
0.417561
1.97718
0.122311
0.79839
1.69202
0.755512
0.418435
0.0486234
0.605169
2.09687
0.620427
0.657576
1.44586
0.590641
0.294932
0.336976
0.14011
0.620691
4.25283
3.22709
1.90683
1.09317
0.279428
1.0212
3.14264
0.457903
3.29573
0.0636641
0.9817
0.33108
0.11836
2.00365
0.457803
1.12523
0.240358
0.386915
0.823127
0.436236
1.23577
1.82561
1.18272
3.89378
2.87612
0.499337
0.0627362
1.12641
0.192715
0.556918
2.43665
0.457339
1.55795
1.19452
1.34633
0.118084
3.27489
0.755361
1.02205
0.181308
1.69475
0.269573
0.274438
0.982947
0.10667
1.27344
0.889331
0.882112
2.3497
0.0459787
1.34461
1.08911
0.140244
0.431895
0.141812
0.314561
2.12932
0.429394
0.0575963
0.674988
0.216035
0.93929
0.982689
0.395527
0.986676
1.38264
1.61197
1.10048
4.03998
0.214813
2.21687
1.15043
0.726084
0.206373
0.95276
0.966096
0.739628
0.242761
1.6256
0.00905999
0.960665
1.13126
0.365302
0.761476
2.42698
0.506191
1.96384
0.762741
1.44556
1.57912
0.652908
0.252215
0.0115099
0.992381
0.0372569
0.865003
0.194122
0.347561
0.895199
0.912151
0.277193
0.0651477
0.28546
1.03424
1.27487
0.26063
1.4514
5.47996
0.325269
0.813144
0.267017
0.123511
2.19996
0.194928
2.00708
2.26836
0.303659
0.496459
0.416588
0.226043
1.21696
0.0716153
0.528435
1.23646
0.867866
0.39422
1.32735
0.128038
0.787287
0.686871
1.96896
0.00126688
0.353205
0.478411
0.0108573
0.396878
0.803405
0.843598
0.879234
0.436005
0.281726
0.635959
0.959961
1.50511
2.37268
0.241998
1.31668
1.22582
0.18035
0.357761
0.454047
0.205924
0.861223
0.961169
0.388882
2.04073
1.60377
0.125339
0.0132787
0.274107
0.321149
0.14362
1.45464
1.15667
1.85199
0.617382
1.4957
0.0974824
0.762403
0.671995
0.0351877
2.51647
2.7224
5.14063
0.073092
0.16802
0.136942
1.25483
0.606419
1.04076
0.73235
0.354663
0.489551
0.100122
0.145752
2.27505
2.95835
1.70942
1.20854
0.0575889
0.00731878
4.45735
0.736589
0.442122
1.06524
3.04151
1.09293
2.55722
0.034036
1.64345
0.328388
1.00837
1.04009
0.780373
2.16636
1.55687
3.67608
0.762189
0.476639
0.998603
0.610395
0.0276031
2.51148
0.0570502
1.45194
0.528171
0.213455
0.531946
3.34514
1.09781
2.20638
0.592684
0.0097342
0.656191
4.55256
0.0497712
0.522893
3.23813
0.403146
0.647946
0.169692
0.44182
0.513167
0.934276
4.07084
0.0386235
3.55252
0.065665
2.80124
2.62817
0.0585142
0.552827
0.492554
3.92569
1.71776
0.438495
0.0106918
0.173145
0.722104
0.65263
1.89747
3.09724
1.0099
4.52657
0.506957
0.763988
0.0653449
0.833747
2.31514
1.35069
0.744054
5.35891
0.0362374
0.511911
0.0141815
1.07136
0.698537
1.61433
0.943728
1.00694
1.08715
0.267222
0.315718
0.836862
1.52693
0.419234
0.0854284
0.417293
1.40235
0.0473499
0.316369
1.66288
0.102421
0.559139
0.692069
0.49551
0.473372
1.86561
0.654278
0.182072
2.37664
0.651973
0.560259
0.258073
0.0737709
2.78969
1.24857
2.97355
0.00688655
1.43185
4.57192
0.524813
0.0867825
2.84825
2.28166
0.189187
0.235373
0.850805
0.270821
1.08546
0.428079
0.657301
0.00702882
1.54066
0.0429585
0.702766
0.82737
0.698613
0.100587
0.605965
2.70555
0.243994
0.958931
0.00726771
1.20007
2.15373
0.269765
1.55107
0.375484
0.710914
0.962103
1.66154
0.88479
0.491307
0.300135
3.83411
0.101425
0.94706
0.990419
1.71832
2.059
0.299983
0.73743
0.306611
0.836551
1.96526
0.661017
1.71226
0.921251
0.23357
0.456104
3.12762
0.281635
0.621565
0.22735
0.893186
1.45644
1.24697
0.730113
0.341493
0.0870923
0.07144
0.0219029
0.961031
0.127614
1.42471
0.868412
1.3025
0.825028
2.1065
1.33136
0.0449246
0.585356
1.76734
0.878466
0.367166
0.508776
0.170227
2.07199
0.961726
0.609301
0.469165
1.57243
0.0220007
0.0786213
0.5129
1.31181
0.519997
0.161254
1.97737
0.0741326
0.649973
2.33357
1.0346
0.0722108
0.183882
0.505758
1.17213
0.0732297
0.528074
3.20412
1.3003
0.342928
0.0509825
0.829719
1.35263
0.493143
0.482368
0.326184
0.0913327
5.11817
0.0871187
0.226849
0.679741
1.20843
0.0293496
0.303522
0.15998
0.179551
0.178821
2.43538
0.430289
1.6606
1.00064
0.530146
0.926643
0.00581374
1.52476
1.90227
2.20544
0.377515
0.269478
0.574265
0.96039
0.114276
0.249584
1.02878
1.69033
0.00772996
0.555143
0.283031
0.510738
0.685248
1.41859
4.26122
0.171493
0.0120647
1.28392
2.19738
0.892375
0.083563
1.98542
0.246019
0.0661394
0.111663
2.3496
0.228697
0.898911
0.574921
2.95094
1.02052
0.311537
1.04552
0.783863
2.97797
0.175703
4.04753
0.0756604
0.43592
1.17142
1.95775
1.31414
1.42525
0.237765
1.61334
1.74257
1.20981
0.222869
0.935365
2.37544
0.741111
0.907511
0.110789
1.53106
0.469095
1.32567
0.617314
1.80856
0.262938
2.5385
0.8657
0.894776
2.55231
0.188654
0.208065
0.639763
1.19931
1.26168
0.875267
1.09509
2.22763
0.364412
0.0155231
0.404629
0.0939434
0.792806
0.43935
1.25653
0.535037
2.52538
0.0593175
1.05336
0.182667
0.959158
0.471472
0.0931075
1.16883
0.819419
0.014029
0.330116
0.562021
0.29701
0.2998
3.30516
1.85195
0.249668
1.36142
0.419664
1.56537
2.17022
1.02935
2.06661
1.16038
0.631909
1.12886
2.94585
0.00114567
0.440225
1.06815
0.674696
0.446309
0.667147
0.391654
1.26564
0.317458
0.782409
0.262649
3.47575
0.12863
0.169824
1.5623
0.339804
4.95679
0.269293
3.18933
0.768673
0.89046
1.02722
0.40849
1.16461
0.498234
0.0508321
1.5118
1.1561
2.69379
0.443758
0.865049
1.27246
1.30742
0.416388
0.427045
1.66831
0.239902
1.10504
0.757957
1.9877
1.30654
0.185784
2.28311
3.16633
0.145992
2.36619
0.591408
0.768876
0.447159
0.185048
1.63419
0.0065625
0.896032
0.0476572
0.113699
0.276921
0.199483
0.541482
0.0510635
0.0156928
0.564318
0.941242
1.07231
0.879046
0.207672
0.993278
1.02146
0.560136
0.332701
0.0259156
1.44137
0.138028
0.445049
0.147585
3.40592
0.382202
0.876204
1.89926
0.483352
1.57795
1.06192
0.941037
0.18738
0.367306
0.274094
1.52655
1.31514
1.01859
1.10499
7.04375
0.994921
0.501369
0.0652996
0.797887
0.236148
0.343344
0.177331
0.901151
0.189548
1.71954
0.0838753
0.305308
0.0718618
0.0173724
0.885846
0.595879
2.29523
0.40518
0.083012
1.3039
1.40475
2.41023
1.50446
0.528899
0.134895
0.672345
0.392871
1.28643
0.322499
0.0444259
1.92504
1.39591
2.22073
1.5061
0.00652663
1.5333
0.103799
5.34018
0.0860317
0.249589
0.139039
1.66315
1.85639
0.152515
0.0325539
1.51297
0.242995
1.0531
5.1053
1.14549
0.869486
0.549603
0.202314
1.36542
6.46792
0.41683
0.548881
0.158611
0.519817
0.0187803
1.99427
0.0473492
0.350332
2.02673
1.97552
0.509012
0.17557
1.64684
0.219605
1.44523
1.11038
2.63373
0.21406
1.70869
0.453739
1.05172
0.234686
1.50297
1.80603
0.219444
2.01601
0.250603
0.673121
0.555782
0.506568
0.486983
0.60565
0.832377
0.0586254
1.70419
0.25009
1.08148
0.259006
2.63618
0.71667
1.59151
0.00286276
1.0767
0.252802
0.309284
0.584748
2.29394
1.50749
2.43905
0.283241
1.40424
0.223482
1.47685
0.714782
0.490566
0.491115
1.26413
0.494789
0.146815
2.17132
0.839865
0.251344
0.0983814
4.53739
0.843294
0.740954
1.36866
0.247823
3.328
0.917424
0.566773
1.10165
4.05989
0.115143
1.23733
0.593137
1.03079
0.315535
0.879694
0.169264
2.27316
0.23836
0.0701442
1.15487
1.48192
0.477348
0.160429
1.78239
0.676881
0.69203
0.866637
0.50314
0.273042
4.07127
2.03217
0.189189
0.669637
0.0910768
0.442181
2.33699
0.650553
0.176049
0.0464685
0.39111
0.1569
2.67276
0.902206
0.254971
0.690558
0.377994
0.590468
0.111374
0.618874
0.707764
2.45127
0.774956
0.92229
1.14097
1.4744
1.29279
0.135942
1.37856
0.912316
3.3484
0.221503
0.171752
0.978582
0.762363
2.85231
2.47362
0.504112
1.13082
0.804744
1.20351
1.94606
0.235381
0.100148
4.08996
0.207786
2.62794
0.627721
3.81838
0.360161
0.441167
2.89853
0.982482
1.42767
0.681909
0.0154892
0.681832
0.119805
1.48764
0.94992
0.282219
3.44808
1.37826
2.7526
0.152457
0.416273
0.305308
0.28043
0.606462
0.156837
0.215
0.111921
1.36699
0.990501
0.306667
2.06841
0.407656
0.238916
1.6131
0.381438
0.218686
0.182061
0.375895
0.0759291
0.930002
1.74131
0.843742
0.0551105
1.13206
0.369113
1.01379
0.299352
1.73255
0.341182
0.197658
2.62588
4.73188
0.0729645
2.89108
0.951984
0.786743
0.641284
2.92391
1.57741
0.0864086
1.29393
1.74344
1.772
0.859018
1.14534
2.46637
2.7564
0.410617
2.5068
1.83268
0.940353
0.0789429
0.786743
0.387966
0.275528
0.436085
0.385131
0.387002
0.198284
0.638779
1.14554
0.466173
0.225233
0.0637798
0.46913
1.08704
0.220384
0.382232
0.00015783
1.72516
0.918584
3.33693
0.476925
2.26102
8.35714
0.399014
0.0952968
0.769864
0.20343
0.197055
0.650575
3.01624
1.23451
0.314294
0.929335
0.611912
0.908037
1.24956
2.2069
1.43914
0.0123952
1.21081
1.01705
1.32089
0.588383
1.16688
0.764715
1.34789
1.35523
0.70993
0.18776
0.79155
0.515531
0.275395
0.192963
0.5861
0.769791
0.693624
0.911391
0.514381
0.394125
1.65385
0.213987
2.62195
0.262613
0.196322
1.45265
0.622874
0.698429
0.484452
2.55108
1.25557
0.939159
2.53315
0.8817
0.885913
0.179332
0.484815
3.22789
1.80915
1.47311
1.3459
0.300139
0.0252815
0.137089
3.19792
0.310302
1.46001
0.163923
0.834586
0.382203
0.49834
0.702789
0.0526379
0.20194
3.24024
1.45432
0.267352
0.0781345
0.839401
0.788076
0.999858
0.0560081
1.56015
0.310566
0.141221
0.0699556
0.0275639
0.479761
2.26681
0.00241513
1.01082
2.25627
0.690589
0.378542
1.04605
4.28223
0.39679
0.723883
0.406741
0.0191556
3.25451
0.151576
1.514
0.200857
0.5209
3.58154
0.0890467
0.108775
0.304494
0.217463
1.15396
1.90479
0.588567
0.0045401
0.192921
0.257298
0.530627
0.0837105
1.17531
0.428337
0.816207
1.13826
2.3502
0.291123
0.67992
2.09639
0.863031
0.137379
1.0943
1.02764
0.0698463
0.00527529
1.2428
0.0584816
0.121113
1.36959
0.0645836
0.14015
2.62517
0.59376
3.24732
0.274215
0.217355
0.152099
0.236298
0.0380169
1.11697
1.03602
0.84123
0.541325
1.19378
0.322079
1.82337
0.798637
0.839261
1.21997
0.331168
0.0534702
1.60363
1.85024
0.231784
0.0627294
1.35765
0.151074
1.99229
0.396214
1.32198
1.37601
0.607494
0.158442
1.6917
0.0551566
3.94587
2.87009
0.75265
0.0695661
1.13634
0.0142524
0.0137343
0.580424
0.0547961
1.08706
4.32538
1.87141
2.43946
0.329972
2.57065
2.11266
0.334725
0.0120894
0.0317914
1.97218
1.01096
0.29529
3.28864
0.229531
5.12952
1.69146
0.0853959
1.40687
0.0258313
1.91892
0.0738744
0.218116
0.745119
1.39332
0.561956
0.358817
3.23578
0.397359
0.246362
1.56192
0.235508
0.819193
0.914552
0.282969
0.0359141
1.22102
0.305884
0.341312
0.746953
0.943425
3.69237
0.67861
1.2071
1.09685
0.0548628
0.385541
0.200583
0.534507
0.731856
0.560249
0.385182
0.208623
1.03584
1.16515
0.22905
0.882492
1.78397
0.970516
0.305301
1.65724
1.37188
1.57542
0.480467
0.0179006
2.09342
1.25334
0.444209
0.193896
0.391625
2.29948
1.05517
0.530979
0.424216
0.148229
2.27913
1.80285
2.90958
0.47005
0.095353
1.60028
1.2457
0.730091
1.41629
0.546676
6.92145
1.84582
2.27592
2.7955
0.300331
0.997895
2.32803
0.311934
0.582349
0.0616669
3.96294
0.614813
1.38221
0.878092
0.554638
2.60602
1.23774
2.12565
0.213211
1.69125
1.32425
0.168009
0.828781
0.0730553
0.448428
1.8288
0.115092
1.88484
0.184651
2.1284
0.526395
0.34246
0.218479
1.65679
0.053427
0.798014
1.44133
0.0136896
0.676605
0.332067
1.57245
2.15214
0.508271
0.408576
2.65973
0.473026
0.656846
0.0805202
0.950287
0.71623
0.560508
0.0529787
0.397361
0.443611
0.142828
0.141966
0.329107
3.06163
0.586136
0.730824
0.0215894
0.0554136
1.21667
0.192399
0.0460302
1.08491
3.34213
0.215694
0.680314
3.69409
0.386993
0.361342
2.36358
0.546997
0.526834
0.617445
0.891913
0.995674
0.316621
0.496167
0.0247573
0.920771
0.29395
0.901354
0.36234
0.941627
0.143766
0.28482
0.117417
1.57679
0.234846
1.73556
2.8097
0.666061
0.196785
0.410044
0.183956
0.613014
0.788209
2.57432
1.42154
1.10083
1.49528
0.851348
0.938415
0.157418
0.0437226
1.1269
0.165686
0.875816
0.31003
0.182418
0.132
3.03983
0.471708
1.91768
0.573757
0.922891
2.51498
0.063284
1.67928
0.135575
0.151473
0.0476561
0.434798
0.394119
0.966491
1.12697
1.15527
1.41776
0.033657
0.622353
2.07121
0.970242
0.285973
0.056412
1.16319
2.86022
1.04807
0.058287
0.920752
0.987698
0.762267
1.05471
2.23526
2.91061
3.13508
0.95858
2.96803
2.23468
1.00323
0.110922
3.21179
0.750156
1.47131
0.621365
0.647503
0.154973
1.25782
0.229526
0.0834938
1.79152
1.31659
0.414015
0.365121
1.50871
0.820836
2.51471
0.431614
0.0328084
2.86597
0.466592
0.724232
5.25108
0.535652
2.45149
0.502113
0.475649
3.22871
0.953581
1.91565
1.63905
0.311044
0.929828
1.76266
0.700871
2.29342
3.89927
1.33848
0.776871
1.64367
3.39657
0.190779
6.51875
0.141474
1.89276
0.661238
1.36783
1.57815
0.70325
0.512486
2.85803
1.39934
0.514585
0.42857
1.52936
0.213895
0.865832
0.853135
0.494648
2.45038
0.512124
1.79529
2.64359
0.931339
2.23808
0.634896
0.521289
0.387708
0.137318
0.0957371
2.18593
0.282731
1.63355
0.0142832
0.578652
0.710834
0.815362
1.19436
2.6835
0.564738
0.843009
1.53476
0.0166941
0.0374562
0.36019
1.57508
1.89823
0.205191
0.571923
6.50622
0.138277
0.123433
1.14251
2.73583
0.187699
0.367052
1.24785
0.814322
0.352286
0.575041
2.87163
1.01383
0.331449
0.0416687
1.63055
4.32558
0.123969
0.136033
1.72374
0.477237
0.112849
2.93159
0.55906
0.439959
0.0464811
1.15929
1.67589
0.53552
0.0534489
0.0952981
1.23507
0.248084
0.279898
2.34153
2.65765
1.05545
0.0725243
1.5336
0.620834
0.163137
0.152548
2.69644
1.71649
0.550683
0.143682
0.0728892
1.95392
0.447965
1.07716
1.78654
0.0740212
0.0169622
0.52976
0.601542
0.538231
0.811837
1.21728
3.13044
0.292952
1.08361
0.196779
0.999767
0.0124508
0.218482
1.46258
2.67882
0.614545
0.499428
0.843264
6.62872
0.97429
0.474034
0.418236
0.266713
0.713898
0.586198
1.84537
0.00777921
1.2922
1.17998
0.562119
0.463736
0.704558
0.135459
1.22102
0.942177
2.18531
0.244927
0.525809
0.0372275
0.788731
1.81617
1.5973
2.55077
0.602273
0.265155
0.0936325
0.210142
0.174547
0.0256237
2.70591
0.489799
0.559903
4.44299
0.0227219
1.20819
0.583288
0.187493
0.416297
0.166152
1.74063
0.391116
0.484939
0.467332
1.47645
0.326396
0.434364
0.476916
0.162482
5.2132
0.880039
1.31715
0.00393142
1.88209
1.07331
1.14816
2.09989
0.268857
0.385853
1.13814
0.233807
1.51254
2.36612
0.438345
1.47575
0.464772
3.71479
2.82956
0.315297
0.375398
1.26806
1.81948
3.24918
0.271888
0.588011
0.658024
0.726651
1.55318
0.150548
0.431827
0.206157
0.610334
1.78917
0.312457
1.05001
0.00791307
0.234495
0.14962
3.09079
1.04788
0.444183
0.153943
0.82019
0.516803
0.46077
0.145827
1.15528
0.0178448
0.524637
0.107851
0.192732
1.01826
1.50471
1.55149
1.68821
0.257462
1.22528
0.890811
0.304837
2.15805
4.92416
0.0388676
0.361328
1.17011
3.40901
0.429226
0.188377
0.929955
2.27783
0.343629
1.51473
1.17512
0.0617418
0.601889
0.345798
0.471778
0.239635
0.0590653
0.205393
0.767479
3.64478
0.734945
0.493959
0.677291
0.570995
1.83922
2.51313
2.30183
0.324638
1.45901
0.703918
0.707
1.80973
1.21145
0.321339
0.51997
0.486799
2.08057
0.192784
1.56824
0.50503
0.282607
1.08841
0.71768
1.25444
0.895273
1.36685
0.191841
1.71975
0.486668
1.45193
0.661423
0.343207
0.456542
0.831346
0.656657
0.507453
0.375773
0.65554
1.6398
2.01161
0.231735
2.68579
0.710372
0.0763851
1.20839
0.616605
0.684273
0.240674
0.446302
6.6925
0.416644
0.264821
1.16327
1.2663
0.745121
0.455597
0.524906
0.0195482
0.134276
2.56552
0.00435592
2.37664
0.0812533
0.408326
0.584122
1.50809
1.24783
0.414619
0.283049
1.00182
0.19989
0.418043
0.481473
0.333454
0.0391051
0.672982
0.28016
0.901604
0.0701676
1.07212
0.679723
0.106273
5.02383
0.142391
0.33389
0.570878
0.129017
0.211661
0.054239
0.000846101
1.47194
0.332765
0.12575
1.14661
0.442651
1.12803
0.298904
1.04434
0.777229
0.00885535
2.23902
0.0270213
0.113319
0.139313
0.392772
2.25937
0.392678
0.297387
0.0803091
0.116702
0.663388
0.550832
0.155283
2.85106
0.49291
1.29105
0.561709
0.972325
0.995033
0.0410028
0.975588
0.949868
0.140357
2.1575
0.766236
1.31621
1.28599
3.2877
0.437918
0.549664
1.18182
1.69268
2.34452
2.71424
1.50597
0.713973
2.67782
0.179381
0.0635259
1.18048
0.201443
1.22668
0.326002
0.541235
0.308805
0.90559
1.75107
2.30861
1.1451
0.320861
0.770636
2.31479
0.875258
0.0169694
1.752
0.178962
0.889334
2.35839
0.749898
0.749924
1.23819
0.476358
0.691989
3.98355
0.0156964
2.14387
1.77093
0.12681
0.829069
0.464498
0.302381
0.571898
0.257594
0.279178
0.234872
0.895331
1.05738
0.23122
1.68821
1.37646
0.466803
0.926366
0.0869863
0.379684
0.0506461
1.38502
0.720803
0.304207
2.06009
1.75424
0.0817823
0.298442
1.49455
0.934127
0.701364
3.53405
0.464415
0.0437487
0.618122
0.72514
1.15325
0.224065
2.01344
1.15507
0.58544
2.02218
0.637489
1.10275
0.212245
0.254201
1.05325
0.08636
0.63131
1.24761
0.136788
0.00166791
0.485566
1.21319
0.257442
1.31098
2.55294
0.673526
0.648796
0.202528
1.51167
0.131093
2.15829
0.681341
1.13093
1.65901
0.471389
0.332745
0.591201
0.0772166
1.18243
2.30341
0.165849
1.27138
1.29063
0.00214237
2.22295
1.14446
1.3509
1.48457
0.185122
1.20737
0.733488
0.0111505
2.10674
0.75319
0.797593
2.39834
0.922891
0.792386
0.863343
0.557755
1.12895
0.863174
0.205643
0.384458
0.802735
0.199424
0.294848
0.833982
0.285644
2.15927
0.108482
1.41814
0.641982
2.57769
7.31488
0.380724
0.641524
0.67161
3.47705
0.456599
3.71281
0.347958
2.48667
0.275933
4.47842
0.266848
2.56054
0.236813
0.0738891
1.50354
1.64355
0.774964
0.335798
0.319503
0.683431
0.391268
1.34101
0.454125
0.040859
2.91029
2.15488
0.132745
0.13238
1.82655
0.0979236
0.601619
0.767507
0.0980745
0.0922139
0.319046
0.915746
0.227325
0.067213
0.324217
1.10241
0.141363
0.509246
0.597197
1.0179
1.35554
0.282591
0.0635068
0.0578071
2.29459
1.05601
1.77563
0.430335
1.41752
1.35878
0.343711
0.305003
0.135206
3.08382
0.317005
0.144044
0.701715
1.67628
3.71504
0.155497
2.90242
0.259791
2.96819
0.402667
0.0793219
0.873068
0.76225
0.0921906
0.943408
0.20978
0.336229
0.992566
2.52883
0.111782
4.03266
1.59705
0.242117
1.06933
2.19347
0.0603715
1.89764
0.441945
0.136467
2.11641
1.75736
0.0394983
0.278057
1.1964
1.17094
0.243107
0.777695
1.21031
0.723794
0.854282
0.644693
0.222735
3.10911
1.15612
0.025733
2.10343
0.722027
1.69231
0.948315
2.4552
0.535778
1.44446
1.96285
1.67235
0.884014
0.14335
0.247531
1.01117
0.570101
0.362824
0.0924036
0.00924946
0.228092
0.132708
0.0842264
0.691188
0.91319
2.74528
3.48227
0.117896
0.138248
1.20464
0.884113
1.26765
0.085909
0.731711
0.864266
1.84448
0.845332
1.07896
0.960345
0.702755
0.833333
1.67828
0.630094
0.662886
0.798846
1.45481
1.0654
0.689482
0.142923
1.64586
0.787383
0.0174199
0.24114
0.173473
0.191947
0.70785
3.20145
0.980375
1.34415
1.07065
1.7145
0.224445
1.96124
0.139089
0.447643
1.46313
1.03819
0.526341
0.132692
1.34145
0.827787
1.46596
0.245426
1.45418
0.422623
0.391093
0.216622
3.54779
0.58121
0.00875246
1.23225
0.705534
0.16708
0.392675
0.822152
0.553308
4.788
0.452056
0.539416
0.243994
1.54252
1.47361
0.269423
0.58996
0.00595201
0.141028
0.00080564
0.482997
0.046324
0.997325
1.31394
0.418331
0.393396
0.643815
0.255118
0.768672
0.935889
0.129308
0.311167
2.245
0.913758
0.718331
2.24123
0.961881
0.703883
0.904489
2.37621
0.282368
0.639995
1.16959
0.775788
1.47688
0.212604
0.839795
0.328953
0.213458
0.10746
0.661329
1.0668
0.350213
0.322344
1.75447
1.49915
0.136028
0.12783
3.13453
0.683769
1.38155
0.699132
1.39519
2.01641
2.67669
0.163451
1.46596
0.175394
0.180929
0.462826
0.345799
0.477881
0.954861
0.396761
0.516737
3.03652
0.946937
0.454856
1.21202
1.74415
0.945984
0.0167574
0.167975
1.80723
0.254411
0.137599
1.15368
3.60324
1.04207
0.33747
0.0868477
0.068637
0.780307
0.772929
0.448991
1.09064
4.16751
2.30029
1.38665
4.41804
1.80566
2.44729
2.45995
0.352179
3.0417
2.21827
0.3399
0.0649096
0.21064
1.70813
0.0611184
0.103081
0.719853
2.44288
0.439848
0.452803
0.119568
0.165661
0.406825
1.09107
0.748295
0.0331786
1.16363
0.661251
0.971712
1.10577
0.196449
0.127055
1.1424
0.911219
1.47194
1.3519
0.702935
0.629956
0.656073
0.845765
0.36626
0.163372
0.516295
2.95866
1.00006
0.855853
4.7507
1.24136
1.78556
0.0444059
0.152684
0.583923
0.169588
1.25126
1.64105
0.374358
0.226776
0.288068
0.94399
1.37826
0.553788
0.662034
0.564649
0.688553
0.611578
1.50948
1.09506
1.87244
0.05292
0.0592767
0.802289
0.836213
0.87976
1.06876
0.791007
0.370258
0.94979
0.942769
0.379804
4.83611
1.17186
1.0138
0.133344
0.961664
0.0979235
0.818817
0.316926
2.32799
0.834005
0.502447
2.23366
0.290865
0.43457
1.36487
0.247699
0.24931
0.00840452
1.20321
1.57028
1.74915
0.689542
0.293955
0.145162
0.124762
0.905422
0.894818
0.504224
1.04182
0.580317
0.814471
0.400597
2.30099
1.29085
0.161833
2.49113
1.05558
0.0111391
0.561062
0.172215
1.03943
1.93435
0.45899
2.08938
0.297519
0.287975
0.910135
0.12307
0.0710325
0.0857347
0.374989
0.0438973
0.2679
1.20197
0.840019
0.572847
1.66506
0.174272
1.20912
0.178095
2.15704
1.10142
1.84522
2.54088
0.0337268
1.99888
0.292903
0.707807
2.27232
0.0701242
2.46179
1.03151
0.377137
0.465163
2.51504
1.69683
0.88229
2.0256
3.86726
2.19568
1.92521
1.08799
0.989347
1.13936
2.78349
0.543796
1.42545
0.84574
1.44459
3.31525
2.21351
0.334281
0.559493
0.26624
0.23915
0.0445978
1.72175
0.672401
1.25602
0.322091
0.463558
0.378363
0.428424
0.718862
2.58456
0.462899
0.36749
1.70433
1.48724
0.634486
0.18707
3.11574
1.38479
1.45955
3.10837
4.69154
0.0332896
0.0956333
0.0736771
0.493893
0.65712
0.114712
1.48418
2.17049
0.658891
1.08918
0.940735
1.02464
1.70738
1.84893
2.39846
1.78965
0.0766558
0.624801
1.90744
0.463615
0.322564
0.951355
0.491796
0.110564
0.0182521
0.566658
2.09556
0.310373
1.61347
1.97316
0.989503
0.632892
0.401058
0.917394
0.034448
3.91066
0.33893
0.758559
1.24397
3.85396
1.6343
1.25738
0.125073
0.0725775
0.184909
0.207578
1.19829
0.030663
0.0096409
0.446001
0.730526
0.113339
1.7576
1.58525
0.0225308
2.30333
1.78483
0.990996
1.65864
0.474852
2.02051
1.23216
0.160239
0.026038
0.208368
1.82866
2.4025
0.415819
0.0816525
1.56282
0.540345
0.704809
1.70785
0.230354
0.78493
1.60484
0.0238164
0.344477
1.85035
0.820026
1.07994
1.05983
1.64726
2.43581
2.18722
0.52867
0.621722
0.257735
0.688199
1.39077
0.785207
1.15863
0.310915
0.211327
0.538701
3.50843
0.383547
1.82282
0.315748
5.89873
0.536265
1.16183
1.05856
0.240383
2.60257
4.05455
0.174962
6.04736
1.63805
0.295692
2.14223
0.758876
0.902548
0.398637
2.24174
0.07498
6.44988
0.239159
0.299076
0.104453
0.915028
0.163178
2.512
1.17003
0.511119
0.682671
0.363798
1.0764
1.34508
0.809367
2.49186
0.0892013
1.74239
2.3714
0.026513
1.06725
2.94426
0.0850541
1.74739
0.565748
0.095584
1.54135
0.222479
0.121777
0.279766
1.98606
1.16289
1.53178
0.640837
1.93648
3.11955
0.419999
0.262715
0.844172
0.357519
0.618305
0.63862
1.14921
0.91859
3.01209
0.541371
0.186303
0.785885
1.58986
1.74539
0.823102
0.188383
1.02932
0.296755
0.365839
0.43532
0.735609
0.625391
1.43815
0.236568
0.039687
0.690359
1.45508
0.0908661
0.458644
2.47744
1.37722
0.898053
1.28356
0.603194
1.07712
2.26419
0.0389683
0.647557
1.32411
0.187136
1.39442
0.872103
0.903889
0.444001
0.09364
0.941818
0.842178
0.488554
0.475586
0.47401
1.68044
0.757503
2.72799
0.557803
0.560132
1.20459
1.03646
1.55749
1.64945
0.0300745
0.923164
1.00364
1.07491
0.949586
0.853124
2.40885
0.144412
0.317247
1.68871
0.129076
0.473796
1.04273
0.91697
0.752212
1.21182
1.5764
0.653762
1.73483
1.22858
1.70925
2.0928
0.950653
0.287756
0.262313
0.237691
1.36968
5.0901
1.01067
0.560193
0.935845
3.06924
0.449154
3.34078
2.75082
2.32038
0.179879
0.371056
2.27744
0.659884
0.283219
0.68822
0.445135
0.0123108
1.4026
0.178834
1.41104
1.98047
0.0826157
0.0327052
2.88719
0.148183
0.331255
4.23288
0.998738
0.671215
0.057654
0.0335522
0.363972
1.96099
0.0185481
0.886225
0.194141
0.253303
0.528022
0.233143
0.153635
0.648015
0.239978
2.12218
1.36014
0.712296
2.95526
0.152102
0.665208
0.111262
1.30942
0.42684
0.202376
0.569055
0.193255
0.122136
1.6127
2.19566
2.16436
2.00285
0.634557
1.00592
1.22988
2.88547
0.38215
0.136337
1.19402
3.23459
2.13011
0.187773
0.552686
1.06055
0.202455
0.192223
0.974649
1.03901
0.0850785
0.785737
1.28278
0.626378
0.411016
1.29249
0.264036
0.27075
0.0707904
1.47189
0.578439
1.63039
0.153741
0.486844
0.32837
0.0434674
0.0141515
0.825458
0.499744
1.22906
0.063171
1.76526
0.112193
0.331584
0.227068
0.0992691
0.132941
1.00778
0.423296
1.48314
0.256837
0.163406
0.502863
0.160221
0.231655
0.632956
0.875282
5.50346
2.64115
0.96648
1.1845
0.955615
0.230637
2.70744
1.97142
1.60505
1.29103
0.641996
0.421232
0.487162
2.03585
0.357075
1.77598
0.605902
0.0697866
1.65789
2.99419
1.54978
0.81115
0.111515
0.808191
0.178351
0.603016
1.46034
2.32248
0.802211
0.0392923
0.79548
1.09477
0.705206
0.0448188
0.626349
2.22491
0.0775195
1.75165
2.12807
1.0114
0.819917
0.0138837
0.332063
1.72123
0.405242
0.617527
2.54668
0.518229
7.5269
0.943472
1.59102
2.31863
0.289346
0.953896
0.349129
1.47678
0.308264
0.320394
1.82098
0.404755
1.27798
0.0698108
1.46449
1.34864
0.490212
1.1338
0.701804
3.1649
3.91025
0.793755
0.313159
0.702302
1.33465
2.49369
2.5089
0.501029
2.56643
1.52794
0.92345
2.04735
1.34831
0.352299
0.142892
0.0325592
0.230993
0.772058
0.658135
0.421886
0.845796
0.240317
0.598169
1.89151
1.28514
0.472818
1.86669
0.0585433
0.280499
1.99687
0.940845
1.9636
1.25435
0.793991
1.11527
1.64788
1.61042
0.63527
0.67195
1.53776
0.293545
0.0129159
1.04867
0.124322
1.38926
0.278109
0.72437
0.763178
2.48211
4.19181
3.77827
1.45183
1.31408
0.656331
0.558198
1.82715
2.97795
2.50942
0.156066
0.0727774
1.39778
0.410712
0.94598
0.304947
3.76503
1.11207
1.05829
0.45604
0.0422712
0.853122
0.232293
0.802391
0.295187
0.828595
0.746481
1.97346
0.461455
3.03694
5.61879
1.54048
0.837797
0.928349
0.778612
0.659291
0.0187666
0.460732
0.0359956
2.24426
1.49067
3.05657
0.416033
0.802591
2.76164
0.463037
0.162534
0.455509
0.945528
0.794821
1.62174
0.929781
1.63875
0.386805
0.333932
0.7378
2.31099
0.0679928
2.36043
1.78925
1.27904
2.3698
0.160583
2.30694
2.1992
1.42802
0.135557
0.093631
2.92791
0.0490824
0.0161042
2.41637
1.69785
4.68402
0.434086
2.22123
1.18221
0.473253
1.55978
1.37035
3.58248
0.804635
1.24256
0.484852
0.678703
0.405354
0.514373
1.76763
0.490273
0.688184
2.89593
0.709732
0.0870945
0.480741
1.0962
0.00675946
1.55216
0.238829
0.962936
0.105769
0.783502
0.30105
0.637583
0.185351
0.641051
0.820185
0.953343
2.03513
1.25274
0.320057
0.86426
1.43239
0.0462105
1.22392
0.0882458
0.833345
6.35171
0.622425
0.823377
0.724313
0.758472
0.52782
0.0173412
0.151459
0.034686
2.54666
0.682604
0.249292
2.16601
0.154826
1.47305
1.51668
1.41743
0.703223
0.97922
1.88608
1.08825
1.48539
0.356689
0.247207
0.989887
0.105206
0.740102
0.0778078
0.704096
0.352223
2.17821
0.0694774
1.36431
2.52209
0.306374
0.58879
2.17994
0.0876491
0.0616036
0.726741
0.595526
0.304909
0.267437
1.22269
0.720491
1.59404
0.172767
4.08524
0.026044
0.912202
2.62247
0.292393
0.336354
0.957651
0.0529857
0.577139
2.03113
0.839599
0.900398
0.717667
0.624591
0.0786394
0.347466
0.603114
0.618114
0.147175
0.02073
1.04385
0.469717
0.8613
1.29235
1.15327
0.31832
1.36776
1.63004
0.15994
0.159658
2.37116
0.837055
1.46049
0.664941
0.850516
0.086408
2.32807
3.74261
0.615814
2.55413
1.14465
4.28921
0.236264
0.91317
0.12159
0.182481
0.459126
0.0114142
0.722664
1.53649
0.534246
0.0995038
1.14607
1.67508
2.13595
1.05399
0.563605
0.382806
2.24198
3.92982
0.00383388
4.48121
0.531258
0.467999
0.332988
0.792779
1.35531
1.82682
0.480112
1.04603
6.17543
0.601313
0.34776
0.886073
2.17899
0.573881
0.0248795
0.126271
0.510486
0.458699
0.380867
0.0526025
1.37192
0.0822868
0.481195
0.0521636
0.526274
0.714318
1.41652
0.836947
0.805497
0.830369
0.485802
0.0209269
0.0332436
0.40238
0.107572
0.776796
0.148276
1.24984
0.46911
1.65189
0.428482
1.10008
0.414586
2.83127
0.891055
1.1197
3.22522
0.741554
0.79357
0.128094
0.356659
1.10949
0.767425
0.843909
0.0775926
2.06457
0.269893
0.555044
2.07573
0.869084
0.831254
1.07796
0.0216853
0.67282
2.45072
0.29659
0.258382
0.0317476
0.687701
0.106224
0.363095
1.58449
1.39977
0.858784
0.368561
0.396535
0.749159
1.34715
0.332671
1.30752
0.387743
1.80086
1.81754
1.37782
0.144044
1.67266
0.255531
0.772775
0.240787
2.0047
0.992225
0.193253
1.25866
0.213534
1.07299
0.4057
0.436865
0.498947
0.127945
1.41079
0.54222
1.18002
3.29154
1.11283
0.449142
0.109342
0.106881
0.594025
3.13813
0.799007
1.74295
0.370021
0.0168321
0.219059
1.24732
0.100212
4.12834
2.6754
2.07893
0.583261
0.358862
0.118494
0.0219845
0.623674
1.8248
0.329512
0.949568
1.72591
1.12199
0.0117438
0.527432
0.35145
0.17525
0.370114
1.97668
1.68861
0.0239073
3.77576
0.510968
0.384345
1.55498
0.870288
1.48625
0.607172
2.76822
1.47165
2.26419
2.59223
0.855605
0.671115
0.0665598
0.0186146
1.79471
2.00225
0.632221
0.522779
0.378451
4.35115
3.95696
2.30685
1.50005
1.26723
1.10668
1.38925
0.380879
0.347683
0.138166
0.379195
0.29245
0.0886776
1.70804
0.25251
0.672143
1.44713
0.0849849
0.0633859
2.16566
2.00522
1.27986
0.0483331
0.0666097
1.07748
0.0377312
0.328746
1.02851
0.35857
0.744782
0.0375554
0.979813
1.15023
0.340198
0.231798
0.658764
0.422994
0.441277
2.38966
0.595619
0.0873899
0.19897
0.198301
0.761468
1.06018
0.831748
0.211617
0.00632982
0.0511522
0.453342
0.0999803
0.00917509
1.41414
0.432061
2.29038
0.411061
0.922461
1.09027
0.273045
1.65458
1.41986
0.00262336
0.569224
0.807862
1.93233
0.538341
1.77476
0.290709
3.35855
0.613414
0.805229
0.685179
1.64255
0.316035
0.808634
0.799926
0.318371
3.4766
0.137229
0.597537
0.206817
1.20389
1.28936
0.192705
0.604013
0.800207
0.215062
1.43266
0.304882
0.668264
2.00037
2.09542
0.816287
0.042928
1.24654
0.44755
0.846158
0.906792
0.444745
0.0133744
1.39657
1.62227
0.605832
0.187265
0.0529942
0.289725
1.42418
3.07401
0.0606878
2.22122
0.470023
3.65766
2.26792
2.22329
0.765318
1.48771
1.59734
3.28199
0.979535
2.8179
0.18765
0.778943
0.685714
1.12438
1.05414
0.949237
0.902588
0.967066
0.647422
2.24776
0.57739
0.758737
0.867654
1.2585
1.64008
0.552576
0.334968
0.917604
1.52665
1.23067
0.330558
1.4804
0.70712
0.864025
1.96448
0.446233
0.913501
1.32494
1.92718
2.40162
0.918659
0.217595
0.609128
0.215597
0.734767
1.25272
1.43605
0.509746
0.431972
0.751267
1.85113
0.544866
0.52654
0.20823
0.974999
0.410031
1.17363
1.86811
2.46982
0.382687
2.61323
0.0444386
0.155854
0.218394
0.722058
2.19158
0.795752
0.375873
2.47039
0.313153
0.424637
1.64879
0.56284
0.759889
0.160246
0.165437
0.752654
0.37304
0.106592
0.059376
0.340111
0.350543
0.038412
0.293855
0.0925598
0.66186
0.175905
2.48709
0.743533
1.01538
0.355356
1.00559
0.667644
1.02461
0.031719
0.881329
1.65284
0.191898
0.68961
0.440587
0.816026
1.2143
2.13827
0.369318
1.29993
0.693018
0.185017
0.322704
0.0631976
0.781162
0.0687418
2.36144
0.901852
0.0516931
0.228619
4.09917
1.35408
1.14778
1.57825
0.1962
0.532437
0.323036
0.76777
1.93363
1.40793
0.44292
0.0319365
1.256
1.26582
1.12442
1.05426
1.94405
0.00969774
0.918792
1.9417
0.0244511
0.742626
1.75597
0.437751
0.652136
0.271091
0.22636
0.23246
1.02726
2.87975
0.173653
0.180302
0.747077
1.793
0.345115
1.20756
3.3395
3.51636
0.502824
0.988682
0.0870255
0.188036
0.329275
0.799733
0.0817435
0.319308
0.533502
0.472316
0.907058
2.12365
0.764503
0.249706
1.67501
0.0707079
0.684841
1.29605
0.350024
1.45483
0.194048
1.21842
0.357501
1.79459
1.55789
0.710407
0.796383
1.43684
1.64835
0.332338
0.72232
0.25532
1.22789
0.781075
0.379254
0.551929
1.10881
0.900056
0.0208765
1.01204
4.23248
1.59034
0.730884
0.25147
0.95251
0.593123
1.82808
3.39876
0.766135
2.70579
0.223949
1.76797
0.928569
1.30036
1.99239
0.0630704
0.306691
0.463177
0.218768
0.924809
0.474066
2.12479
0.133912
0.104275
1.03761
1.1642
1.56389
0.173335
0.767423
1.52029
0.129809
0.543107
0.377095
1.61249
0.559057
2.0778
1.23276
0.467309
0.25792
0.0798674
3.67902
0.414178
0.663831
0.0594441
0.598239
2.29187
0.202189
0.300147
0.56432
1.02591
0.511435
0.031284
0.355985
1.24092
0.144373
0.425356
1.59125
1.2248
0.127456
1.04339
0.0604588
0.879195
0.693718
0.236277
1.62138
0.286283
0.126442
1.20003
0.758498
1.12908
0.406904
0.246066
1.18097
1.21006
0.238635
0.335322
0.488288
0.280767
0.130563
0.970169
0.157333
0.12873
0.326031
0.753562
1.23734
1.81076
1.12828
0.879761
0.0633535
0.0189109
0.476831
4.0786
1.10797
0.690882
1.9474
2.04714
0.902956
0.354448
0.584778
0.870132
2.21203
0.198716
2.39167
0.130656
1.29013
4.05234
0.17572
0.486126
2.44057
1.14629
0.959859
0.585254
1.26063
2.35679
2.12976
1.21484
0.669878
0.597945
1.23248
2.91982
3.15631
0.0299418
0.481585
0.243217
1.98834
0.839535
0.522701
0.625518
0.639598
1.4482
0.806698
0.251379
1.56812
0.417663
2.85527
0.629449
0.359131
2.87556
0.258545
0.37019
1.1519
0.220385
0.504451
1.91321
0.956915
1.54398
1.22726
0.7101
0.262332
1.02245
4.09001
1.3865
1.67592
0.355608
0.282663
0.670631
0.458694
1.21304
2.14064
0.357627
0.434874
0.00979526
0.172837
1.10958
0.121895
2.63871
1.88747
3.36022
0.371869
1.38666
0.619561
1.79599
1.62225
0.198114
0.254929
0.61137
1.00303
1.35727
1.08978
0.369496
1.69446
0.609149
0.818711
0.274877
0.50678
0.222134
1.27746
0.370822
0.0194927
6.50075
0.290629
1.80761
1.17098
0.100642
0.510614
1.14035
1.739
0.114243
3.32191
1.26199
0.393664
0.233991
2.55752
0.74967
1.38588
0.73198
2.01928
0.160961
1.4154
0.255596
2.43131
0.544815
1.5639
0.218382
1.84174
0.593193
1.90144
3.26301
0.0781546
2.09507
0.570063
0.352766
0.814595
1.49908
1.71043
0.660577
0.774393
0.0858856
0.272046
0.204126
0.209421
1.3324
0.395403
1.37898
0.636616
1.04659
1.36016
0.200364
0.0397078
4.7698
0.0446468
0.378306
0.0688101
1.03673
0.149723
1.73015
2.40539
0.315483
0.89252
1.05659
2.50568
1.97696
0.108614
0.428191
1.34519
1.28435
0.378334
2.41546
0.116731
0.0462005
3.24222
0.468293
0.837886
3.10489
0.764542
1.4329
4.72203
1.50176
1.44481
0.573402
0.654639
1.54698
0.24139
0.632084
0.715577
0.659717
0.954052
0.452786
0.101262
0.482193
0.382871
0.0700087
0.640254
1.57587
1.58612
0.819311
1.13087
1.6106
2.4839
0.125019
1.3117
0.489218
0.772072
0.516857
0.0985157
0.277305
0.0335034
0.770737
0.385048
3.66741
0.105108
2.1364
0.254218
0.723104
0.832241
1.03901
0.629363
0.572818
1.0011
0.125978
1.60356
0.845067
2.58428
0.325551
0.269185
1.53668
0.789021
1.56303
0.303813
0.0543693
1.68734
0.996719
0.420213
0.826047
0.0113814
0.36586
0.305428
3.02747
0.968114
1.17265
0.837592
0.648694
0.00327692
1.4491
0.707225
0.470771
0.269491
0.0735015
0.775825
0.830571
0.299971
1.66441
2.71039
0.769125
2.32192
0.0959501
0.135001
1.30944
0.807345
0.213892
0.0288328
0.259622
0.419338
1.54314
1.88213
3.33404
1.35421
0.0483908
0.234351
0.39495
5.37947
1.3933
0.0235586
0.229666
0.644738
0.139488
0.784083
0.0525945
2.55684
0.592439
0.552271
0.708701
1.30171
0.664361
1.00002
0.319898
0.140827
2.4708
0.16782
0.0953047
0.580513
0.241499
0.468671
0.16407
0.562616
0.691229
0.568615
0.589345
0.467913
1.8513
0.292032
1.86148
0.530732
1.49736
0.558285
0.131847
0.296198
0.0429234
0.0851626
1.52698
0.207224
1.05347
4.15585
0.206376
2.07562
3.74678
0.183381
2.5774
1.14631
0.411597
0.0555376
0.103721
1.0116
1.12624
1.09512
0.237184
0.0733481
1.12473
0.105676
5.34279
0.513525
1.14453
0.0562412
0.593758
0.597076
0.229279
2.7279
1.62395
0.639149
0.43525
0.0636133
0.373544
0.194278
0.735119
0.837755
2.16353
1.58884
0.332799
0.695494
0.983874
0.66655
0.745006
0.101132
2.82683
2.2243
0.211797
1.07057
0.421581
1.59469
1.11593
0.114772
1.63951
1.13527
2.06899
0.973866
0.239479
0.346718
3.29806
1.87388
0.0942326
0.208905
0.409677
0.701172
0.127099
2.6347
1.57114
0.758472
1.65267
0.821433
0.00904682
0.295718
2.87006
1.68437
0.196894
0.0943298
2.49492
0.00885504
0.220131
0.211031
2.73178
0.247254
0.370328
0.61915
4.76176
0.418069
0.0148711
1.05263
0.0673648
0.564335
1.29175
0.513689
1.8052
0.228686
0.16139
1.39839
2.68057
0.750506
2.14557
0.224784
0.64365
1.60809
3.14422
2.18182
0.66405
1.36803
0.172745
0.227283
3.36289
0.696922
0.98308
0.0231043
0.382564
0.603412
0.135808
0.640378
0.110732
0.575191
0.860142
0.776172
1.23076
0.539266
2.23746
0.675368
0.320504
0.321627
0.651944
0.196056
0.15473
2.96527
1.78749
3.98778
0.309329
0.154731
1.05287
0.0701308
0.179943
0.767991
1.19275
0.873153
0.375277
1.38715
1.36307
1.12996
0.154001
0.0376989
0.0847631
1.04303
2.10291
0.705912
0.191247
0.193377
2.51869
0.114564
0.897339
0.860475
0.369529
2.78631
0.317652
1.51553
0.58154
0.0631667
0.224872
0.259329
1.6305
0.132202
1.16715
1.39549
0.763165
0.279678
0.212985
0.659154
0.86472
0.294083
1.15698
0.356092
1.31432
0.0835269
0.411622
0.287482
4.07286
0.98863
0.0527932
1.43423
2.1379
0.280025
0.659223
1.22249
0.911798
0.712819
1.22345
3.95049
0.170293
0.406301
0.100642
1.03702
0.0697118
2.47534
2.45104
0.666813
0.434199
1.39087
0.586888
1.0585
0.728162
3.07459
0.139884
1.16964
0.698658
1.93467
0.0667605
0.695014
1.10423
1.91203
0.910424
1.02138
0.572895
0.367845
0.142856
1.27407
0.845106
0.215857
0.432269
0.239532
0.481888
0.42479
0.0451059
0.671691
0.983565
0.115982
0.287653
0.120936
1.18498
0.853532
0.312236
2.60723
0.51083
0.565065
0.125389
0.156173
0.612196
2.76253
1.36056
1.02563
2.01686
1.9497
0.276709
0.0657954
0.71984
0.666373
0.0549377
1.70607
1.24456
0.322256
1.58392
0.110948
0.68066
0.619239
0.666358
1.20411
1.85447
0.10688
0.138898
2.83548
3.44653
0.0912525
1.55474
0.829054
1.95988
0.662376
0.0662165
1.29155
0.779323
0.519966
0.338323
0.1094
5.24932
1.22214
0.921506
1.80597
0.0438685
0.487175
2.41212
0.0264807
0.195253
0.241116
0.0252519
0.289739
0.142444
2.33321
1.57987
0.435263
1.33419
0.46216
0.0634076
0.806298
2.09559
1.45804
0.526836
0.98725
2.22652
0.760084
2.2474
0.328396
1.67358
0.178142
0.236674
0.680385
0.16513
0.646609
0.521989
0.13395
0.746101
0.0100174
1.62457
0.0445418
4.01489
2.10316
0.334034
0.549098
1.4563
0.596765
0.737589
4.48955
0.327374
2.14277
0.961812
0.169349
2.95314
0.236837
0.362336
0.585951
0.893367
1.21678
1.16821
0.167228
0.642238
1.19075
1.23242
1.7439
0.338618
0.319485
1.20671
0.188476
0.94171
0.0336081
0.279155
0.173863
2.36747
1.03939
0.170049
1.08891
0.525913
0.390987
1.13909
0.0271311
0.365217
2.12694
0.506079
2.24838
0.112798
2.58865
1.44171
1.3658
0.158437
0.745236
0.305166
1.73042
0.255017
0.22751
0.939653
0.621215
1.19594
0.360956
1.05198
1.67585
0.429755
0.667891
1.86843
0.0483095
0.162405
1.78061
0.18261
0.949698
0.159092
1.01464
1.18777
1.85832
0.301632
0.261043
2.57228
1.81941
0.141955
2.30976
0.389931
0.641211
1.37236
0.0898153
0.595691
0.627807
0.250236
0.57798
0.0540427
0.286947
0.31319
0.411395
0.496197
0.859216
4.25394
0.0212993
0.190813
0.501836
0.206447
0.654592
1.90866
0.16665
1.7202
0.767693
0.146866
1.9999
0.507007
0.183483
1.19623
0.790173
4.03281
0.450817
3.17942
0.652213
0.26279
0.0500765
0.297333
0.406256
1.10441
0.403857
1.66352
1.58679
2.37892
0.0994721
0.820423
0.0304705
0.487087
0.827156
0.517266
1.69383
0.816737
0.0666183
3.678
0.317114
0.862091
1.58687
0.761889
2.28039
3.43664
3.58776
0.317086
0.341993
1.67488
0.496534
2.5416
0.432909
0.476388
1.94853
4.64402
0.0607286
0.0347066
0.0117821
0.266715
0.589593
0.4201
4.33895
0.282791
2.84268
0.340856
0.501414
0.177486
2.11832
1.2476
0.685179
0.072758
0.0498901
5.80069
2.07423
3.11933
0.275847
0.210914
0.595835
0.755551
0.155939
0.0299077
2.71492
0.236644
0.392056
0.302816
1.02141
1.56496
0.926529
0.207247
1.35329
0.887914
0.270238
0.171114
0.0784808
1.29168
2.16477
0.607131
0.478539
0.972297
3.57185
0.166126
3.38219
0.103772
0.0715507
1.55729
0.801595
1.17158
2.13812
0.115075
0.54545
0.0112951
0.0571543
1.87571
0.063946
1.41513
0.184555
1.32962
0.339175
2.25863
0.763491
0.413745
0.319492
0.149481
0.22426
0.972537
0.799326
3.00655
0.329414
0.213683
0.533684
2.26245
0.613064
0.639417
0.651962
0.0106834
0.745421
0.112958
0.867947
1.11654
2.19377
1.40955
0.210473
0.723948
0.0185121
0.958067
0.709582
1.35904
3.04739
0.221643
0.238521
0.825968
0.0543537
0.428728
0.454619
1.50491
0.683082
2.17501
0.814828
0.17872
0.678612
1.44261
0.0308819
0.825559
0.0145819
1.05552
0.942444
1.9722
0.937238
0.350382
0.0912665
1.42789
0.313205
0.871531
1.93688
4.09718
0.64382
0.156453
0.876576
0.0594594
0.118119
1.88021
0.128434
0.898607
1.21778
0.953738
1.98072
2.06508
0.0769348
3.18379
1.39582
0.548144
1.77393
0.336385
0.308937
0.779334
0.0882956
1.88785
0.190594
0.87638
4.52827
1.14463
0.100558
0.47231
1.42378
3.91299
0.0214843
0.637432
2.58628
0.230391
1.27161
0.628182
0.297203
1.27171
2.54021
0.633148
1.90798
1.4463
1.92113
0.374999
0.181575
1.81228
0.148467
0.580985
2.32401
0.0273284
0.0801827
2.27452
0.825628
0.109461
1.85749
0.0109342
0.336798
0.53592
0.65436
3.20377
1.18306
0.581955
1.30769
0.0609757
0.181227
0.811733
0.611904
0.813256
0.668784
3.29291
0.595725
1.19718
1.85575
0.446197
0.947599
1.25172
0.105686
0.656687
1.73151
0.221938
0.775451
0.114457
1.06687
0.330169
0.292437
1.34881
0.0792882
0.608874
0.0613895
0.0176411
0.22632
0.442384
0.729858
1.20848
0.299003
1.75503
0.242034
2.38656
0.231363
0.844177
0.0894008
0.537131
0.584282
2.29218
1.49305
2.56107
0.66505
2.29581
0.726856
1.72951
0.214314
0.645996
5.07498
2.18422
2.99211
0.705347
1.55392
0.866227
1.0277
4.13954
0.00635038
0.391112
0.918186
0.221984
0.528762
2.48886
0.0457698
1.05033
0.207782
3.42174
2.05823
1.32399
0.351537
0.155078
0.451611
0.351483
0.550457
0.00434838
0.96632
0.538764
0.339141
1.99218
1.04107
0.904066
0.808795
0.40004
0.319139
1.77954
0.79188
0.893944
1.58554
0.284384
0.710945
0.948627
0.428136
0.0921858
3.38309
0.664159
0.741032
3.98341
3.35658
1.93577
0.323031
0.433736
0.122674
0.355761
0.372898
1.00369
0.344641
0.240398
0.281877
0.260547
2.49149
0.756353
0.67434
1.35311
0.258498
0.0335926
1.36023
1.30171
1.56954
0.860278
1.99117
1.04264
0.422012
1.23297
0.944956
1.06245
0.317432
0.642438
0.68999
0.268227
1.22806
0.492734
1.08414
0.783668
0.328438
3.01762
0.234021
0.869052
2.13481
0.749679
0.040814
0.144805
1.03354
1.42551
0.182134
4.36003
0.165909
0.167521
0.971873
0.248169
0.943485
0.169314
4.46963
0.750985
0.216735
0.706623
0.726582
0.492943
3.41419
0.422701
0.399046
0.965166
0.337702
0.120905
0.522899
0.634094
2.51022
2.17457
0.411298
4.1942
0.237209
0.0589325
0.543746
1.78352
0.556299
0.915171
2.85807
1.5069
0.0117647
1.16223
0.587671
0.354724
1.83952
1.42171
0.517892
1.16082
0.426012
2.62177
2.79206
0.411435
0.275481
1.00955
0.247465
1.56795
2.86103
0.876887
2.16794
0.70316
0.00709338
0.397772
0.249481
0.193742
2.77364
0.959468
0.572431
0.0368052
0.539519
0.0755283
0.423685
0.0054038
1.16041
1.17157
1.04479
0.970287
1.06006
0.913331
0.628782
0.121356
0.25571
0.517706
1.67819
0.829005
0.135328
0.82372
0.876648
0.181046
0.0909544
0.347548
0.448173
0.0852808
0.510141
0.39164
0.162813
0.846152
0.684182
0.0947221
3.38123
0.0807946
1.41527
0.164265
1.32572
1.01153
0.878433
0.193309
0.28604
0.268873
0.430928
0.0499188
1.97032
0.085032
0.458684
0.96295
0.469985
0.0613689
0.0599407
0.955956
0.317383
1.48544
0.198183
2.81257
0.866457
1.03027
0.449874
1.79251
0.673208
0.396664
3.4461
0.452179
3.73388
3.52487
0.639814
0.000874201
0.13725
1.56142
2.15242
0.659546
0.0072129
0.375242
1.76519
0.156834
2.01839
1.22122
2.75454
1.20683
0.726124
1.17104
2.00457
0.0712023
1.06257
0.128761
0.0960213
0.128134
0.595809
1.40042
1.30524
0.803536
0.304686
0.502784
2.10605
0.138642
1.72827
2.99915
0.15879
0.427876
0.615071
3.5721
0.339795
0.246059
0.0620766
0.213539
0.0276633
0.31055
3.52097
4.65799
2.55508
0.930144
0.785118
0.329985
1.3295
0.0163502
0.989551
1.14182
0.0240468
1.89964
0.536561
0.056244
1.00563
0.266637
1.97648
1.2274
0.600613
3.02317
1.86559
0.0364815
0.831017
0.831302
0.972747
0.190217
0.117741
1.14186
0.396185
0.712822
1.46671
2.55913
0.119983
0.813803
2.19266
2.27851
0.397495
0.101758
0.594024
0.447893
3.58839
2.375
0.280078
0.973943
0.382437
1.44285
0.719007
0.199656
2.48544
2.7226
0.122373
0.359827
1.47091
1.11492
1.11687
0.8958
0.598398
0.481968
2.10125
0.501512
0.255605
1.25615
0.0968795
2.17818
0.25525
0.485308
0.419809
0.794031
0.467897
0.148393
0.303497
0.406796
1.80834
1.37056
0.952773
0.979625
1.56193
0.639388
0.263607
2.82805
2.48644
1.01183
1.20791
0.499045
1.95229
1.34184
1.77004
0.374778
1.60104
0.0693725
0.434168
0.509192
1.03487
1.6352
0.558583
0.707928
1.86744
1.74424
2.34018
0.722946
1.21645
1.12015
0.13613
0.565914
0.462377
1.0784
0.424388
1.38834
0.379926
0.140807
2.74919
0.0337482
0.0338981
3.37968
0.290616
0.141386
1.73926
0.101284
3.83481
0.0457005
1.50606
0.283916
0.00705317
0.344446
0.164915
1.40152
0.802959
0.737981
2.81427
1.04571
0.981639
0.489327
0.69459
2.47119
0.288761
0.725169
1.9108
0.809373
0.446453
1.51082
1.62802
0.188056
0.775221
0.891466
0.858362
0.0957191
1.16553
2.16286
0.755943
0.450849
0.39501
1.63175
1.64801
1.34297
3.27691
0.915518
0.275938
1.86415
0.29618
0.194576
0.01552
0.114168
1.54339
5.09344
1.72907
1.42822
4.13426
1.223
1.72997
0.600242
0.237612
0.564639
0.39807
1.30801
0.334185
0.280453
0.259229
0.325344
0.0538969
2.04552
0.173473
0.138525
0.647253
2.84526
0.928494
0.484892
0.344891
0.580826
0.822799
0.0453591
1.33266
0.0264613
0.782607
0.862765
1.93636
1.34113
3.26163
0.425651
0.879384
0.811865
0.215432
1.27577
1.13651
1.05286
0.434257
0.10206
0.755029
2.00301
1.32464
0.671661
1.30391
0.314107
0.731533
1.15716
1.38412
1.89661
0.0041425
2.00497
3.89285
7.66694
0.005071
1.23129
3.28387
0.350486
0.585599
3.01227
0.822875
0.6697
0.138225
0.134709
0.219212
1.52056
0.261256
0.182925
0.45654
2.20797
0.979201
2.13136
0.204157
2.12651
0.86378
0.711766
1.8306
0.693762
1.03129
0.233085
0.871403
0.597942
0.370358
4.02468
1.58043
0.302675
1.61363
5.31403
1.67526
1.10616
0.862566
0.38864
0.455706
0.0259855
0.555346
0.0669343
0.0790191
0.300345
0.690434
0.569088
2.57085
0.513457
0.0749468
0.0196921
0.498072
0.503032
1.2154
0.287379
1.56779
1.98461
0.494321
2.08174
1.81361
0.007331
0.0207174
2.30078
1.04486
0.979405
0.567214
0.449188
2.24798
1.12751
0.581968
0.0609215
0.97983
3.31909
1.8827
1.00938
0.352614
0.171701
0.417074
0.424393
0.331355
0.0437386
1.0949
1.24991
1.04595
0.420171
3.94499
0.897898
1.14813
0.375167
2.93377
0.57205
0.0934263
3.32086
0.265301
0.706376
2.94488
3.06674
0.71243
0.0947784
2.51392
2.01158
0.0403531
0.0891763
0.607938
2.26337
1.92298
2.04649
1.88344
0.250683
0.315629
4.35803
0.198958
2.71712
4.01275
0.572861
1.16162
4.6365
0.935986
0.443429
0.997491
0.196534
0.438052
0.50042
0.448258
1.45988
0.871039
1.05888
2.12002
1.09466
0.8525
0.64589
2.74878
0.0175139
0.574859
3.78845
0.0305637
0.985293
1.21903
0.0797336
0.823989
0.195884
1.20657
0.382917
2.42395
0.0727852
1.34759
2.12587
0.804132
0.456882
1.61131
0.866824
0.569944
0.207151
1.75553
0.476167
0.800212
0.566239
0.0721335
0.556372
0.869474
0.455037
1.52487
2.20315
1.28465
0.982204
1.20227
0.447961
1.48263
0.518757
1.70462
2.16157
0.0909543
0.358382
0.846413
0.483373
1.55066
0.0601525
2.08344
0.124785
0.665983
1.99218
1.47229
1.84376
1.0052
0.768565
0.240687
3.48995
0.320929
0.0215339
0.019589
0.117476
0.856609
1.77475
0.34187
0.107456
0.359049
0.119475
1.09188
0.595617
0.758145
2.61867
0.628617
0.0941495
1.03197
0.794125
1.28727
0.221441
0.399478
1.32812
2.68833
2.4753
0.189205
0.107281
0.228393
0.0566056
0.106053
2.04806
1.84467
0.823356
0.956187
0.21278
2.55073
0.349758
1.50771
1.51848
0.573046
0.898905
3.08744
1.44143
1.81094
0.176184
0.254251
0.29655
1.36784
1.05447
0.92995
0.815337
0.0574875
0.837762
0.758084
0.00977312
0.399515
1.85738
0.458813
0.406463
2.8494
1.10825
0.416361
0.925915
1.05688
0.542864
0.273033
1.66223
0.185921
1.15084
1.3138
1.27016
0.743505
2.39837
0.839765
0.0453401
0.22562
2.08006
2.3396
0.677367
0.360316
0.234435
1.82304
0.45487
0.944468
0.360514
2.30695
2.51301
3.67237
1.04213
0.237701
0.209548
0.436108
0.713993
0.409606
0.178694
2.07788
1.68421
0.41619
1.11326
0.344702
1.08402
0.24463
0.329553
0.0743506
1.21513
0.668729
0.401503
0.302772
1.0952
0.419479
0.256872
0.218417
1.67673
1.99038
0.931293
0.571312
0.909455
1.30315
1.3666
0.243585
0.605854
0.226897
0.211518
0.276589
0.218105
0.37771
0.639069
0.973908
1.87511
0.730924
0.122161
1.35427
0.964058
0.569376
0.853404
1.4923
0.0716759
0.194465
0.121386
0.507427
1.583
0.156358
1.50049
1.0747
1.39163
0.159489
1.11583
1.43078
1.00326
0.512054
0.611514
0.243054
2.10662
0.0146965
0.179217
0.001178
1.12648
2.08633
0.418675
0.448038
0.716478
1.40234
0.395911
0.0590327
0.857344
0.773617
0.860761
0.0841744
0.166752
0.088018
0.652672
0.904129
0.786742
0.603179
3.7857
1.65332
2.81543
0.538461
1.69999
0.562926
0.246731
0.379423
0.790022
0.855692
0.409361
1.18904
0.141945
0.635432
0.664937
0.84834
1.60279
0.496971
0.215127
1.56828
0.23012
3.46216
0.649949
0.206286
0.038491
0.224752
0.677497
0.0713355
3.04511
2.10066
0.673182
0.0503671
0.788966
0.959843
0.0262526
0.0350297
1.29155
0.456867
1.29047
0.545259
0.517914
0.154064
0.762795
1.37479
0.0376952
3.15001
0.140715
1.16802
0.294445
1.50652
0.455919
0.756124
0.365423
3.29534
0.645017
0.361352
1.75083
0.212231
0.570534
1.06228
0.870102
4.04229
1.08262
1.26764
0.470449
0.710347
0.137345
1.39727
0.952608
0.385393
1.37708
0.178252
0.551193
1.26526
2.04964
2.86457
0.361388
0.842529
0.108876
1.73508
0.363476
0.0116943
0.502017
0.752832
0.698183
0.775613
0.284276
3.59656
0.127742
1.41655
0.576442
1.01856
0.410535
1.17288
0.731227
1.31837
0.351639
2.69267
0.437695
0.0363707
1.41859
0.842857
1.38354
0.445599
0.69174
0.00529045
0.0649653
0.8339
2.49004
0.295563
0.731122
1.19144
0.665253
0.649794
0.847748
2.99628
1.82706
1.16154
0.685488
0.275955
0.286379
1.18384
0.447368
2.95585
0.512595
0.328042
1.11063
0.171912
0.00406406
0.336347
5.25325
0.419612
1.50449
3.14064
0.590971
1.02942
0.314253
0.150603
1.10862
0.599042
1.67144
1.84588
0.804164
0.280872
2.40636
1.68153
2.38201
4.2027
0.394005
1.18499
0.491906
0.571542
0.955857
1.71491
1.72023
0.732346
1.66347
0.294234
0.29225
0.946745
0.18643
0.802902
0.401145
0.300967
0.524876
0.396256
2.46444
0.332536
0.537998
0.783715
3.45459
2.4825
1.18058
0.807642
0.12268
0.57146
1.94538
0.0287191
0.100415
1.85713
0.065985
0.85391
0.157611
1.97981
0.342952
3.02172
0.0816888
1.19015
0.0835696
1.4622
7.94531
1.06949
0.499326
0.497946
1.03257
0.100011
1.57303
1.36743
0.358421
0.985641
0.421845
0.135927
0.193198
0.144491
0.347388
1.66365
0.701898
2.02527
0.106894
3.81372
0.443833
0.487323
0.823939
0.906333
0.230555
0.115853
1.76999
0.179258
0.430787
0.564485
0.101245
1.69263
1.77854
0.232634
0.282199
0.396861
0.364709
4.16258
0.190384
3.38294
0.100503
1.2637
0.252309
0.37075
0.062482
0.657913
0.992737
0.363021
0.717164
0.494501
0.376939
0.427269
1.31773
0.708184
3.41437
0.296209
0.773665
1.66632
0.096696
0.0711303
0.28155
2.30452
1.3913
0.377863
0.550095
0.30129
0.284116
0.910616
1.79753
1.15191
2.2648
0.619486
0.343236
0.164576
0.613333
1.05812
0.242395
0.128095
0.309091
2.26996
1.28744
0.525044
0.099486
0.201554
0.515053
0.0611495
2.14067
0.19535
0.472483
0.276452
0.217099
0.657957
0.926886
1.39928
0.420991
0.18043
0.678252
0.817561
0.0783525
0.969427
3.15836
0.285028
1.10051
0.604115
2.35297
0.154109
3.97007
0.294031
0.237609
1.84234
0.827524
3.86303
0.641027
0.62024
5.07906
0.843081
0.625619
4.43127
2.42581
0.105482
1.80352
0.26944
0.943634
0.25245
0.93032
0.765572
0.283825
0.5032
0.161687
0.490214
0.704211
0.323382
0.548031
1.42894
0.597893
3.97171
0.754559
0.901254
0.881888
1.8295
0.684393
1.01565
1.11106
0.417339
0.053
0.80826
0.40897
1.06387
2.57714
0.357562
0.839897
1.60838
1.49016
1.05282
0.937214
0.260295
0.256736
1.40533
1.00802
0.0281608
1.81765
0.544965
0.136893
2.05424
0.809916
0.0876957
1.48941
0.492623
0.118784
0.0126416
0.387101
1.32679
1.97305
0.198577
0.235034
0.255903
1.10039
0.297039
0.756286
0.148222
0.835676
0.928102
2.50559
1.06777
0.237212
3.61111
1.16927
1.212
0.132516
0.914275
2.46288
0.826116
0.125994
0.0876886
0.711466
0.388663
0.0726891
2.94193
0.191151
0.902614
1.61359
0.108727
0.772663
0.204025
0.512977
0.0963075
0.0767787
0.0774496
1.26297
0.0909573
0.0611673
0.624588
1.25464
1.49484
0.939037
0.010085
1.78753
1.54231
0.161646
0.294736
1.16454
0.556656
0.168816
0.401021
4.45018
5.33459
1.13121
0.686261
0.451348
0.110206
1.22251
0.582412
0.0053209
0.165733
3.36595
0.0894556
0.247966
1.11657
1.3561
1.25235
4.30446
0.917731
0.211901
0.618076
0.225516
0.901179
0.160869
1.56589
0.261834
0.0507099
1.84037
1.23559
0.730595
0.980477
0.722124
0.560632
0.112044
1.18724
0.166432
2.66039
0.298613
1.03095
0.178976
1.08514
0.376923
1.08835
3.8015
0.761408
0.223443
0.387161
0.912909
0.735792
1.44818
0.101893
3.75282
1.82925
1.37155
0.0468033
0.371696
1.629
1.82395
2.24204
0.296901
0.302944
0.481453
0.0353812
5.63827
1.30832
0.0811066
0.886345
0.420305
0.259473
0.144214
0.867292
1.4109
0.0910498
0.581075
0.754095
1.37284
0.285984
0.0233338
0.658609
1.60123
1.20264
2.40316
1.25244
0.240408
0.154297
2.29849
0.933839
1.26214
2.59143
0.0474184
1.2842
0.0835695
0.0554276
0.386426
1.40881
0.914221
0.247263
0.652864
1.28365
1.16973
2.63857
0.191488
0.422468
0.644851
1.74342
0.0355704
1.23385
0.266599
3.14563
0.499533
0.0382704
0.0697033
1.33911
1.57661
2.98055
0.271144
0.124718
0.40976
0.0677993
0.244205
1.62339
0.230551
0.717244
1.19808
1.43783
0.182067
0.797671
0.262775
0.426468
0.220985
0.163505
1.06845
1.88112
0.00655839
0.484613
0.351117
1.34821
1.52894
0.613225
0.857061
1.02649
0.536485
0.175738
0.219433
0.201266
0.222053
1.57108
0.213096
2.16673
1.49786
0.579062
1.07632
0.485405
1.10713
1.48463
0.168402
0.365475
2.23627
0.659666
1.78227
0.273076
0.615296
0.939744
1.54885
0.508827
2.12467
1.92042
0.883701
0.498657
0.527972
2.89466
2.16948
0.664147
3.15312
1.18453
1.55249
0.692561
1.4723
1.51524
0.443389
0.690096
1.87657
0.935368
0.764408
0.170596
0.204443
0.319997
0.174552
1.10941
2.53929
0.220163
2.66184
1.89768
1.51214
0.322279
0.439675
1.12338
0.101387
0.165327
0.449715
0.37299
0.435965
0.408371
0.533979
1.05702
0.230763
0.682959
1.44001
0.222873
1.07736
0.18742
3.3804
0.267623
1.27323
0.76178
0.601944
0.276472
0.876447
0.579521
0.764603
2.17411
0.762732
0.372855
0.333373
0.212398
0.662997
0.327012
0.318396
1.46519
0.261441
0.267949
0.253765
1.07371
2.83505
0.140985
0.469102
1.40094
0.481605
1.73549
0.219206
0.495542
2.63797
7.98849
0.352952
0.634023
1.79084
0.380403
0.701922
2.05515
0.781084
1.74163
0.071574
0.54132
0.0338586
0.935109
0.0838803
2.14119
1.22698
1.82294
0.937949
1.2861
0.747841
0.738305
0.535855
0.101723
2.08635
0.750986
1.34833
0.199981
0.900426
0.135247
0.806061
1.05346
0.19574
0.688112
5.41034
0.337722
1.82499
2.47717
0.24336
0.727268
0.364144
0.996233
0.209923
0.161104
0.5385
1.60148
1.01449
5.58341
0.356362
1.60273
0.238323
1.13441
1.00772
0.01971
0.0250482
0.281601
0.988544
0.29324
0.969496
1.67497
0.80932
0.485149
0.218215
0.935307
0.0719392
0.696619
0.209207
2.69606
0.5993
1.1767
0.475164
0.592474
0.537984
1.00086
0.665287
0.292093
0.046723
0.122857
0.232808
0.00743089
0.131553
1.48109
0.0364858
0.0993292
3.18343
0.81194
0.04944
0.911335
0.0803474
0.387428
0.163307
0.0161697
1.63915
1.47421
0.279191
0.0998695
0.773489
1.13575
0.458987
0.133559
0.743948
1.31307
1.70899
0.661941
2.03597
0.139595
4.71919
0.791957
0.579263
0.349651
0.938166
0.212606
0.6012
2.63096
0.350142
0.432007
0.659759
5.71141
3.55302
0.594593
0.702151
0.986057
0.14281
0.340436
1.17787
0.213655
1.80505
0.999066
0.274205
0.270663
3.08797
0.69709
0.59813
0.938709
0.64986
3.2016
0.871139
0.790404
2.20436
0.196274
1.40963
1.38384
0.247515
2.02187
0.0239834
0.638443
1.71559
0.00639215
0.14768
2.33811
2.27679
0.547192
0.935739
1.70846
0.318882
3.50278
1.97025
0.597594
1.33126
3.06911
0.171314
0.301837
2.00263
0.323959
1.34631
0.174225
0.0337921
0.34369
0.191117
2.7862
0.332582
2.13786
0.0420133
0.938167
0.318471
0.345942
6.50527
0.515387
0.77862
0.550996
0.150718
0.672293
1.03231
2.50425
0.450868
2.55279
0.282538
2.14585
1.04941
0.0054569
1.63107
1.20302
0.154668
0.854931
0.113408
0.0134349
0.399322
0.732751
0.685124
0.0806624
0.051951
0.432207
1.42644
2.25314
0.394097
0.960548
0.201638
0.336085
0.30168
2.96227
1.07137
1.82537
1.19146
0.052177
0.661688
0.208133
0.755329
1.65605
2.44504
0.842311
0.740524
3.56161
0.0656708
0.344357
0.762603
0.786447
0.953728
0.0592477
0.290922
0.174711
0.990842
0.406689
1.2384
2.69786
1.68275
0.43495
1.77976
0.00822075
1.26646
0.314684
0.298958
1.88622
0.446963
0.912921
0.0587849
0.330649
0.0263785
0.980538
0.150166
1.50483
0.994877
0.0327823
0.754644
3.2485
3.08129
0.590381
0.568778
0.144294
0.78745
0.636936
0.392347
0.672944
4.73671
1.10551
1.28445
1.04764
0.277796
1.08746
0.117049
3.51358
0.0965747
0.606795
1.47009
2.30959
0.05486
1.59274
2.02587
1.49567
0.183777
1.3267
0.335223
2.18496
0.895166
2.82641
0.651545
0.732643
4.60614
1.04212
0.762921
0.0208207
0.847852
1.7833
2.99702
0.231131
1.20591
1.09012
1.55989
2.43891
1.91633
1.50708
0.806228
0.568157
0.0744526
2.74955
1.52577
0.971675
4.37746
1.03901
0.113682
0.42926
0.244296
1.43524
0.428491
0.323552
0.323817
0.0456362
4.01867
4.40585
1.55777
1.51647
1.21901
1.76207
1.39278
0.0594217
0.425963
0.191008
0.852272
0.134988
0.132383
1.79785
2.29375
1.51018
1.11398
0.0793165
0.452334
1.20818
1.37727
0.663233
0.374371
1.77103
0.0286401
0.400838
2.37349
1.47528
3.27387
0.978532
3.68079
2.19984
3.07144
1.07805
1.59928
2.6511
0.082949
0.510916
1.91452
0.271799
0.206708
0.06653
0.595327
0.507411
1.72775
2.42124
1.92394
0.275556
0.972565
0.109166
1.44396
4.48437
1.74183
0.0851445
1.07448
0.21413
0.364081
1.06773
2.29686
1.24648
0.107455
1.87658
0.536786
1.57984
0.916771
1.46158
0.718629
0.647554
1.02077
1.20847
0.956054
0.0603578
0.530234
1.66066
0.429435
2.39812
0.494833
0.658056
0.826292
1.4379
0.464171
0.406651
4.08501
1.93136
1.42809
1.22221
0.178819
2.49555
1.46973
0.965332
6.09549
0.99053
2.17925
2.73729
0.246807
0.399225
2.19462
0.231793
2.62937
1.73438
1.57887
1.27409
0.580302
0.0685215
1.76452
0.107927
0.30171
2.58627
0.636864
2.26773
0.0516278
4.54098
0.27103
1.53056
0.866159
1.62957
3.25329
0.549653
0.0613223
0.240594
0.152172
2.55914
0.97315
0.186553
1.81395
0.0983611
0.663581
0.362696
1.81758
1.16827
0.951324
1.6337
2.34821
0.561829
0.990829
1.35865
0.0229381
0.337548
2.60652
0.556903
1.18697
0.467935
0.80602
0.713158
2.813
0.28802
1.29398
0.656299
0.0373176
0.85933
0.539276
0.258483
1.36081
0.815769
0.850061
0.70845
0.906225
1.27488
0.0462374
0.582493
0.327176
3.70552
0.0865989
0.848974
0.539364
2.35605
0.118716
0.851202
1.37417
0.266687
0.679718
0.297903
0.221261
0.554762
0.266528
0.326247
0.102933
0.776874
0.269473
0.0612494
0.159292
1.31499
0.740928
0.546838
1.23953
0.0129877
0.341274
0.125705
0.698886
0.702062
1.24608
0.927844
1.5868
0.00587074
0.678175
0.274635
0.638315
0.414132
0.434954
0.0849091
0.256362
0.125408
0.671391
0.0235978
0.25622
0.123237
1.45707
0.829311
0.123462
1.79809
0.204691
0.550136
1.161
0.159818
2.34047
0.183822
0.369072
0.633632
1.6859
0.0296254
0.539521
1.13399
0.462949
0.336651
1.87934
3.29036
0.765568
1.04798
0.659757
0.510873
0.932628
1.13311
0.404511
2.66596
0.219909
0.797193
1.09893
2.70946
0.939143
0.177788
2.54105
0.0853442
0.121234
0.0492691
0.311027
0.0763513
0.39131
0.325682
0.0795544
1.37581
1.70309
0.208893
0.754713
0.170155
0.232367
0.986052
0.595215
0.79916
0.914568
1.26857
0.0364536
2.24966
0.019959
0.240891
0.178454
2.48033
0.254032
0.501641
0.557509
0.548424
1.19343
1.85536
1.69255
1.45894
0.706785
0.407324
0.440357
1.10203
0.00104633
1.39485
0.541034
0.245192
0.676736
1.35401
1.43046
1.24738
0.0308469
1.84434
0.322545
0.230094
0.174609
3.66907
0.706318
3.66817
1.71109
0.454276
3.60136
0.0205557
0.0480613
0.822425
2.06191
0.258869
0.377224
0.758254
0.0683131
1.38885
0.226141
1.11755
0.405624
0.109262
0.397998
0.591153
0.608274
1.97546
0.137073
0.287536
0.872379
0.0566963
2.18325
0.885376
2.447
0.756598
1.0014
1.06965
0.437571
0.792737
1.91568
0.548242
0.79065
2.22785
3.04329
0.176683
0.524279
0.00776634
1.30786
0.239062
0.0665611
0.817246
6.51237
1.29871
6.93849
0.0839371
0.755615
1.49539
1.02764
4.25383
0.274322
1.90159
0.980314
1.05252
0.391148
1.46158
0.81117
0.718367
0.611423
0.395362
0.275055
0.694972
0.00281201
0.820265
1.54538
0.303862
0.743715
0.0421927
0.586851
0.546513
1.99539
0.275913
0.0287167
2.47676
0.223388
0.60925
0.235822
0.70767
2.44279
1.07501
1.5838
0.611677
0.338654
4.25217
1.27111
0.0429006
1.00573
1.48054
0.727546
0.218894
0.589177
2.70985
1.49761
1.03928
0.226739
3.75862
0.104328
2.3108
0.230036
0.650139
0.019367
1.9665
2.15063
0.195381
0.45368
0.312211
2.33731
0.679024
0.382425
0.385575
0.156322
0.244422
0.0334379
1.08679
0.648359
0.393199
0.398461
2.03142
0.343749
0.0281308
0.721576
1.14038
0.451253
0.100548
0.821884
1.37961
2.2246
0.663794
0.213972
5.5915
1.01487
0.517942
0.74056
1.29473
2.14216
0.0531479
0.0490911
3.63013
0.232084
0.709851
0.204357
0.226697
1.84846
0.19797
0.0953949
3.21771
1.02587
1.30835
0.736676
1.00714
0.01156
0.131518
0.0924841
0.641072
0.842476
1.64668
1.41795
0.302712
1.05942
0.463599
0.0395224
0.997335
3.53136
0.0368573
0.600237
0.474968
0.48145
0.374663
0.232231
0.929639
2.06956
0.59055
2.78308
0.953474
1.29607
0.38948
0.635383
1.72818
0.62595
1.10598
5.48991
1.23915
1.16777
0.896405
0.515143
3.58463
0.0221874
0.830755
0.301498
1.96026
0.457497
2.77395
1.70437
0.137753
0.707054
0.0566624
0.403792
2.40924
0.0421478
0.243218
1.90987
0.109559
0.592127
0.644651
0.957087
3.66008
0.261819
2.37143
1.64763
0.903425
0.161739
0.365665
0.401894
1.73423
1.32582
0.987007
0.20746
0.26132
0.321263
0.0160402
0.567359
2.71228
1.5314
4.2948
0.554626
0.430649
0.347314
0.53094
0.192285
0.157826
1.2767
0.226873
0.652105
0.344785
0.77297
0.524393
0.0112107
0.845159
0.685201
1.35357
1.76958
0.330697
1.23762
0.55118
0.481694
3.63929
2.77511
0.854188
0.363303
2.58664
1.24571
1.90124
0.235426
0.740356
1.85221
2.05153
2.29218
0.839162
0.973716
1.40027
0.891584
0.736147
0.420388
0.274615
0.146409
1.44921
1.02018
0.406496
2.4437
0.15153
1.08717
0.889178
0.671389
1.38309
0.5711
2.36947
0.587803
0.923226
3.50232
1.41963
2.77362
1.31011
0.230776
1.15576
0.216902
0.115229
2.11513
0.239385
0.116972
0.970783
0.806034
0.667675
2.17381
0.0322226
0.23053
4.64596
1.834
1.63719
0.280793
2.58305
0.84976
0.405325
6.31983
1.55219
0.779593
0.0914265
0.977121
0.382494
0.914823
2.04087
5.56546
1.02641
1.1508
0.457025
3.58192
0.74136
0.185081
1.31217
0.147803
0.226395
0.358564
0.407588
1.56408
0.334037
0.122819
0.553694
0.234739
0.325325
0.545235
1.22922
0.0920873
0.242161
0.326606
0.831562
0.109879
0.649486
3.98215
0.40639
0.371462
4.11486
0.248237
0.290941
0.553902
0.553752
0.3614
0.0960644
0.0611007
0.879965
0.511166
0.653389
0.478744
0.108482
2.04054
0.497667
0.535279
0.521253
0.103357
0.327138
0.208672
0.548503
1.52643
0.0478489
3.32912
3.47777
0.684182
0.03654
0.616162
1.94391
1.388
0.883502
0.787942
0.402986
1.32201
1.18281
0.430781
1.05987
0.514975
0.751521
0.163598
3.34323
0.755782
0.536662
0.557528
1.72491
3.04688
1.90475
1.25985
0.59062
1.32058
0.859981
0.0345135
1.2605
1.0736
0.410328
0.320407
0.0469577
2.26272
0.270827
1.74462
0.34429
0.729032
1.61274
0.261737
0.0693278
0.0475648
1.45454
0.917066
0.200806
0.862523
1.55099
0.254875
0.19546
0.0396352
1.36683
0.691167
1.52721
0.572092
0.777359
0.117372
0.873475
0.302082
0.0410427
0.273589
0.7422
0.0453771
0.132873
0.760542
0.313083
0.731046
0.661566
0.0121115
0.412651
0.760817
0.921853
0.0795495
1.07096
1.38201
0.0364105
0.806508
0.354478
0.204169
0.912236
3.91045
2.36663
3.83021
0.496938
1.66492
0.144571
3.88367
1.25062
0.519076
1.76364
1.56512
0.0675642
0.0687675
5.41468
1.2228
1.25269
0.424911
0.635069
3.06897
0.534839
0.810455
0.951006
1.19459
0.487549
0.493851
0.57082
0.639523
2.01509
1.52961
0.738524
0.0980947
0.649453
0.311121
6.26889
1.17005
3.54007
0.138648
0.4123
4.88195
0.926646
1.52879
0.0878444
1.9416
1.39293
0.0581988
1.2248
1.35405
1.92908
0.344598
0.397533
1.83031
3.22149
2.32365
1.59634
2.88593
0.649187
1.62631
1.67641
0.292101
0.151869
0.918899
0.177223
0.16074
0.594013
1.10637
0.210999
1.07703
1.76264
0.771374
0.119483
0.00302385
0.0735672
0.659651
0.140882
1.95537
0.42098
0.524244
0.290809
0.078653
0.485789
0.0738494
0.897898
0.0796573
0.493243
0.13601
0.00121158
1.84286
0.60198
1.10066
0.138247
0.023506
1.38885
1.81955
0.152133
0.488692
0.356538
0.186003
1.43361
0.377886
3.44931
0.670647
2.89204
0.301786
2.2375
0.619709
1.76383
1.0428
2.64696
0.366105
0.917436
0.586472
1.61572
0.952718
2.42107
1.94861
2.79441
1.58422
3.82343
0.381858
2.06418
0.00672368
3.53189
0.181415
1.59773
0.758612
2.77581
0.073771
1.89431
1.09491
0.269839
1.63078
0.453668
1.19126
0.427171
1.23169
1.69275
1.99174
1.33006
0.533937
0.975892
0.342901
0.178377
0.738387
0.655386
1.06433
1.06018
0.143931
0.272856
0.403878
0.403667
0.335984
1.04405
0.73
1.42207
2.00491
2.20803
3.82915
0.541271
0.012104
0.990347
0.400105
0.145498
1.27497
0.0732393
0.0044696
1.96029
0.467011
1.16733
3.06036
3.69441
0.0471571
4.36327
0.0463789
1.5553
0.148507
1.52335
1.23277
1.08769
1.56915
0.78416
1.65859
0.105837
0.788144
2.60633
0.501365
0.522862
2.32491
0.0507658
4.3009
1.94169
0.999065
1.29759
0.815871
0.317867
0.821971
0.238919
0.139874
0.468437
0.507724
0.745618
0.851409
0.147526
0.0467595
1.37634
2.56027
0.497082
0.884868
0.121341
0.868396
1.71126
0.440992
0.286914
3.69542
1.43701
0.00960404
0.793299
0.363615
2.08915
1.74002
0.555577
0.780987
0.576913
0.163438
1.16367
1.62571
0.108473
0.302731
0.524669
3.3477
2.77269
0.549196
0.277714
1.19542
0.00147676
3.03767
0.285352
0.0259081
1.47697
1.74636
2.89077
0.374023
1.38723
0.282829
0.951749
0.567903
1.54144
0.483344
1.77455
0.980309
1.0658
0.150426
1.93388
2.54751
0.819326
0.792153
0.373374
0.141955
0.438548
0.33066
0.40182
5.30338
1.23088
1.75865
1.53938
2.29773
0.08704
0.605504
0.26281
1.094
0.704001
3.29164
0.780615
0.288194
0.0260221
0.170646
0.888414
2.16398
0.982067
0.272717
0.283662
0.490099
0.51866
0.466085
0.626068
1.16533
0.676309
1.17493
0.0299211
0.0552798
1.54076
4.74828
0.618265
1.57284
0.513144
0.385608
0.578622
0.732503
0.458422
1.5438
0.743326
0.0506176
0.405499
0.849309
0.828052
0.763758
0.182317
1.41031
2.09845
1.33969
0.239112
2.32538
0.504711
0.481192
0.459299
2.23757
0.149193
1.2138
0.951171
0.181818
0.21696
1.33602
0.360196
0.307457
0.1704
0.29812
0.840618
0.0455537
1.56124
0.599096
1.25439
2.60688
1.38483
2.82077
0.291601
1.04088
1.66774
1.04017
0.238801
1.4195
1.38721
0.0574087
1.09074
0.00532623
0.0353421
0.808028
0.0239361
1.03663
0.178521
0.378391
0.519394
0.511261
2.17764
0.741
0.351327
1.38181
1.31744
0.652807
2.03973
0.307955
0.223322
0.513882
1.45586
0.537659
1.64892
0.66821
0.540005
0.18811
0.963334
0.895194
0.429012
0.0415546
0.0216819
1.63161
0.0991928
0.413646
0.824775
1.98055
0.0649587
3.43059
0.68561
0.804868
0.268378
1.38967
0.672393
0.75381
0.355772
1.1204
0.213894
0.0602003
2.49165
0.196903
1.69357
1.41746
0.0235887
1.8537
0.736141
0.247066
0.169347
0.706142
0.0819329
0.223413
2.81523
0.74498
0.749438
0.333877
1.64698
1.65142
1.07262
0.195377
1.77784
1.42311
0.222076
0.0547786
1.98168
0.766708
0.0757266
0.757277
0.882245
0.289931
1.47964
0.0105016
1.31582
0.22118
0.943807
0.904406
1.13703
0.107764
1.66995
1.05218
0.891339
0.158757
0.169692
0.642765
2.72399
0.591421
0.742602
0.646611
0.903933
0.108847
0.481589
0.579462
0.251792
1.27492
0.345
0.358583
0.038224
5.17967
0.800125
0.283743
0.966817
1.01325
0.808632
0.338199
3.36169
1.80069
0.21445
0.0105228
0.385407
0.204313
0.999942
0.0924878
0.912837
0.155032
1.62703
0.580948
1.82665
0.573392
0.247517
0.538715
0.810074
1.10311
0.446751
1.70679
0.579227
0.450692
0.362545
0.633506
0.47267
0.430879
0.339312
0.449466
0.185691
1.34858
1.17033
0.939917
0.483225
3.60675
3.34268
2.47893
2.09324
1.85594
1.33626
0.355193
1.37056
0.401969
0.685851
1.15654
0.476305
0.0221145
0.419039
0.669952
1.59439
0.90602
2.28649
0.908487
0.138795
0.982182
2.58933
0.780964
1.57407
4.4422
0.521679
1.68274
0.604925
0.536968
0.111976
1.66015
0.310704
0.845334
1.08506
0.865535
2.23916
3.82622
0.711611
1.42813
0.880782
1.46131
1.45744
0.291261
0.151178
0.67275
1.30754
3.21307
0.854371
0.583132
2.91439
0.151008
0.741856
3.80183
3.00834
0.379131
0.211324
0.220171
1.60288
0.508609
0.979348
2.16362
1.67975
1.42832
0.239985
0.47304
0.494207
0.919525
1.44294
1.75886
0.412681
0.0105672
0.142098
0.673214
1.42346
0.770473
0.721023
1.26339
1.37879
1.70271
0.902517
0.942679
0.989252
0.459573
3.7406
0.211863
1.0742
0.329497
1.77198
0.825749
2.22186
0.562682
0.076685
0.592209
1.36881
0.16468
0.0399791
1.30178
0.0170676
0.155393
1.95988
0.0979194
0.913112
0.016467
0.123831
0.754693
0.0695644
0.239896
1.39959
1.60387
0.405325
3.70288
1.52217
0.162384
0.000545631
1.66027
1.44598
0.129031
4.07307
0.32677
1.44531
0.753322
0.0922569
1.50153
3.21879
0.414389
0.0361535
0.037593
0.8226
0.219906
1.4513
0.00314721
0.519187
0.322239
1.34314
0.981359
0.491604
1.49258
0.267323
0.0300948
0.454092
2.25777
1.4807
0.899831
0.159233
0.567501
1.48503
0.17492
0.584981
1.41373
1.52802
1.36792
1.34943
1.64173
1.80792
0.218323
0.531715
1.29986
0.0529794
0.423014
0.382702
1.96613
0.66459
1.78061
0.671157
0.927052
0.132809
0.942758
0.0795924
0.551433
0.431958
0.0787957
0.78655
2.10712
0.375978
2.70835
2.4172
0.259276
1.41311
0.506882
0.171349
0.561229
1.54783
0.00783498
2.32254
0.0405498
1.7401
0.903418
0.0505641
2.40305
0.0414767
0.496103
0.479494
0.301244
2.06797
2.02909
1.65454
1.79265
4.03154
0.108969
2.96135
0.45416
0.151106
0.241138
0.171946
3.11251
0.562252
0.8226
0.204787
0.755928
0.592562
0.455713
1.7412
1.77963
0.557178
0.699219
0.545016
0.021037
0.258738
0.640497
0.568193
0.149943
0.901985
2.43759
2.15618
0.679622
0.785463
0.778285
0.117773
0.544762
2.63807
0.0907806
0.272595
5.29738
1.51179
0.554131
1.33758
0.78823
2.75708
0.46112
2.50532
0.564828
2.16981
0.550458
1.73241
0.0724339
1.29477
0.341095
0.532009
0.759278
0.0603962
0.361648
2.47881
0.604263
1.25561
1.00897
0.333393
0.731693
0.213516
0.637025
0.456343
0.91659
0.232699
0.169922
1.09288
0.0646727
1.34351
0.0178166
0.184379
0.289056
0.415169
3.13134
1.36125
0.0244169
0.263768
1.2707
2.87107
0.157165
0.668518
2.42505
4.07735
0.476455
2.39955
0.344774
1.11773
0.627286
0.111502
0.851011
0.0405156
1.42537
0.836008
0.754586
0.243646
1.43512
1.14783
0.521244
0.543174
0.298507
0.575776
0.077156
1.31342
0.309291
0.0735663
0.256235
0.0098681
1.57534
0.800748
1.66646
0.532293
0.00191342
1.2109
3.10103
4.07266
1.28669
1.07579
1.56046
0.948824
0.125359
0.638205
0.245684
0.290089
0.763603
0.762761
1.42941
0.116228
0.482535
0.0424299
0.697644
0.1032
1.0404
0.750126
0.510923
3.9709
2.22703
1.38405
0.473739
0.576575
0.191224
0.223967
1.26603
1.23479
1.83621
0.240586
0.271713
3.38153
0.310163
2.06932
1.56762
0.777074
2.1177
1.74305
0.470056
1.58723
0.342318
0.141306
0.890735
1.76822
0.42037
0.136392
1.54506
0.852514
0.786255
0.309852
0.00710718
0.333793
0.803858
2.5619
0.544552
0.208043
2.26096
0.0671872
1.88724
0.12351
0.206978
0.281708
0.459864
0.0975666
0.0384787
0.0605243
2.06132
0.450621
0.0519237
1.07189
0.115908
0.151941
1.5921
1.32363
1.59271
2.33595
1.29954
0.405577
0.0612552
0.701683
2.35817
0.479892
0.0572807
0.253259
1.85328
0.513647
0.453619
0.305525
2.10054
1.15779
0.404996
0.451845
0.323371
0.276097
0.969147
0.904498
0.539047
0.496293
0.762542
0.178356
1.6638
0.250409
1.50142
0.62913
2.65662
0.872012
0.100384
0.913612
0.151296
0.141312
0.542621
1.24027
0.209964
1.06718
0.0850096
0.535131
1.46321
1.2784
0.286645
0.712365
1.43204
3.08053
2.69535
0.791738
2.21603
1.00848
0.450763
0.164462
1.7739
0.0246602
0.535799
0.654477
0.286228
0.918874
0.70937
0.16172
0.278424
0.0849968
0.563675
1.08317
0.0824874
0.126566
1.52013
0.0956086
3.38317
1.40733
1.03295
0.428345
0.596755
2.38314
2.3791
0.67553
0.784552
4.02649
1.74831
0.759243
0.371635
1.20729
2.44184
1.0909
0.256837
1.2844
1.21777
0.445
2.73143
2.71997
1.70427
1.86352
0.821672
0.0325481
1.4818
1.39676
0.0523079
0.0575371
0.75124
0.309447
0.272891
2.88731
3.59952
1.80796
0.333313
0.227471
0.187851
0.87471
0.033862
0.945387
1.12791
1.01282
0.0353183
0.0869379
0.011277
0.0854366
0.519972
1.48142
2.04289
1.92006
0.203607
0.993091
0.162356
0.395029
2.43836
0.891647
0.426638
0.365562
0.349539
1.51467
0.903904
2.74844
3.05386
0.337453
1.98808
0.773869
1.62609
0.155996
0.117596
1.75325
0.504555
0.146158
0.0130638
0.297117
0.309383
0.892734
2.076
0.556667
0.511623
1.22356
1.31217
0.795765
0.894733
0.145408
1.99341
2.61766
0.658863
1.0266
0.79382
1.40623
0.638732
0.838726
0.474476
2.25184
3.40213
0.463207
1.05437
0.981773
2.02495
2.27759
0.00857314
0.121796
2.59675
0.319652
0.529049
1.04357
3.59443
0.0706896
0.439398
0.257602
1.0243
2.10739
0.226601
9.24696
0.521141
0.04613
0.864456
4.20073
0.515663
0.502296
0.0580119
3.38286
2.6878
1.65397
1.3811
1.46588
0.944522
0.839453
0.168975
0.54057
1.69319
1.37686
1.00741
0.313298
0.609891
0.169478
0.400193
0.136183
1.60141
0.269229
2.96879
2.66105
3.52064
1.12015
2.56528
0.116701
2.91184
2.24886
0.100311
0.185385
2.24327
1.35517
1.56427
0.636497
0.269993
0.527934
2.85678
0.497464
1.49153
1.35539
1.3097
0.354867
2.611
0.431131
3.54982
1.19485
1.59544
2.76649
0.456012
0.38287
0.0352051
0.235471
0.552108
0.6031
0.566263
0.454204
1.52144
0.869142
0.438028
4.2328
0.37228
0.470137
0.763446
1.04307
0.587252
1.19856
1.4515
2.48915
2.37126
0.792903
0.659271
0.197531
3.61659
2.72582
1.97207
1.43024
1.03781
0.124152
0.26631
1.02607
1.10657
0.478726
3.62646
0.330416
0.557578
2.46092
0.183666
0.710449
0.0405471
1.16686
10.1927
0.0158089
1.14252
0.81297
1.1017
0.0110308
2.16936
0.703436
0.670308
0.872787
0.555935
0.825302
1.61023
0.50312
1.06636
1.68366
1.71488
0.534442
0.645945
1.10529
1.48414
0.00467422
0.16887
1.63414
0.447671
0.924746
0.150011
4.18902
0.303399
3.45301
0.171543
0.309953
0.207891
0.861234
1.85864
1.17446
0.0802861
1.86995
0.478044
2.65535
0.109997
0.477377
0.768784
3.19932
2.99071
0.178434
0.263106
2.62436
0.677119
2.04328
0.157341
0.0115905
0.0220542
1.96072
0.12894
0.241673
1.21637
0.0418206
0.397114
0.307278
0.478934
0.914444
0.56182
0.158853
1.57037
0.308774
0.0164657
0.555692
0.818527
0.0484675
2.57904
0.158815
0.210969
1.56703
0.0579603
0.707611
0.401157
0.210935
0.251964
1.23558
0.60534
0.666566
0.113323
0.974982
1.9938
0.780411
0.205414
0.053076
0.540307
1.64232
0.722331
5.21525
0.832139
0.256074
0.509394
0.147655
0.0260642
0.493168
0.934773
0.608339
1.09374
1.1109
0.628467
1.35305
0.68797
0.0678387
1.25505
0.078562
0.0496798
1.66398
1.32714
0.726842
0.0857357
0.208414
2.35759
0.357883
0.817303
0.58328
1.42602
0.215188
1.27109
2.14878
2.44691
0.748437
0.183515
0.915937
0.161038
1.04787
0.55105
2.29798
0.396172
0.0680888
0.202606
0.345397
0.895636
0.50642
1.28806
0.679123
0.744066
1.64019
0.0613977
0.833041
0.294083
0.892363
0.299126
1.29059
0.154945
0.442162
1.46012
2.887
0.366612
0.687102
6.16186
0.204553
1.18685
1.11602
0.0512636
0.0358851
0.458895
0.788054
4.20632
1.13651
0.30629
1.73592
0.495104
2.96655
0.013525
2.45656
1.34401
0.0864298
0.74151
1.00813
0.281848
5.82332
0.825137
0.321799
1.05525
2.00082
0.582696
0.0196203
0.0562465
0.979469
0.174274
0.996548
2.40892
0.00450955
3.58375
0.688948
0.711711
0.190454
1.90133
0.565908
0.252753
0.204352
1.24835
1.01726
0.405288
0.464178
0.95596
0.280314
0.380018
0.145346
0.258005
1.37869
2.09394
2.9308
1.13435
0.571641
1.25894
1.36028
1.81761
0.557288
1.26676
1.55698
1.30871
0.122167
2.28142
2.87719
3.36821
4.017
1.58077
2.42183
0.723736
0.316026
2.43328
0.166425
2.26524
0.185629
1.31527
0.270006
0.892692
0.0729756
0.318738
0.268696
0.661143
0.700689
