0
0.0817744
0.761718
0.316664
0.58516
0.675355
0.223802
0.297084
0.3613
0.629695
0.76241
0.107862
0.552433
0.487749
0.155669
0.318986
0.574428
0.536497
0.397611
0.436475
0.123286
0.267188
0.136676
0.461843
0.201467
1.02151
0.968278
0.179433
0.496547
0.742723
0.756452
1.03071
0.187519
0.481598
0.313883
0.604735
0.480202
0.714224
0.357278
0.252655
0.185397
0.815427
0.39503
0.393356
0.328566
0.353327
0.139056
0.479915
1.2251
0.55346
0.788846
0.203777
0.908659
0.433306
0.677042
0.544817
0.630247
0.415255
0.342966
1.31939
0.300924
0.0949466
0.108262
0.579864
0.6585
0.0681693
0.825578
0.571913
0.43869
0.896915
0.172183
0.423445
0.550318
0.844708
0.213657
0.524089
0.723483
0.365135
0.286919
0.412958
0.331009
0.196043
0.288031
0.294961
0.213906
0.936839
0.332363
0.0670899
0.564594
0.305072
0.750547
0.818976
0.347072
0.476169
0.273562
0.219607
0.662229
0.745172
0.630665
0.188071
1.22191
0.351663
0.480488
0.537047
1.28595
0.230756
0.86644
0.402051
0.295007
0.199751
0.761609
0.254719
0.575401
0.156816
0.21646
0.409373
0.139101
0.297101
0.273242
1.1546
0.421346
0.996455
0.221934
0.328338
0.103861
1.07464
0.278448
0.375978
0.507462
0.580199
0.0271314
0.331232
0.679286
0.910625
1.31756
0.208598
0.89312
0.607941
0.909475
0.229074
1.08647
0.373613
1.07695
0.328974
0.293895
0.312479
0.586787
0.621049
0.380643
0.291546
0.757455
0.205748
0.513169
0.113301
0.491834
0.916684
0.459649
0.395742
0.130101
0.701856
0.0522232
0.208616
0.14611
0.963052
0.797255
0.598453
0.139493
0.247048
1.36083
0.38923
0.777553
0.285546
0.278852
1.21211
1.20677
0.603026
0.206404
0.873512
0.262567
0.206339
0.198307
0.07392
0.200904
0.281301
0.529401
0.338324
1.92975
0.12422
0.736695
0.363913
0.369547
0.892682
0.239911
0.350384
0.309756
0.686041
0.236076
0.189939
0.31875
0.92638
0.200289
0.328407
0.460796
0.421211
0.269708
1.4406
0.907461
0.361271
0.921773
0.826402
0.454128
0.520941
0.209213
0.334797
0.738571
0.226463
0.399663
0.356932
0.101124
0.567329
0.0533057
0.726897
0.159672
0.530131
1.69036
0.17034
0.7368
0.334786
0.266727
0.299339
0.446638
0.49645
0.233634
0.706609
0.60209
0.4083
0.290497
0.386544
0.180062
0.665411
0.473334
0.183459
0.223892
0.549258
0.194717
0.427551
0.745948
0.516018
0.810838
0.319697
1.30892
0.220126
0.183048
0.576154
0.831843
0.221356
0.295879
0.169277
0.602219
1.09834
0.645395
0.861586
0.178409
0.165602
0.463093
0.733417
0.568145
0.237498
0.656486
0.723688
0.405092
0.801483
0.697341
0.528485
0.352138
0.495408
0.190577
0.252646
0.355331
0.823483
0.669928
1.4189
0.382344
0.300938
0.374565
0.794377
0.297071
0.307142
1.25478
0.190394
1.74703
0.484529
0.362915
0.606242
0.45574
1.10067
0.393828
0.391909
0.925869
0.312916
0.470273
0.294475
0.676891
0.793079
0.150849
0.910557
0.83526
0.133569
0.149532
0.749885
0.508047
0.673172
0.202293
0.582575
0.109233
0.309914
0.0870158
1.30502
0.0742839
0.462781
0.954281
1.18967
0.21724
1.34367
0.2552
0.42645
0.397223
0.183176
0.602265
0.24406
0.386704
0.63698
0.446462
0.285965
0.0733891
0.15805
0.476531
0.260976
0.537731
0.631545
0.370238
0.214434
0.281744
0.453114
0.352759
0.0502984
0.953131
0.653995
0.632343
0.356525
0.513092
0.226271
1.20414
0.801133
0.0407808
0.533155
0.97889
0.690667
0.483674
1.17053
0.215786
0.604196
0.309944
0.791767
0.270247
0.323514
0.581881
0.845775
1.10762
1.28802
0.312964
0.340746
0.389378
0.281996
0.827539
0.141821
0.182939
0.52766
0.704393
0.356561
1.21818
0.237981
0.11115
0.241794
0.200012
0.859129
0.407868
0.260542
0.650244
0.254404
0.514868
0.780122
0.602875
0.261423
0.86249
0.401127
0.672268
0.918532
0.343186
0.247472
0.321838
1.33238
1.17842
0.417297
0.90022
0.316998
0.667886
0.23627
0.0472471
0.783716
0.334079
0.462054
0.154448
0.226784
0.141786
0.264536
0.20247
0.281627
0.195057
0.821143
0.478227
0.256304
0.372988
0.407952
0.338012
0.0553908
0.237926
0.376761
0.250894
0.110026
0.492451
0.580563
0.370919
0.406771
0.790506
0.559012
0.324134
0.736021
0.41408
0.464725
0.707916
0.190008
1.04303
0.120472
0.514865
0.149709
0.37143
0.334198
0.176284
0.0854539
0.600537
0.482826
0.584854
0.431466
0.654605
0.161624
0.804536
0.208758
0.618207
0.195203
1.03495
0.323482
0.286793
0.106294
0.158164
0.16611
0.0354681
0.510276
0.326134
0.43381
0.963412
0.220114
0.106575
0.398768
1.24027
0.912407
0.721118
0.223859
0.62964
0.330698
0.352684
0.445331
0.354216
1.01453
0.766022
1.18998
0.399967
0.415052
0.214519
0.335103
0.192902
0.183086
0.284404
0.404038
0.310372
0.144687
0.214849
0.397881
0.0548382
0.208514
0.526214
0.541748
0.281012
0.197891
0.158457
0.452474
0.291796
0.206
1.24179
0.232985
0.750404
0.501938
0.64456
0.370946
0.416971
0.453909
0.134012
0.733237
0.28522
0.471966
1.47624
0.324046
0.332516
1.17369
0.419973
0.370338
0.293347
0.588052
0.617047
0.371289
0.22068
0.260818
0.219667
0.177706
0.221021
0.310549
0.258899
0.832002
0.442133
0.192937
0.193723
0.407584
1.16456
0.717015
0.566427
0.355258
0.509457
0.434058
0.605401
0.148247
0.370997
0.350458
0.379617
0.316299
0.358164
0.0636637
0.352166
0.336854
0.313376
0.132535
1.08554
0.320128
0.0962519
0.271703
0.265167
0.470697
0.246637
0.393323
0.342785
0.252353
0.276357
0.776224
0.217525
0.803238
0.43221
0.793267
0.419599
0.139272
0.167856
0.670807
0.376718
0.525299
0.433632
0.657945
0.720568
0.199781
0.586942
0.485504
0.140222
1.98908
0.445929
0.983139
0.274163
0.571322
0.172374
0.269409
0.0931978
0.111349
0.330624
0.099437
0.370016
0.2247
0.12392
0.55488
1.50235
0.531561
0.21513
0.479581
0.855549
0.177936
0.376798
0.468771
1.79043
0.915966
0.974005
0.4255
0.433946
0.561453
0.719563
1.00285
0.54343
0.877064
0.522176
0.233095
0.626571
0.613204
0.755899
0.305263
0.157681
0.0662489
2.21089
1.42466
0.408854
0.173792
0.179
0.328701
0.743295
0.971734
0.831699
0.204109
0.31203
0.28765
0.395204
1.54046
0.138799
0.178983
0.328526
0.410025
0.175002
1.06752
0.232075
1.18139
0.377889
0.0694242
0.0807399
0.228464
0.87433
0.301339
0.814976
2.60669
0.272542
0.366551
0.122753
0.352145
0.278417
0.383462
0.682175
0.322074
0.789552
0.516599
0.693157
0.157188
0.477701
0.560793
0.894521
0.190498
0.993596
0.511763
0.267356
0.284946
0.316991
0.0456393
0.862591
0.309943
0.483474
0.341038
0.511064
0.335445
0.656824
0.298938
0.38939
0.434005
0.723898
0.605798
0.825023
0.261606
0.313792
0.591718
0.475582
0.958235
0.192261
0.547633
0.566761
0.0774078
0.322822
0.0735566
0.848638
0.681042
0.144467
0.160366
0.299988
0.188942
0.391662
0.0417851
0.604086
0.72789
0.394682
0.520243
0.190877
0.218153
0.434715
0.23042
0.737211
0.305622
0.485092
0.559445
0.274775
0.211148
0.935064
0.486408
0.497755
0.461992
0.955371
1.20644
1.01007
0.342357
0.126151
0.674658
0.363599
0.548431
1.22073
0.236631
0.832927
0.36437
0.0395982
0.517011
0.843103
0.183124
0.185069
0.292681
0.278154
1.71473
1.43897
0.419106
0.501116
0.346012
0.369487
0.485013
0.278333
0.793704
0.283748
0.124187
0.431127
0.24277
0.169254
0.292382
0.809033
0.933564
0.472297
0.410741
0.424829
0.429559
0.44641
0.933004
0.0326161
1.66359
0.507869
0.392482
0.202522
0.650323
0.580192
0.617002
0.773254
0.275164
0.189323
0.727569
0.952083
0.238475
0.219956
0.77061
0.412855
0.305128
0.398823
0.348786
0.616217
0.279074
0.222543
0.386628
0.50071
1.69868
0.597152
0.167985
0.227121
0.599754
0.241329
0.304432
0.337994
0.452798
0.642624
0.484409
0.475996
0.261022
0.144069
0.857782
0.248202
0.514828
0.219405
0.285313
1.0513
0.47432
0.246145
0.328257
0.181509
0.92644
0.170814
0.11172
0.320263
0.265717
0.398726
0.666455
0.198314
0.465733
0.362869
0.315715
0.157518
0.446257
0.0795425
0.62449
0.261828
0.0631626
0.196803
0.376629
0.199745
0.145867
0.27894
0.20928
0.208208
0.913366
0.230734
0.178519
0.100825
0.522258
0.361583
0.777269
0.71815
0.575128
0.406218
0.453286
0.313398
0.869654
0.540554
0.711714
0.0510403
0.0657982
0.131655
0.468335
0.314211
0.577344
0.101177
0.471158
0.556947
0.767094
0.385021
0.888143
1.18423
0.674171
0.336512
0.354261
0.838608
0.690806
0.703315
0.475871
0.957114
0.567797
1.33841
0.252485
0.509784
0.337202
0.510445
0.991997
1.03247
0.331689
0.427178
0.480462
0.917633
0.223397
0.378095
0.450362
0.432791
0.359479
0.468359
0.655686
0.444661
0.246102
0.0652835
0.167297
0.153184
0.0532717
0.284639
0.262674
0.252423
0.611696
0.470279
0.362436
0.556161
0.446725
0.152083
0.147424
0.24056
0.396697
1.23597
0.274909
0.728612
0.316454
0.394582
0.162785
0.617079
0.746417
0.653821
0.296343
0.932461
0.314312
0.691991
1.81546
0.208817
0.57474
0.102341
0.132564
0.784668
0.849697
0.52144
0.255025
0.226743
0.780085
0.737037
0.201883
0.419271
0.685782
0.166825
0.32195
0.455705
1.14881
0.938623
0.450236
0.314843
0.291636
1.06183
0.164716
0.499283
0.402643
0.694343
0.171749
0.192164
0.13548
1.11134
0.604831
1.28967
0.171123
0.479149
0.168154
1.39262
0.837422
1.13439
0.478231
1.04558
0.321463
0.279306
0.212462
0.130805
0.306539
0.240856
0.713258
0.158788
1.26653
0.669203
1.19831
0.786155
0.36441
0.73361
0.388315
0.436543
0.190127
0.158542
0.408031
0.228185
0.123323
0.538728
0.678326
0.21809
0.182676
0.975648
0.459622
0.461564
0.238523
0.342529
0.887425
0.150035
0.558064
0.0705767
0.35669
0.573668
0.640679
0.363695
0.45714
1.37859
0.402964
0.261781
0.0916181
0.430168
0.184763
1.62028
0.360066
0.310007
0.1447
0.614082
0.252976
0.269892
1.09694
0.338336
0.461672
1.01243
0.0739877
0.0386808
0.187323
1.12681
0.308958
0.153285
0.104831
0.679589
1.11651
0.963039
0.249026
0.54204
0.0714089
0.507333
0.343884
0.475349
0.295109
0.811722
0.247042
0.402964
0.144112
0.183529
0.112096
0.659928
0.118369
0.316877
0.931067
0.314621
1.16094
0.519027
0.248243
0.26431
0.479961
0.248539
0.303199
0.557126
0.670552
0.534395
0.218792
0.188948
0.270594
0.309017
0.125465
0.297745
0.585941
0.14607
0.403175
0.0525661
0.658059
0.466103
0.836479
0.742278
0.113714
0.549377
1.06001
0.783991
0.6408
0.208237
0.215404
0.472327
0.504552
0.468641
0.406372
0.324096
0.562964
0.508855
0.591118
0.844894
0.11792
0.58388
0.319902
0.540684
0.251084
0.148534
1.12024
0.406318
1.31875
0.179583
0.403762
0.126752
0.777925
0.759692
0.0695384
0.43821
0.362049
0.341492
0.0966692
0.673049
0.0381619
0.617064
0.331496
0.392677
0.318724
0.549702
0.553644
0.309109
0.414074
0.419876
0.336193
0.330189
1.36617
0.766416
0.303409
0.74105
0.0728526
0.433047
0.481181
1.16584
0.0249971
0.224411
0.0367231
0.172829
0.309975
0.0805415
0.349131
0.145755
0.041011
0.465141
0.0892029
0.17904
0.091409
0.856131
0.554711
0.172479
0.249698
0.195742
0.37609
0.307127
0.359685
0.359426
0.610188
0.183898
0.222165
0.245427
0.331663
0.253886
1.19343
0.612109
0.531333
0.401407
0.474118
0.412406
0.557663
0.541917
0.40516
0.301761
0.763939
0.210744
0.715774
0.859237
0.817372
0.608974
0.667877
0.359844
1.07072
0.0462453
0.12476
1.7706
0.204587
1.39771
0.294398
0.483234
0.233738
0.413798
0.804944
0.831165
0.503573
0.234598
0.295159
0.912074
0.438808
0.779204
0.0474692
0.122234
0.625695
0.776559
0.297727
0.130627
0.750627
0.52832
1.17781
1.47868
0.454076
1.02468
1.23467
0.490816
1.03125
0.578009
0.0631601
0.525763
0.38274
0.248133
0.17758
1.01091
0.774323
0.275018
1.10266
0.32365
0.173713
0.102593
0.209421
0.250293
0.179612
0.219383
0.548853
1.13686
0.727896
0.693833
0.128723
0.556348
0.733071
0.0792265
1.14647
0.421455
0.56711
0.463292
0.858578
0.0826329
0.764307
0.907415
0.517399
0.462274
0.209939
0.161766
0.98105
0.292697
0.274146
0.522226
0.66213
0.607493
0.529166
0.465506
0.235285
1.04031
0.234273
0.721861
0.0244855
0.544551
0.445751
0.340983
0.721408
0.228288
0.539351
0.205318
0.340183
0.964476
0.229519
0.66987
0.709209
0.781834
0.667741
0.991343
0.393152
1.13722
0.614525
0.224948
0.365158
0.599678
0.470837
0.751018
0.160262
0.483504
0.388541
0.37481
0.745977
0.490703
0.452649
0.356399
0.399724
0.388324
0.434695
0.470385
0.436583
0.339723
0.194253
0.0697152
0.671272
0.256562
0.974993
1.44471
0.839234
0.550316
0.277205
0.223339
0.254838
1.28743
0.480093
0.303457
0.675684
1.03211
0.399924
0.632737
1.01404
0.545712
0.411749
0.686852
1.46457
0.49686
0.55276
0.0978518
0.319105
1.13667
0.424409
0.365575
0.653048
0.712653
0.467244
0.317902
0.251775
0.287669
2.19909
0.152234
0.14608
0.468296
0.191608
0.214694
0.384723
0.397144
0.698714
0.248942
0.277768
1.12706
0.0752389
0.363086
0.241258
0.381896
0.18231
0.0977517
0.406767
1.04778
0.606704
0.756247
0.924971
1.2669
0.273666
1.24514
0.159465
0.106157
0.236878
0.19532
0.5088
1.10484
0.501236
1.97357
0.643275
0.365408
0.501451
0.294582
0.608285
0.501134
0.458797
0.827911
0.668258
0.0362849
0.501235
0.612418
0.129806
0.440588
1.63501
0.131447
0.593962
0.316906
0.814932
0.191867
0.183151
0.333716
0.655667
0.331461
0.225288
0.343837
0.354919
0.742415
0.511642
0.153133
0.546859
0.392917
0.277036
0.0881686
0.160382
1.9543
0.235119
0.431409
0.448971
0.672418
0.219294
0.439517
0.200926
0.738941
0.192119
0.319309
0.835984
0.511654
0.333814
0.870903
0.61944
0.46487
0.758349
0.42331
1.04195
0.359807
0.655526
0.14629
0.428893
0.727966
0.964987
0.153088
0.773414
0.569514
0.0583151
0.778966
0.269421
0.154974
0.518729
0.41017
0.588428
0.677842
0.194655
0.36764
0.668752
0.224653
0.548122
0.299259
0.173858
0.787379
0.254843
0.167025
0.346584
0.224584
0.373026
1.31307
1.3005
0.506151
0.335134
0.279512
0.434023
1.51623
0.38992
1.08971
0.126712
0.368525
0.164531
0.262375
0.54788
0.136781
0.574307
0.105788
0.146577
0.582467
0.159799
0.420031
0.606127
0.830752
1.0575
0.874099
0.514673
0.101317
0.403476
0.108162
0.217639
0.647313
0.168002
0.961241
0.323367
0.732815
1.03755
1.26542
0.262461
0.854327
0.0851624
0.577051
0.0979645
0.285708
0.35855
0.0902109
0.697619
0.42955
0.829561
0.680743
0.417647
0.454436
0.662665
0.103311
0.25024
0.0557597
0.155268
0.56081
0.187567
0.433522
0.17176
0.0623608
0.736628
0.591032
0.30878
0.395736
0.963163
0.483853
0.674705
1.02867
0.0673023
0.746471
0.655254
0.353693
1.12226
0.92123
0.357372
0.694999
0.144512
0.516084
0.271058
0.315784
0.318325
0.134791
0.251627
1.30802
0.195523
1.1914
0.277251
0.88396
0.673805
0.372969
0.390614
0.218499
0.305224
0.902014
0.402529
0.0794288
0.104666
0.307952
0.483969
0.231149
0.0488223
0.313495
0.497673
0.381641
0.761911
0.528628
1.67357
0.0845071
0.445976
0.541416
0.144115
0.882829
0.479261
0.502832
1.33846
0.764965
0.128515
0.721917
0.0841863
0.723199
0.246032
0.174433
0.561869
0.356427
0.293522
0.527407
0.265962
0.412606
0.440196
0.613967
0.219417
0.171681
0.467069
1.04305
0.119218
0.543946
0.323363
0.255571
0.296548
0.197594
0.272937
0.569138
0.629095
1.09998
0.163145
0.927534
0.676594
0.1426
0.367334
0.282978
0.0601036
0.244899
0.445038
0.331377
0.938842
0.685349
0.0602801
0.439662
0.170961
0.328781
0.80783
0.701095
0.387628
0.46469
0.634686
0.403389
0.419459
0.316386
0.29528
0.30492
1.19473
0.794707
1.52809
0.463376
0.265851
0.0613347
0.343493
1.18107
0.42418
0.650316
0.201375
0.257547
0.104316
0.361017
0.672513
0.814638
0.557016
0.740206
0.129818
0.437628
1.15995
0.311352
0.133884
0.442644
0.914708
0.292071
1.11282
0.0836546
1.10838
0.639302
0.457156
0.665566
0.629953
0.805547
1.08089
1.21303
0.870793
1.0127
0.278872
0.193396
0.609249
0.670271
0.318416
0.484818
0.74484
0.270743
0.22364
0.994617
0.28496
0.770021
0.235935
0.167201
0.388679
1.27733
0.545471
0.399294
0.866736
0.126158
0.849569
0.295031
0.325592
0.224895
0.916902
1.03377
0.736516
1.15448
0.0337951
1.06324
0.922115
0.107524
0.349897
0.532308
1.48688
0.433798
0.934927
0.109092
0.113324
0.298149
0.554989
0.484859
0.929453
0.575082
1.21679
0.237639
0.431258
0.274313
0.672846
0.612476
0.346895
0.352758
1.8227
0.0114645
0.655654
0.0998503
0.629113
0.187875
0.792916
0.339397
0.305585
0.395377
0.169759
0.401002
0.852761
0.721069
0.171768
0.0761685
0.870624
0.546977
0.298312
0.206955
0.737179
0.381899
0.168608
0.665837
0.259007
0.245717
0.554615
0.573809
0.229061
0.977114
0.505295
0.421117
0.0804135
0.69962
0.756259
0.552979
0.859825
0.125994
0.518051
1.20342
0.243372
0.0236601
0.728981
0.593459
0.136643
0.176865
0.361924
0.618975
0.610996
0.168633
0.627549
0.117146
0.598908
0.370004
0.184582
0.828112
1.11183
0.118613
0.316873
1.18892
0.127928
0.39331
0.118355
0.788509
0.757689
0.600228
0.509795
0.212851
0.23533
0.307647
0.922198
0.403811
0.637195
1.28399
1.0276
0.312493
0.42715
0.351696
0.488801
0.527598
0.0963888
0.251046
0.205887
0.34962
0.615923
0.454398
0.932595
0.324443
0.336494
0.130013
1.35931
0.143677
0.510492
0.379946
0.305557
0.445835
0.427693
0.515113
0.697966
0.0507896
0.269238
0.584592
0.659878
0.12184
0.537682
0.238922
0.338739
0.270765
0.646491
0.406105
0.357018
0.264335
0.962142
0.610886
0.342349
0.163607
0.241172
0.932507
0.374884
0.297473
0.45397
0.493779
0.10918
0.0419548
0.128338
0.735013
1.2592
0.574947
0.734165
0.945401
0.995554
0.679753
0.276414
0.102948
0.289372
0.632895
0.572916
0.167719
0.411049
0.865495
0.749284
0.559505
0.653594
0.276924
0.439187
0.674742
0.379802
0.155994
0.0616124
1.82932
0.0944892
0.870971
0.571739
0.467032
0.390783
0.1286
0.195175
0.650078
0.407984
0.699366
0.348577
0.905019
0.305183
0.194337
0.519164
0.0490573
0.633371
0.59596
0.756676
0.289109
0.583068
0.454717
0.284419
0.166557
0.340634
0.463842
0.664141
0.270356
0.197302
0.0876341
0.129002
0.275073
0.372975
1.07904
0.091614
0.499914
0.919197
0.608713
0.375062
0.201834
0.829293
0.0990928
0.159613
0.209755
0.735057
0.132825
0.601284
0.167835
0.825291
0.498475
0.283602
0.713958
0.303377
1.70054
0.107253
1.01299
0.401209
0.620517
0.489545
1.24915
0.732538
0.357937
0.195249
0.534991
1.22128
0.791959
0.369092
0.47251
0.695208
0.234836
0.370335
0.233004
0.572723
0.234363
1.0698
0.345051
1.02731
0.220089
0.657521
0.331914
0.880176
1.27093
0.110526
0.141814
0.193259
0.39623
0.611051
0.61422
0.491966
1.0219
0.503857
0.0517154
0.479862
0.137962
0.536657
0.308569
0.676679
0.502435
0.639169
0.0151041
0.565
0.300562
0.413378
0.199121
0.125515
0.307282
0.559148
1.17222
0.365571
0.396183
0.344116
0.117841
0.886725
1.00149
0.416584
0.743749
0.598491
0.447633
1.22455
0.495549
0.792803
0.36226
0.172321
0.471517
0.796185
0.107976
0.375675
0.299526
0.419205
0.219919
0.747341
0.366895
0.873498
0.20375
0.581676
0.1031
1.03395
0.676447
0.0671436
0.437064
0.779315
1.4873
0.586371
1.13046
0.196375
0.694734
0.999499
1.0861
0.296587
0.268999
0.110145
0.519207
0.306475
0.682546
0.863635
0.246777
0.439353
1.43118
0.204956
0.356838
1.14869
0.689423
0.558805
0.396017
0.926078
0.440703
0.83078
0.687753
0.910681
0.39768
0.683541
0.206092
0.789117
0.137561
0.2804
0.591078
0.110176
0.311432
0.113069
0.399224
0.0996083
0.345771
0.329282
0.478432
0.277497
0.357596
0.373581
0.575924
0.257002
0.257514
0.304539
0.583287
0.560638
0.875034
0.0364516
0.418591
0.34518
0.346819
0.172992
0.939583
0.22263
0.428062
0.627916
0.51484
0.396483
1.08904
0.474404
0.119812
0.36838
0.133514
0.513234
0.398885
1.41307
0.606257
1.7808
0.520791
0.297021
0.0965146
0.291926
0.0748364
0.196216
0.107734
0.25756
0.285584
0.446031
1.02652
1.07756
0.261005
0.125029
0.272766
0.160088
0.678056
0.203635
0.179363
0.339599
0.605375
0.753258
1.11365
0.271103
0.277032
0.420328
0.146104
0.400796
0.393964
0.0778576
0.501265
0.54872
0.729649
0.472227
0.234801
0.780442
0.077439
1.64179
0.11397
0.326774
0.37709
1.12248
0.471662
0.210756
0.373124
0.519422
0.101049
0.298378
1.31574
0.410515
0.248684
0.220927
0.588894
0.695366
1.7335
0.374473
0.504519
0.0865162
0.14169
0.0148874
0.500042
0.0465399
0.267925
0.52736
1.05504
0.204608
0.529452
0.938569
0.077844
0.419567
0.45193
0.828142
0.187075
0.593748
0.222039
0.363518
0.495134
0.683655
0.691974
1.08536
0.587052
0.0896644
0.190723
0.221788
0.541711
0.387412
0.488642
1.02015
0.661406
0.739485
0.469245
0.338673
0.40073
0.715798
0.188596
0.835834
0.0745373
0.361659
0.173354
0.992781
0.251369
0.791436
0.388812
1.50092
0.401298
0.618177
0.0796979
0.70415
0.4263
0.446414
0.28847
0.492998
0.435733
0.165661
1.62907
0.530682
0.321064
0.411589
1.16365
0.224084
0.336578
0.380069
0.0795984
1.24679
0.5435
0.433595
0.961842
1.10363
0.138043
0.766534
0.205314
0.442201
0.550023
0.239014
0.321474
1.02397
0.224115
0.0666464
0.37364
0.411074
0.136056
0.484192
1.30539
0.226969
0.272667
0.236964
0.222582
0.177142
1.02545
1.22157
0.349476
0.256868
0.100194
0.340867
0.673043
0.218519
0.0727203
1.03362
0.107791
0.188751
0.926392
0.80338
0.110788
0.253903
0.273968
0.640691
0.315369
0.301075
0.265625
0.910369
0.545623
0.36632
1.0888
0.469591
0.883261
0.704634
1.04797
0.278013
0.847644
0.0602717
0.133847
0.485457
0.231921
0.935383
0.774073
0.148722
0.392002
0.25165
0.459487
0.671271
0.108648
0.0742687
1.14029
0.0557956
0.767418
0.50585
1.49888
0.827699
0.121535
0.992003
0.309359
0.592007
0.226804
0.0682243
0.35669
0.12881
0.508212
0.536748
0.221697
0.875307
0.581292
1.20379
0.29078
0.381275
0.182836
0.273234
0.496806
0.384648
0.117102
0.266035
0.841098
0.381264
0.0907941
0.589054
0.137031
0.068951
0.487446
0.253073
0.14126
0.0551989
0.235449
0.215413
0.823421
0.835858
0.815594
0.0426838
0.464801
0.110993
0.403762
0.379028
1.33012
0.114193
0.521208
0.797286
1.22871
0.067272
1.04955
0.32109
0.814467
0.713211
0.822226
0.42961
0.379075
0.740532
0.464236
0.752549
0.898428
0.61734
1.22075
0.795368
0.29047
0.752826
0.501869
0.39246
0.43492
0.391241
0.505416
0.594896
0.137213
0.351016
0.205817
0.0887145
0.317018
0.429722
0.177205
0.154323
0.0260832
0.22868
0.430019
0.510408
0.348866
0.367236
0.511303
0.401889
1.06336
0.88363
0.68742
2.24541
0.110479
0.214964
0.375214
0.232372
0.245612
0.169001
0.873908
0.515526
0.236808
0.262688
0.228889
0.284963
0.409069
0.909138
0.436323
0.194914
0.691445
0.32197
0.444937
0.536638
0.306538
0.195393
0.417781
0.387863
0.473716
0.0527093
0.221692
0.165998
0.877483
0.114449
0.394941
0.240047
0.406511
0.360712
0.270793
0.529545
0.439992
0.125464
0.679985
0.52579
0.0498811
0.403844
0.619423
1.25435
0.126958
0.695299
0.584239
0.911599
0.815602
0.287971
1.56765
0.449284
0.416557
1.08783
0.512106
0.429803
0.401985
0.327886
0.863349
0.453982
0.83442
0.890862
0.553321
0.512723
0.506336
0.325474
0.167171
0.457087
0.175813
0.390373
0.84784
0.647553
0.297296
0.60523
0.316223
1.034
0.918285
0.0941524
0.492651
0.530263
0.0589296
0.195045
0.54609
0.357847
0.758115
0.0388902
0.430547
0.603879
0.317172
0.437395
0.311521
1.26421
0.15774
0.469159
0.11
0.27165
0.820626
0.2252
0.48463
0.127942
0.426765
0.970691
0.298031
0.305137
0.363072
0.328829
0.377022
0.987681
0.392324
0.106881
0.506345
0.198472
0.19807
0.167792
0.407327
0.822591
0.212061
0.360798
0.976253
0.222356
0.610477
0.646058
1.15005
0.297807
1.15096
0.628584
0.197803
0.356511
0.559835
0.174676
0.4527
0.421548
0.486847
0.317536
0.749688
0.335918
1.03377
0.56716
0.0984661
0.535288
0.657847
0.490584
0.420064
0.321029
0.545811
0.238987
0.55901
0.233558
0.594498
0.510171
0.483456
0.307306
0.48526
0.543371
0.558073
0.566309
0.0653314
0.518788
0.734369
1.07504
0.590181
1.13831
0.437616
1.0333
0.232252
0.30953
0.457811
0.380724
1.61746
0.726191
0.431725
0.599689
0.414622
0.039681
0.220032
0.221277
0.112672
0.405447
1.31544
0.724926
0.998241
0.0844231
1.18573
0.553107
0.184701
0.0294984
0.243644
0.629982
0.293036
0.145254
1.02247
0.602416
1.79824
0.502568
0.362448
0.36647
0.0622293
0.662408
0.108694
0.891903
0.402621
0.362763
0.32527
0.280761
1.09928
0.290286
0.704043
0.418011
0.263442
0.344358
0.671256
0.12759
0.0182188
0.438427
0.448182
0.205161
0.315605
0.344548
1.23411
0.529572
0.488506
0.377801
0.0840615
0.376319
1.32425
0.229159
0.284005
1.00798
0.352675
0.377639
0.887892
0.426726
0.310934
0.261071
0.678293
0.777131
0.10742
0.694875
0.418557
0.461453
0.385549
0.319082
0.537175
0.992072
0.269459
0.17949
0.746934
0.940544
0.431521
0.395036
0.22049
0.365444
0.608521
0.679841
0.979499
0.667753
0.102234
0.446777
0.799817
0.621462
0.626732
0.282505
1.77505
0.890224
0.980275
0.863072
0.113739
0.278164
1.15467
0.163178
1.31167
0.0777771
1.93941
0.196311
0.371584
0.385478
0.248088
0.972698
0.402494
0.60173
0.287931
0.537442
0.369459
0.165017
0.275572
0.119797
0.807313
0.467047
0.110607
0.599039
0.993487
0.775985
0.382958
0.503101
0.200884
0.743434
0.47092
0.35253
0.406586
0.181449
0.267393
0.0955008
0.411221
0.721784
0.164804
0.115093
0.765288
0.190398
0.215169
0.200812
0.666432
0.380598
0.438852
1.13587
0.205432
1.19791
0.488683
0.410298
0.283856
0.842155
0.650394
0.278446
0.989449
0.0797675
0.405917
0.271311
0.0200443
0.479025
1.5969
0.413264
0.312682
0.928444
0.360677
0.271791
1.03667
0.294361
0.237759
0.227535
0.622339
0.414188
0.140399
0.26825
0.134119
0.247238
0.464159
0.468731
0.335231
0.306364
0.3044
0.148363
0.227463
0.571816
0.0922272
0.505914
0.749616
0.451985
0.292483
0.21268
0.0558966
0.170892
0.354227
1.03038
0.494512
0.281823
0.933016
0.296595
0.340678
0.0617281
0.130737
0.833735
0.222013
0.227016
0.43467
0.0682496
0.0444019
1.35864
0.215511
0.500568
0.723796
0.711712
1.0966
0.276297
0.486889
0.753809
0.216575
0.0857087
0.685751
0.23703
0.383408
0.661839
0.311721
0.590934
0.0665408
0.44044
0.678227
0.333875
0.100354
0.475913
1.01037
0.745024
0.341556
0.239913
0.331837
0.61255
0.278405
0.430027
0.645233
0.99206
0.82402
0.643362
0.880304
1.22781
0.354754
0.357697
1.2694
0.980411
0.83639
0.587505
0.281054
0.0748727
0.66841
0.201667
0.339765
0.782567
1.05825
0.80525
0.461883
0.393164
0.63899
0.823742
1.00859
0.118056
0.970038
0.366865
0.350472
1.41888
0.345424
1.18871
0.283715
1.96704
1.20741
0.3337
0.651737
0.874226
0.946812
0.430337
0.442285
0.561861
0.860396
1.48893
1.31864
0.458761
0.897304
0.953015
0.182092
1.78599
0.259346
0.610116
0.547106
0.428002
0.464533
0.485969
0.264489
0.855836
0.727848
0.228551
0.323351
0.390023
0.202232
0.372958
0.328409
0.394917
1.01118
0.279953
1.05902
0.680586
0.395346
1.07229
0.363904
0.345597
0.253898
0.0597546
0.179284
1.02047
0.524093
0.431194
0.0921176
0.233839
0.348552
0.266655
0.777456
0.739867
0.333403
0.945148
0.423638
0.409046
0.563567
0.258082
0.548668
0.598929
0.0597499
0.18502
1.69414
0.566831
0.662467
0.607009
0.951969
0.0619376
0.353347
0.320469
0.269624
0.141786
0.419965
0.751531
1.19254
0.174402
0.770212
0.436742
1.55418
0.260268
0.772086
0.536013
0.705417
0.212245
0.741532
0.20379
0.173222
0.501708
0.492114
0.762369
0.255728
0.300993
0.408357
0.895539
0.15668
0.159883
0.888525
0.792863
0.66175
0.049109
1.14975
0.696229
0.49378
0.0869652
0.810311
0.566843
0.156002
0.0661947
0.0651298
0.568018
0.289253
0.659819
0.712873
0.117899
0.387126
0.150513
0.958893
0.337541
0.836064
0.40973
0.980559
0.344252
0.680671
0.387336
0.730809
0.0341007
0.337489
1.06928
0.774342
0.273712
1.4139
0.262421
1.70273
0.427604
0.358433
0.231747
0.397983
0.221469
0.208473
0.628047
0.259934
0.521189
0.426958
0.153697
0.211292
0.410472
0.298199
0.703792
0.449393
0.855945
0.0856646
0.193195
0.120509
0.20197
1.00099
0.43796
0.69558
0.503608
0.361866
0.146587
0.567451
0.108446
0.983473
1.13364
0.287541
0.428071
1.27202
0.270377
0.551803
0.504845
0.0787568
0.947304
0.189085
0.809079
0.867098
0.586763
0.141499
0.417303
0.148763
0.143856
0.765
0.84975
1.38839
0.313882
0.671886
0.161863
0.947481
0.482579
0.677727
1.14705
0.177165
0.106615
0.42238
0.0936291
0.480761
0.828098
0.353972
0.545735
0.288671
1.14275
0.786808
0.0828398
0.438787
0.954906
0.487524
1.18562
0.157216
0.150615
0.166088
0.344366
1.31996
0.47037
0.113307
0.195751
0.282614
0.58235
0.106988
0.870987
0.017198
0.458812
0.218553
0.821254
0.381821
0.485331
0.14673
0.543487
0.284227
0.196052
0.125366
0.949966
0.211074
0.230826
0.313174
0.123124
0.400606
0.891998
0.824073
0.445819
0.173571
0.33636
0.309588
0.196802
0.944151
1.24035
0.32556
0.310801
0.466455
1.08304
0.132051
0.936592
0.537166
0.926956
0.68305
0.430289
0.363816
0.182968
0.361343
0.141357
0.272498
0.0969809
0.365137
0.0924258
0.6812
0.941179
0.24976
0.542228
0.378623
0.212168
0.678358
0.659997
0.813936
0.226354
0.589735
0.247499
1.27445
0.565392
0.663533
0.119787
0.169232
0.598678
0.586622
0.968829
0.616809
0.298931
0.160402
0.285441
0.25305
0.438237
0.467622
0.643079
0.283108
0.450058
1.60265
0.615973
0.367647
0.177939
0.243667
0.53694
0.23458
0.425399
0.386215
0.263175
0.438383
0.521259
0.11835
1.12092
0.24084
0.455097
0.815625
0.595256
1.41451
0.0867143
0.524705
1.69801
0.427866
0.163001
0.30492
0.669808
0.251042
0.412894
0.418683
0.342681
0.28377
0.666177
0.363051
0.66246
0.134196
0.131903
1.00212
0.552127
0.356498
0.404979
0.284547
0.476927
0.372005
1.18614
0.349929
0.59277
0.526771
0.535896
0.105719
0.621833
0.166749
0.423195
0.657677
0.491236
1.5934
0.1241
0.711119
0.332694
0.257297
0.417495
0.269425
0.277228
0.620627
0.416372
0.207591
0.39531
0.382185
0.288797
0.1725
0.267295
0.417822
0.0317415
0.778281
0.0488938
0.185878
0.375253
0.196621
0.876034
0.198933
0.918194
0.0335973
0.0918428
0.395747
0.205348
0.147396
1.18867
0.908028
0.496275
0.37649
0.611105
0.505982
0.080395
0.43661
1.21449
0.200215
0.564826
0.958269
0.584897
0.350077
0.924992
0.153487
0.286785
0.571797
0.450763
0.610676
0.774579
0.415525
0.685873
0.927904
1.65086
0.646822
0.880726
0.052559
0.408593
0.245093
0.229614
0.115237
0.653776
0.59974
1.04769
0.647495
0.221353
0.707386
0.95047
0.279596
0.121957
0.621025
0.0664375
0.495257
0.687667
0.273899
0.263404
0.340696
0.302851
0.284209
1.13981
0.305496
0.645511
0.495962
0.146206
0.366775
0.305577
0.338194
0.189163
0.19372
0.133471
0.738562
0.278901
0.434319
0.152501
1.03459
1.41151
0.202348
0.274256
0.0682006
0.296431
0.410934
0.406248
0.455827
0.103454
1.01077
0.475958
0.0845568
0.165509
1.04126
0.566005
0.417397
0.920995
0.292514
0.691396
0.224239
0.313169
0.839891
0.152885
0.532285
1.10054
0.179504
0.602952
0.488095
0.402544
0.0870647
0.325051
0.691461
0.501475
0.74389
0.43114
0.0911841
0.398239
0.22952
0.303838
0.320973
0.479282
0.818543
0.314525
0.259807
0.130397
0.415653
0.172953
0.737812
0.262557
0.292126
0.541575
1.24804
0.18094
0.818677
0.124177
0.510926
0.671274
0.230015
0.632766
0.326208
0.763509
0.703721
0.791692
0.593536
0.709226
0.467051
0.495728
0.826441
0.0561809
0.626748
0.258647
0.397161
0.82163
0.271937
0.763754
0.34063
0.422068
1.33116
1.07626
0.12678
0.503753
0.642733
0.176521
0.50195
0.348548
0.648066
1.41063
0.0541958
0.414038
0.375499
0.841174
2.13141
0.157954
0.178918
0.405415
1.30268
0.215544
1.1087
0.272744
1.04311
0.535714
1.42122
0.294391
0.65473
0.107843
0.124268
0.421154
1.07062
1.20662
0.364979
0.138911
0.279706
0.119315
0.372485
0.293389
0.15476
0.731272
0.717136
1.37021
0.173157
0.486887
0.386882
0.466474
0.289098
0.808684
0.253246
0.0864673
0.542032
0.669329
0.145159
0.565491
0.529555
0.0724399
0.4717
0.756455
0.336389
0.362933
0.390825
0.0859823
0.226934
0.666506
0.264667
0.694247
0.39058
0.358566
0.668541
0.159204
0.0787477
0.206158
0.926173
0.134449
0.253809
0.622136
1.02327
1.16082
0.251869
1.27951
0.482563
0.755455
0.210728
0.173578
0.286147
0.2126
0.0721284
0.612948
0.420631
0.934555
0.541218
1.12959
0.0923811
1.24428
0.515027
0.42803
0.411115
0.851428
0.392114
0.630481
0.120544
0.332957
0.617951
0.47012
0.197007
0.271955
0.560084
0.331727
0.355227
0.242991
0.701287
0.343157
0.38202
0.174515
0.178135
0.845956
0.423295
0.0309977
0.691881
0.884185
0.625768
0.610151
0.634518
0.200327
0.385517
0.727556
0.526526
0.3154
1.33569
0.14209
0.417228
0.150221
0.134676
0.158719
0.0830276
0.154361
0.410628
0.660713
0.612585
0.884655
0.843673
1.19585
0.175757
0.0663837
0.310122
0.228395
0.416451
0.168386
0.371639
0.453429
0.689151
0.242478
0.297174
0.360451
0.290709
0.216969
0.497029
0.181592
0.280588
1.51794
0.50593
0.317015
0.318834
0.635794
1.14606
0.331162
0.582827
0.358253
0.154066
0.318037
0.572843
0.911939
0.314099
0.562035
0.409293
0.539268
0.548874
0.512195
0.262303
0.227757
0.590664
0.489242
0.416743
1.00619
0.82027
0.292705
0.375546
0.664302
1.77925
0.486944
0.152592
0.175642
1.18255
0.811912
0.464499
0.337865
0.302846
0.132314
0.364701
0.306516
0.331612
1.23016
0.416904
0.476089
0.0899041
0.475018
0.424145
0.413526
0.341991
0.0177042
0.564794
0.554532
0.368906
0.178918
0.399561
0.387628
0.269315
0.124491
0.581433
0.19852
0.990609
0.259981
0.14647
0.203849
0.617016
0.363244
0.217976
0.682864
1.01192
0.395199
0.43413
0.928523
0.125308
0.553846
0.691835
0.476169
0.500402
0.0759786
0.247848
0.242484
0.37118
0.0567388
0.30229
0.30348
0.21353
0.566366
0.722539
0.38961
0.26057
0.597731
0.898743
0.438384
0.625741
0.371577
0.462559
0.522645
0.956797
0.555067
0.379629
0.101087
0.0742636
0.283832
0.217471
0.287034
0.82718
0.240464
0.261865
0.816249
0.254305
0.6044
0.429639
0.658129
0.311729
0.055571
0.989579
0.637421
0.0683028
0.127046
1.74955
0.931026
0.537457
0.477436
0.0824288
0.325497
0.606801
0.325195
0.364201
0.374845
1.31896
0.594138
0.447919
1.16345
0.677524
0.665301
0.672051
0.217027
1.1833
0.752424
0.100648
0.233593
0.334197
0.515043
0.06486
1.01616
0.855377
0.760288
0.498845
0.140807
0.122912
0.075303
0.213439
0.580562
0.518106
0.156137
0.470052
0.183174
0.376594
0.707672
0.990899
0.524881
0.476155
0.587699
0.659023
0.426204
1.26224
0.176225
0.505458
0.616321
0.613043
0.149227
0.426375
1.38813
0.344212
0.564162
1.64398
0.79767
0.782765
0.0220541
0.201799
0.404116
0.118663
0.379983
0.435169
0.233686
0.21557
0.0729756
0.370798
0.375942
0.340435
0.353902
0.31356
0.205984
0.19922
0.459872
0.340011
0.49717
0.43513
0.538587
0.433119
0.626596
0.407704
0.368464
0.579261
0.251568
0.464374
0.246616
1.00922
1.26477
0.300917
0.390183
0.08207
0.36398
0.348928
0.281871
0.310469
0.864647
0.319139
0.765785
1.18984
0.177271
0.123207
0.521319
0.459879
0.617921
0.164939
0.492065
0.841571
1.21182
0.176307
0.133283
1.43178
0.0610433
1.18547
0.427363
0.464376
0.300447
0.325072
0.361614
0.33015
1.26963
0.471031
0.15029
1.29301
0.320712
0.0334125
0.462078
0.417566
0.419917
1.31775
0.712947
0.622527
0.0891987
0.271964
0.375458
0.38106
0.155529
0.0789226
1.00016
0.0188817
0.185068
0.459077
0.235765
0.518123
0.443043
0.133569
0.313479
0.482691
0.677023
0.542051
0.785487
1.4141
0.0779077
0.759239
0.600328
0.62689
0.790542
0.563534
1.63347
0.463404
0.498642
0.260228
0.640838
0.768327
0.69895
0.700951
1.05783
0.628899
0.738996
0.728076
0.336891
0.340207
1.22821
0.510405
0.488778
0.389639
0.433041
0.946952
0.862797
0.170273
0.914791
0.199102
0.0889071
0.281175
0.811701
0.246458
0.658768
0.175276
0.396728
0.102491
0.456503
0.809576
1.15756
0.171171
0.124242
0.716732
0.399193
0.320948
0.173488
0.941584
1.03881
0.546747
1.09597
1.46766
0.0562181
0.537835
0.225197
0.425771
0.240565
0.840475
0.458324
0.883372
0.267828
0.394452
0.287448
1.91916
0.434207
0.717777
0.710113
0.591186
0.163901
0.739767
0.485317
0.237988
0.222419
0.758906
0.841733
0.842296
0.161077
0.36798
0.903211
0.108745
0.451705
0.597231
0.504067
0.17898
0.326751
0.569689
0.126044
1.08469
0.121769
0.858104
0.500761
1.38729
0.49317
0.405891
0.497635
0.176282
0.153265
0.187789
0.377022
0.222199
0.320102
0.195036
0.583835
0.0720845
0.454755
0.433557
0.414234
0.617192
0.496831
0.281796
0.948707
0.415179
0.858235
0.412983
0.376867
0.660013
0.323836
0.643973
0.717373
0.680292
0.536028
0.518755
0.466296
0.300533
0.437206
0.131266
0.880218
0.43667
0.127236
0.433661
0.693622
1.07428
0.465369
0.738935
0.442038
1.08329
0.829542
0.20554
0.619392
0.269764
0.465502
0.402484
0.289328
0.368184
0.570404
0.0830023
0.327702
0.909102
0.321761
0.57492
0.208285
1.64344
0.231567
0.85362
1.13244
0.475331
0.870956
1.06025
0.402842
2.50256
1.19408
0.0806129
0.843106
1.0663
0.549044
0.21888
0.66948
0.844614
1.7952
0.175085
0.093115
0.199879
0.730417
0.343565
0.784375
0.750123
0.401261
0.332222
0.104332
0.310458
0.69955
0.255599
0.84993
0.389335
0.513819
1.12283
0.0553146
0.351607
0.814088
0.155578
0.528246
0.261088
0.338722
0.774087
0.787329
0.365685
0.308657
1.1485
0.560961
0.659271
0.265158
0.503646
1.23113
1.27806
0.159239
0.302697
0.341194
0.263625
0.214878
0.325095
0.829023
0.822038
0.309374
0.113025
0.22111
0.686576
0.458661
0.220275
0.426497
0.416203
0.0891201
0.189973
0.427037
0.220186
0.792833
0.730497
0.292507
0.0833253
0.307038
0.980761
0.552332
0.531951
0.744322
0.564418
0.235051
0.453488
1.06935
0.294208
0.768053
0.279184
0.351664
0.61218
0.577451
0.450233
0.277701
0.359754
0.37552
0.120424
0.298871
0.971732
0.192048
0.779866
0.22038
0.526534
0.453492
0.682243
0.248929
0.296775
0.427022
0.296752
0.438906
0.506393
0.338878
0.966421
0.432156
0.534304
0.358243
0.383931
0.678593
0.153901
0.28658
0.428649
0.194194
0.141106
0.827674
0.310327
0.311482
0.505591
0.567189
0.196777
0.61505
0.488561
0.509096
0.584615
0.410995
0.244674
0.194422
0.159251
0.624392
1.432
0.405244
0.270866
0.425083
0.961591
0.124917
1.86542
0.803152
1.14524
1.03521
0.3863
0.582721
0.363385
0.102826
0.62648
0.619239
0.575865
0.403652
0.0463048
0.967778
0.650005
0.841607
0.219274
1.479
0.308587
0.430398
2.38571
0.755076
0.202653
0.328079
0.12059
0.376574
0.87198
0.141186
1.42913
0.211773
0.269304
0.404595
0.936523
0.0788611
0.27207
0.217533
1.74668
0.498312
0.514528
0.776532
0.132758
0.229275
0.406955
0.331279
0.412515
0.407981
0.221904
0.548053
0.305634
0.46181
0.558757
0.832944
0.816198
0.336137
0.645116
0.447455
0.755091
0.324887
0.493512
0.375973
0.998102
0.944392
0.717509
0.150385
0.299856
0.170023
0.652043
0.752279
0.410571
0.0875867
0.882167
0.732977
0.18243
0.207301
0.506379
0.913312
0.204297
0.158258
0.655203
0.170883
0.634844
0.40162
0.502647
0.268354
0.065513
0.171153
0.325946
0.152043
1.52983
0.76039
1.64765
0.15658
0.3112
0.212704
0.207506
0.937928
0.356821
0.184667
0.431332
0.264221
0.216151
0.31468
0.623106
0.138385
0.183301
0.518386
2.15464
0.690383
0.263492
0.421082
0.341195
0.226577
0.806665
0.672052
0.419507
0.838054
1.3959
0.31998
0.717745
0.619869
0.166845
0.809236
0.895817
0.886704
0.422199
0.924166
0.483186
0.885592
0.0357359
0.531772
0.181178
0.25116
0.486238
0.828591
0.392136
0.799314
0.246533
0.473365
0.305158
0.1282
0.455266
0.574072
0.0238918
0.485486
0.949699
1.39833
0.36149
0.335924
0.425477
0.593555
0.179406
0.165867
1.18141
0.1956
2.28802
0.987535
0.595963
0.62394
0.486675
0.280264
0.231695
0.843112
0.557946
0.995944
1.98912
0.279671
0.435632
0.0377383
0.628481
0.353124
0.543867
0.379385
0.799742
0.894082
2.55296
0.229134
0.0854596
0.178343
0.572269
1.1887
0.868471
0.187935
1.0138
0.817102
0.755285
0.613854
0.530291
0.254529
0.464442
0.0664773
0.122019
0.287967
0.285032
0.185008
1.20319
0.0642116
0.396187
0.527728
0.516798
0.743443
0.839301
0.0463619
0.107727
0.548329
0.519584
1.29431
0.374584
0.235284
0.345102
1.20607
0.574812
0.24707
0.399015
0.459697
0.345551
0.397621
0.528992
0.20299
0.39176
0.181111
0.210961
0.642628
0.66817
1.36127
1.21772
0.453365
0.860759
0.459636
0.422901
0.465167
1.92395
0.644243
0.139434
0.28167
0.482314
0.448535
0.288603
0.157425
1.01104
1.61851
0.462945
0.608322
0.540574
0.278697
0.110342
0.363992
0.449748
0.375882
0.188339
0.912841
0.143573
0.837122
1.60836
0.474544
0.541661
0.638312
0.225694
0.541781
0.0542119
0.301322
0.257258
0.647767
0.395892
0.823822
0.2545
0.260608
1.56263
0.262686
0.158006
0.323597
0.266633
0.373772
0.637918
0.232576
0.692009
0.245184
0.186587
0.246169
0.788506
0.068087
1.1707
0.509793
0.706078
0.774605
0.111715
0.718657
0.711349
0.933145
0.168481
0.0948436
1.0654
0.100771
0.228129
0.936624
0.450724
1.49991
0.117124
0.755205
0.381354
0.30357
0.675096
0.528037
1.13664
0.207711
0.427818
0.66215
0.444587
0.300806
0.259305
0.621742
0.282117
0.20477
0.847964
0.485856
0.280689
0.602588
0.552966
0.0284594
0.519279
0.23037
0.535156
0.234123
0.236395
0.455714
0.485013
0.152989
0.475237
0.279891
0.259125
0.607963
0.547131
0.157298
0.593709
0.553654
0.477681
0.483274
0.258246
0.438313
2.05773
0.448895
0.621449
1.11645
0.438077
0.743215
0.0278637
0.401793
0.219189
0.805428
0.266478
0.226792
0.871543
0.22627
0.432747
0.867392
1.1568
0.984619
0.555001
0.586488
0.551785
0.443491
0.249643
0.0820325
0.260771
0.0854902
0.440464
0.241436
0.259174
0.221695
0.628687
0.0296213
1.05322
0.940891
0.095107
0.367282
0.673259
0.120874
0.171655
0.302078
0.150739
0.360004
0.0807772
0.626846
0.301775
0.472104
0.316649
1.03757
0.318746
1.21317
0.770175
0.0929942
0.583179
0.280505
0.0148333
0.176617
0.707893
0.339898
0.481759
0.351311
0.216728
0.148992
0.528177
0.470878
0.206878
0.0676539
0.35644
0.495994
0.444702
0.310868
0.961863
0.382166
0.579786
0.364348
0.652639
0.207409
0.131074
0.601216
0.348499
0.682644
0.209984
0.558552
0.325349
0.69086
1.08877
0.288845
0.666172
0.545091
1.27714
0.622506
0.372004
0.205071
0.155507
0.384501
0.0824819
0.357265
0.6079
0.339525
0.228866
0.625095
0.504881
0.802959
0.491197
0.319816
0.235879
0.805474
1.14671
0.0432587
1.16295
0.41298
0.169211
0.334163
0.343564
0.527864
0.505432
0.359576
0.94176
1.59145
0.20619
0.128392
0.268918
0.671844
0.144787
0.337843
0.351888
0.23938
0.319387
0.371835
0.437474
0.494846
0.435498
0.381235
1.536
0.220212
0.190387
0.380503
0.249249
0.228668
0.28293
0.163623
0.671616
0.125126
0.216906
0.028935
0.6276
0.25097
0.632128
0.29733
0.435345
0.241525
0.452831
0.219195
1.36765
0.831229
0.445605
0.871053
0.232764
0.640716
0.40877
0.899886
0.302771
0.895235
0.647037
0.0782516
0.803095
0.350278
0.480789
0.528744
0.558382
0.436714
0.375394
0.332131
0.483918
1.58933
0.365855
0.5134
0.333446
0.409674
0.144569
0.868297
0.398806
0.506807
0.231056
0.352386
0.113198
0.310395
0.38069
0.835541
0.507097
0.286074
0.474097
1.6094
0.69454
0.293059
0.476326
0.458483
0.477851
0.210879
1.03271
0.309831
0.549118
0.357754
0.304039
0.305991
0.233008
0.761462
1.02217
0.0612329
1.57944
0.298249
0.37001
1.05918
0.401902
0.126165
0.324755
0.128222
0.852751
0.862233
0.214601
0.756042
0.172976
0.0318724
0.169325
0.795184
0.0477273
1.0345
0.711583
0.639728
0.299427
0.145464
0.786052
0.137655
0.229813
1.14369
0.464457
0.47606
0.7346
0.621878
0.132693
0.660094
0.102759
0.124001
0.151204
1.03426
0.860742
0.30252
0.954581
0.634565
0.533091
0.469688
0.643
0.471582
0.473924
1.24632
0.399054
0.852989
0.901428
0.252568
0.170087
0.250814
0.11354
0.546949
0.685207
0.21261
0.167829
0.459121
1.10605
1.06599
0.584071
1.09295
0.426749
0.839367
0.708422
0.214458
0.451625
0.0866232
0.295056
0.94302
0.240577
0.432119
0.154902
0.200818
0.455619
0.0453591
0.19979
0.594148
0.561914
1.0577
0.534818
0.526487
0.939181
0.167991
0.364539
0.703883
0.175659
1.10228
0.36035
0.976357
0.392073
0.184899
1.61042
0.735582
0.324801
0.181466
0.671565
0.324087
0.0439571
0.187064
0.0880516
0.25662
0.377293
0.915627
0.203236
0.133856
0.34426
0.155756
0.121628
0.0058894
0.45292
0.855886
1.27046
0.671318
0.308847
0.697936
0.359353
0.459083
0.717895
0.0946582
0.275251
0.222238
0.628465
0.355458
0.748832
0.156765
1.30381
0.174205
0.280497
0.398829
0.58217
0.321993
0.410026
0.238477
0.147277
1.53696
0.107536
0.367097
0.0923614
0.449013
0.505394
0.253288
1.13042
0.245167
0.447923
0.796787
0.163763
0.490301
0.521764
1.15064
1.07872
0.0409345
0.376401
0.257777
0.298508
0.277537
0.239485
0.204168
0.451292
0.519134
0.230394
0.055469
0.264278
0.169267
1.87519
1.03062
0.183794
0.935308
0.281019
0.967042
0.80461
0.590314
0.193236
0.528256
0.452207
0.864013
0.498395
0.807897
0.549605
0.253162
0.54764
0.340204
0.37777
0.639135
0.350922
0.394792
0.17963
0.732598
0.308168
1.24821
0.256163
0.442543
0.677827
0.159382
0.282305
0.482217
0.715379
1.04473
0.323464
0.419769
0.25535
0.874616
0.509876
0.119851
0.46931
0.653389
0.547985
0.630029
0.76615
0.292241
0.65408
0.27755
0.303265
0.494757
0.732199
0.2205
0.374957
0.199946
0.700729
0.327106
0.694095
0.0700473
0.360972
0.147599
0.525006
0.856891
0.655671
0.622408
1.87985
0.207372
0.817244
0.261586
0.549796
0.548367
0.213471
0.1602
0.643765
0.0979514
0.183192
0.462807
0.157434
1.06262
0.185185
0.221379
0.548082
0.212607
0.0998922
0.658293
0.130933
0.1066
0.304561
0.265425
0.239994
0.292147
0.0549684
0.849919
0.292531
0.362602
0.33964
0.436458
0.482375
0.327454
0.015257
0.451545
0.857086
0.0788256
0.441278
0.45348
0.758754
0.706944
0.63815
0.589527
0.66802
0.389656
0.6415
0.338272
0.257804
0.21863
0.402765
0.952358
0.563112
0.0256646
0.265285
1.10836
0.367779
0.299554
0.675345
0.0654141
0.307638
0.452543
0.338017
0.993091
0.599419
0.508401
0.163725
1.23472
0.327004
0.490288
0.413566
1.09714
0.106492
0.471453
1.04922
0.0272671
0.238066
0.470452
0.256457
0.21379
0.0871402
0.195518
0.198232
0.329654
1.54813
0.230969
0.101671
0.277995
0.605457
0.285822
0.34238
0.898677
1.15806
0.229285
0.377722
0.443921
0.347389
0.411113
0.438742
0.243958
0.132354
0.417745
0.274479
0.422464
0.554484
0.760274
0.2667
1.36991
0.0850385
0.435752
0.50534
0.44227
0.599558
0.356903
0.359868
0.282709
0.600555
0.43459
0.413562
0.257401
0.606363
1.35373
0.519592
0.235828
0.665245
0.373872
0.251494
0.565582
0.164177
0.474421
0.99978
0.224455
0.551457
1.26216
0.478191
0.242444
0.630011
0.343497
0.290036
0.685376
0.921247
0.460096
0.883459
0.475368
0.523948
0.489017
0.41444
0.850107
0.108925
0.305727
0.165224
0.240816
0.332102
0.346375
1.02177
1.00231
0.504188
0.414285
0.593677
0.455708
0.469457
0.466507
0.79623
0.231686
0.875189
0.104106
0.457712
0.217326
1.51586
0.374211
0.243287
0.0794964
0.406249
1.59535
0.204957
0.839339
0.377353
0.199651
0.669583
0.0846051
0.228242
0.615338
1.16398
0.206757
0.0662747
0.189426
0.370128
0.420642
0.172459
0.633617
0.337188
0.198854
0.502608
0.103726
0.349833
0.184596
0.331565
0.94183
0.468111
0.0763649
1.64631
0.324772
0.503675
0.239556
0.11467
0.565752
0.41349
0.711746
0.287005
0.145345
0.420929
0.196477
0.420251
0.39805
0.350225
0.183043
0.357004
0.341092
0.541852
0.512449
0.300852
0.05008
0.265627
0.772847
1.03413
0.51789
0.188031
0.864032
0.520375
0.426504
0.12399
0.36046
0.3965
0.642468
0.61967
0.605699
0.177111
0.401009
1.18327
0.367696
0.224101
0.875749
0.976618
0.412359
0.391314
0.877528
0.681404
0.782527
0.586095
0.818493
0.226284
0.336206
0.791324
0.804931
0.0211702
0.424431
0.238745
0.56254
0.222846
0.390669
0.15836
0.263363
0.421843
0.5378
0.176349
0.419764
0.16001
0.925845
0.309939
0.0964678
0.894077
0.373979
0.258105
0.483207
0.202623
0.214724
1.01509
0.323538
0.509686
0.350743
1.19679
0.490021
0.280842
1.15974
0.393858
0.541433
0.139406
0.304253
0.284924
0.397472
0.479628
0.653535
0.751819
0.54634
0.359524
0.100776
0.367898
0.0433872
0.664546
0.683723
0.924017
0.161565
0.350785
0.350922
0.521169
0.413571
0.214482
0.250488
0.712642
0.309693
0.92124
0.350312
0.167649
0.566594
0.177951
0.375193
0.235126
0.296885
0.198097
1.00867
0.871608
0.173738
1.9629
0.193398
0.460276
0.389351
0.26399
0.286433
1.61857
0.621049
0.119727
1.14699
0.660597
0.307966
0.170454
0.685279
0.820607
0.382356
0.897557
0.93324
0.944151
1.10601
0.135583
0.811515
0.986945
0.744437
0.657048
0.72849
0.835696
1.05488
1.06347
0.143941
0.870222
0.148501
0.183508
0.541502
0.535224
0.661107
0.220814
0.362722
1.32442
0.374836
0.347916
0.206892
0.437915
0.248868
1.07011
0.179699
0.743905
0.452532
0.706252
0.0408672
1.22394
0.805736
0.113665
0.357266
0.263009
0.0520636
0.511357
0.668005
0.589097
0.39838
0.747097
0.849561
0.579083
0.328832
0.112452
0.39178
0.365977
0.629665
0.686039
0.0410586
0.0252063
1.01641
0.459693
0.391482
0.896911
1.00975
0.491462
1.56847
0.521426
0.735398
0.337373
0.862713
0.433232
0.562667
0.385822
0.178969
0.342938
0.55901
0.263638
0.457728
0.334884
0.511345
0.404539
0.559649
0.542106
0.749241
0.573295
0.338482
0.49865
0.715054
0.341674
0.33853
0.171417
0.273012
0.812846
0.403489
0.317798
0.561341
0.341883
0.419516
2.40473
0.54099
1.28432
0.739848
0.229735
0.503031
0.279029
0.298814
0.823452
0.506212
0.120924
0.63509
0.457256
0.724439
0.395898
0.324114
0.516746
0.69176
1.05804
0.124464
0.0150961
0.663618
0.445989
0.220027
1.58974
0.404245
0.343945
0.139577
0.871669
0.245522
0.488428
0.467802
0.23934
0.120582
1.2579
0.179448
0.584969
0.306765
0.280087
0.217447
0.248249
0.0962317
0.436069
0.966375
0.22881
0.64981
0.0818004
0.461993
0.333675
0.475705
0.254574
0.255337
0.17861
0.539865
1.22926
0.601602
1.04734
0.482358
0.528312
0.127293
0.14165
1.39355
0.3615
0.865436
0.235884
1.01063
0.288744
0.657476
0.325737
0.806407
0.249748
0.424442
0.197609
0.459451
0.307961
0.579125
0.43382
0.255447
0.856936
0.659035
0.404809
0.313193
0.480668
0.344092
0.180581
0.234593
0.643228
0.343148
0.181438
0.23675
1.19672
0.138597
0.781406
0.545669
0.452547
0.155892
0.420055
0.765392
0.319517
0.0586263
0.403054
0.176202
0.478474
1.52789
0.0724668
1.16248
1.32595
0.422467
0.693534
0.45468
0.157353
0.0817929
0.319776
0.404058
0.708453
0.584288
0.437163
0.155254
0.364914
0.824365
1.39214
0.161007
0.367761
0.0502281
0.225009
0.520658
0.285929
0.984518
0.509227
0.360351
0.286176
0.366211
0.201379
0.160297
0.259119
1.07561
0.630235
0.926338
0.242534
0.268944
0.704305
0.385275
0.52092
0.816261
1.48045
0.576651
0.130946
0.338858
0.191221
0.472813
0.593858
0.208448
0.964775
0.539258
1.25639
0.323291
0.224881
0.18156
1.10922
0.992071
0.602649
1.02429
0.381034
0.430641
0.23742
0.703878
0.51691
0.807422
0.64758
0.261519
0.0606552
0.298484
1.30078
0.517714
0.489901
0.269122
0.67852
0.213483
0.312543
0.504011
0.934741
0.509226
0.258331
0.259885
2.12831
0.149976
0.087217
0.378716
0.691756
0.157883
0.801624
0.262489
0.457368
0.149298
0.569368
0.399111
1.55253
0.427922
0.565919
0.49423
0.335114
1.72131
1.08888
0.662767
0.194067
0.670053
0.08404
0.181341
1.14537
0.260257
0.26737
0.144488
0.187126
0.290811
0.597582
0.417093
1.20169
0.267372
0.522474
0.408353
1.0045
0.178882
0.701923
0.206117
0.338063
0.914499
0.501456
0.155765
0.142104
1.29341
0.626813
1.53624
0.0942535
0.111129
0.336169
0.353721
0.178185
0.325387
0.778419
0.443813
0.17421
0.799878
1.02736
0.550018
0.431552
0.284899
0.108317
0.454389
1.20724
0.468512
0.322925
0.301954
1.08267
0.147543
0.34444
0.21711
0.374058
0.70363
0.381273
0.498822
0.838529
0.394195
0.317118
0.917447
0.741454
0.0391685
0.309269
0.39701
0.396936
0.134344
0.0535993
0.2492
0.805765
1.03464
0.874579
0.105293
0.696536
0.101358
0.552576
0.0786842
1.04458
0.264295
0.11886
0.531641
0.858472
0.144783
0.246148
0.471525
0.820501
0.27283
0.390823
1.01711
0.769878
0.491224
0.6744
0.275602
0.221526
0.688408
1.00358
0.915177
0.288195
0.585185
0.213566
0.277727
0.998382
1.17493
0.328446
0.387634
0.218149
0.594484
0.0225035
0.277335
0.662863
0.543399
0.551083
0.703222
0.35986
0.172922
0.0582717
0.668963
0.322178
0.0801056
0.894081
0.265904
0.298898
0.227081
0.0158525
0.352059
0.416687
0.0725636
0.278521
0.0707361
0.66299
0.381337
0.185635
0.732362
0.625841
0.187276
0.0723275
0.146422
0.216574
1.12316
1.12221
0.332833
1.15525
0.493372
0.752605
0.179536
0.249876
0.380578
0.24584
0.685331
0.386431
0.0946438
0.537107
0.0746799
0.756926
0.15808
1.03187
0.706929
0.560219
0.559506
0.337482
0.86402
1.08866
0.0751085
0.621109
0.706231
0.562086
0.507797
0.194249
0.365123
0.220778
0.217047
0.579308
0.620152
1.40326
0.424003
0.269739
0.544086
0.042429
1.48928
0.86035
0.0321155
0.185161
0.130026
0.470261
0.140317
0.318002
0.752835
1.00576
0.491266
0.475814
0.276429
0.0537792
1.04829
0.663376
0.425717
0.199723
0.409501
0.666746
0.591476
0.717739
0.128169
0.954018
0.410831
0.163011
0.396726
0.130053
0.357575
0.318361
0.0461308
1.24051
0.23
0.606418
0.0816007
1.03141
0.83115
0.248933
0.548792
0.729294
0.331551
0.626272
1.27174
0.400884
0.589483
0.263365
0.0708577
0.994987
0.438298
0.414628
0.146794
0.245445
0.476384
0.792736
0.211169
0.447248
0.309379
0.949738
1.63985
0.322647
0.0869025
0.526998
0.382968
0.524178
0.193287
1.85139
0.158547
0.654369
0.724962
0.132368
0.357574
0.134088
0.173503
0.500798
0.104873
0.131405
0.881871
0.685758
0.687189
0.146124
0.878069
0.846186
1.13657
0.0460312
0.222262
0.185237
0.625256
0.298779
0.097281
0.4255
0.219548
1.12839
0.268746
0.554517
1.18064
0.366048
0.562143
0.724227
0.568783
0.335585
0.990785
0.0574799
0.646304
0.0930935
1.41512
0.425938
0.560098
0.149474
0.280445
0.648657
0.578844
0.0641121
0.626292
0.0977442
0.208083
0.363367
0.268249
0.434741
0.308501
0.179904
0.190398
0.0841068
0.443365
0.276474
0.305043
0.430768
0.681609
1.1052
0.088477
0.313278
0.163038
0.337513
0.294524
0.725103
0.11332
0.470821
0.550763
0.528284
0.55167
0.135248
0.207191
0.49687
0.350958
1.46071
0.154054
0.943345
0.310486
0.49232
0.600055
0.09499
0.249981
0.621994
0.381819
0.702454
0.724639
0.691201
0.0479449
0.224297
0.134408
0.25601
0.325598
0.171836
0.587301
0.435079
0.181272
1.02434
0.213695
0.272128
0.487995
0.387819
1.38887
1.04279
1.19431
0.0910205
0.376269
0.690662
0.911076
0.685781
0.18778
0.217435
0.498146
1.20656
0.12768
0.528035
0.109083
0.139674
0.24288
0.14328
1.28754
0.951438
0.89032
0.114006
0.345544
0.498882
0.561241
0.449243
0.224542
0.0185002
0.324841
1.51457
1.32279
1.12797
0.251779
0.251492
0.349942
0.814408
1.54587
0.149195
1.05113
0.171301
0.478293
0.171186
0.284796
0.442593
0.351146
0.411658
1.01
0.686243
0.14629
0.605435
0.174204
0.409196
0.778419
0.529345
0.306852
0.380303
1.07418
0.527543
0.880907
0.187085
0.285015
0.51808
0.409475
0.9496
0.972876
0.121638
0.248278
0.244762
0.48933
0.531952
0.147898
0.458393
0.118459
0.717476
0.283892
0.569717
0.247721
0.503553
0.10125
0.275777
0.416036
0.300273
0.233971
0.819748
1.47074
0.211294
0.294099
0.574959
0.25926
0.249055
0.472522
0.375031
0.252725
0.379289
0.405887
0.336191
0.615149
0.375596
0.156585
0.686927
0.197608
0.735738
0.354596
0.493245
1.06361
0.64182
0.287823
0.376365
0.0597363
0.593932
0.646498
0.681964
0.182313
0.710218
0.504856
0.773326
0.280996
0.403789
0.0712661
0.212741
0.225059
0.897814
0.455666
1.01147
1.27412
0.20261
0.517207
0.595732
0.185092
0.218449
1.0052
1.09554
0.210037
0.470194
0.251754
0.454111
0.254826
0.778311
0.24778
0.594469
0.510808
0.485753
0.945727
0.530393
0.587318
0.997146
0.426147
0.229023
0.633947
0.130543
0.355855
0.275015
0.061993
0.642465
0.0873578
0.482932
1.3851
0.293325
0.382078
0.895505
0.713783
1.00336
1.09595
0.573047
0.94404
0.411603
0.433987
0.519247
0.341484
0.606232
0.780116
0.231294
1.49638
0.505248
1.06524
0.710719
0.629644
0.511054
0.132041
0.22116
1.04264
0.153863
0.556622
0.575798
0.225529
0.405858
1.02567
0.059133
0.291891
0.184876
0.461645
1.11444
0.303407
0.198488
0.466419
0.0376532
0.711363
0.460069
0.275368
0.230555
0.200931
0.95426
0.641238
0.612949
0.716437
0.181922
0.293259
0.490465
0.123109
0.44912
1.19884
0.260496
0.87216
0.291947
0.419855
0.194174
0.583814
0.403237
0.325201
0.248559
0.0434582
0.077263
1.08693
0.113435
0.513053
0.411986
0.437435
0.707877
0.27324
1.1824
0.329878
0.213228
0.376345
0.398621
0.727023
1.38192
0.403414
1.14978
1.2229
0.790325
0.523303
0.585869
0.227451
0.179714
1.52591
0.93661
0.882569
0.407978
0.616906
0.54357
0.267746
1.08839
0.199234
0.269629
0.238272
0.946628
0.140667
1.22327
0.0399785
0.505605
1.21069
1.00284
0.541908
0.676649
0.291138
0.502673
0.443803
0.132354
1.48294
0.428117
0.682113
0.262764
0.146856
0.539279
0.383341
1.00857
0.398236
0.335501
0.475339
0.592265
0.340041
0.23346
1.03617
0.146969
0.470905
0.288192
0.596438
0.302038
0.943133
0.223234
0.980072
1.10578
1.07945
0.540998
0.875028
0.125195
0.203298
0.0912762
0.140115
0.613692
0.184271
0.499807
0.363119
0.0792434
0.934869
0.193098
0.378441
0.352778
0.344684
0.234424
0.726973
0.347252
0.499291
0.606855
0.515173
1.0663
0.131566
0.548307
0.762994
0.456161
0.134925
0.400505
0.212715
0.20534
0.68314
0.152599
0.68427
0.847331
0.247471
0.948183
0.0817051
0.373952
0.920434
0.277932
0.308003
0.146554
0.567806
0.47648
0.0903769
1.18733
0.151421
0.440331
0.504075
0.59213
0.422348
0.0956118
2.03546
0.533641
0.17044
0.605453
0.271203
1.16073
1.14283
0.556751
0.303055
0.330422
0.44512
0.349097
0.218469
0.280006
0.680493
0.551396
0.103767
1.36292
0.129772
0.114256
0.448069
0.465671
0.239309
0.798924
0.917601
1.15282
0.12283
0.811691
0.313501
0.169992
1.13027
0.673737
0.85001
0.501934
0.394055
0.748234
1.00582
0.288615
0.118693
0.309638
0.225599
0.629833
0.830162
0.264039
0.667207
0.567096
0.0981515
0.280687
0.15534
0.346481
0.742963
0.747677
0.426036
0.100394
0.70507
0.614429
0.113158
0.116451
0.625821
0.317838
0.303904
0.5062
0.520242
0.718197
0.237998
0.501306
0.143984
0.136155
0.993981
0.682582
0.301633
0.370267
0.398757
0.0748694
0.18996
0.12474
0.264588
0.0809119
0.457161
1.13934
0.19766
0.416941
0.389042
0.05254
0.978084
0.0870832
1.07708
0.218766
0.389563
0.420275
0.301169
0.353904
0.520643
0.691971
0.36446
0.0583367
0.909923
0.467181
0.527753
0.833828
1.52167
0.323412
0.0884557
0.420049
0.758788
0.408126
0.139532
0.97525
0.266943
1.8852
0.38363
0.88011
0.555166
0.280047
0.930499
0.318462
1.22866
1.28781
0.507923
0.0811135
0.290712
0.740742
0.671136
0.261618
0.0518865
0.355508
0.566413
0.0941395
0.624668
0.696503
0.81746
0.324451
0.187974
0.43501
0.737739
0.356355
0.285786
0.287307
0.383277
0.747132
0.527949
0.555718
0.638822
0.234436
0.263086
0.15418
0.842016
0.0640946
0.465406
1.04581
0.246675
0.175665
0.223415
1.5017
0.115785
0.190301
0.320794
0.161313
0.37826
0.239114
1.15517
1.52669
0.775172
0.53162
1.27993
0.7594
0.515947
0.0927525
0.478502
0.340586
0.27196
0.506408
1.15623
0.29456
0.387507
0.799608
0.74693
0.347994
0.210142
0.952658
0.865287
0.382202
0.218223
0.35454
0.28402
0.221869
0.104496
0.433822
0.121893
0.399068
0.466876
0.69232
0.183099
0.395289
0.798767
0.862218
0.542352
0.407073
0.420415
0.469708
1.17344
0.826076
0.0998798
0.26926
0.288485
0.398616
0.337587
0.339232
0.670118
0.810277
0.193077
0.248987
0.655452
0.311668
0.33419
0.508652
0.450525
0.478745
0.531734
0.154077
0.929119
0.377307
0.0644821
0.821684
0.402249
0.461171
0.24094
0.353274
0.274865
0.271037
0.0779948
1.0098
0.570283
0.662019
0.463679
0.35378
0.783251
0.742718
0.424448
1.58652
0.668569
0.349021
0.753813
0.171397
0.565623
0.368343
0.533271
0.43727
1.16669
0.045786
0.320349
0.464289
0.374553
0.476614
0.227857
0.321006
0.469191
0.668451
0.642671
0.724676
0.756912
0.317872
0.0790323
0.502863
0.199391
0.408969
0.623634
0.37324
0.174551
0.140175
0.882013
0.221415
0.275578
0.849656
0.571294
0.153316
0.539112
0.467318
1.03021
0.326128
0.499847
0.130728
0.117209
0.382646
0.757312
0.392009
0.373868
0.281932
1.00728
0.277168
0.841997
0.189619
0.430583
0.681234
0.2905
0.598506
0.859216
0.503305
0.497802
0.888878
0.813812
0.0811259
0.519937
0.272023
0.273436
0.382922
0.623903
0.697971
0.421389
0.388719
0.376281
0.985029
0.613975
0.385386
0.89578
0.709226
0.17914
0.576186
0.471276
0.218077
0.497958
0.449066
0.878305
1.34704
0.54574
0.454008
1.09007
0.884577
0.488763
0.20815
0.220282
0.289669
0.313067
0.37496
0.391797
0.448709
0.533315
0.131129
0.245904
0.707802
0.0705868
0.111003
0.422287
0.89576
0.277424
0.458359
0.161511
0.389793
0.239478
0.673822
1.38599
0.217095
0.347588
0.709687
0.527004
0.501179
1.00394
0.17011
0.422142
0.379421
0.152636
0.665866
0.385076
0.516828
0.515834
0.139634
0.332905
1.28553
0.38988
0.305704
0.372688
0.0984255
0.535947
0.292317
1.23392
0.604381
0.297304
0.55361
1.11637
2.04568
0.10922
0.347653
0.831994
0.324948
0.159711
0.852761
0.259834
0.470604
0.212328
0.400096
0.125025
0.592565
0.156576
1.1413
0.199645
0.682417
0.35514
0.636302
0.490238
0.711233
0.28927
0.238989
0.716114
0.315032
0.54388
0.299432
0.435736
0.176317
0.0975548
1.39643
0.410402
0.382824
0.692461
1.71034
1.10689
0.796454
0.587155
0.494272
0.320449
0.1174
0.244677
0.832511
0.220347
0.432378
1.26905
0.259307
1.03832
0.563647
0.106664
0.0844723
0.762934
0.442407
0.777935
0.306372
0.588725
0.527404
0.169977
0.845684
0.7271
0.0388102
0.349968
0.673482
0.798221
0.385207
0.477803
0.167058
0.715596
0.362829
0.443093
0.0957258
0.439407
1.01515
0.519207
0.769075
0.158528
0.0995248
0.121315
0.314575
0.129435
0.0165198
0.409243
0.405959
0.384605
0.299361
1.1288
0.354581
0.503477
0.507022
0.940955
0.333084
0.737618
1.29397
0.278061
0.260855
0.878809
1.06995
0.210248
0.284006
0.650501
0.858167
0.367333
0.752561
0.191311
0.884282
0.511408
1.21139
1.03689
0.195991
0.591927
1.58043
0.0589862
1.74053
1.03759
0.302541
0.441979
1.19805
0.682027
0.401569
0.392821
0.442262
0.230646
0.126649
0.53844
0.461245
0.596327
0.383333
0.545253
0.820231
0.413373
0.366187
0.729711
0.252168
0.372401
1.07736
0.266244
0.324662
0.361501
0.0213672
0.452045
0.216138
0.323541
0.619328
0.920365
0.284268
0.345609
0.684089
0.216069
0.394821
0.59665
0.439172
0.231342
0.126622
0.561086
0.156556
0.359719
0.198088
0.335087
0.20025
0.243773
0.544099
0.567316
0.644262
0.518514
0.44482
0.453255
0.142778
0.561868
0.558808
0.512788
0.569088
0.14641
0.327575
0.486806
0.256733
0.75372
0.196682
0.626925
0.11155
0.226395
1.04702
0.470341
1.17285
0.753879
0.260442
0.484492
1.61202
0.241669
0.067878
0.0377386
0.103218
0.404689
0.451718
0.0886268
0.640579
0.193717
0.157396
0.299186
0.562385
0.400839
0.72573
0.177177
0.0541009
0.334289
0.416523
0.719057
0.159908
0.248469
0.411956
0.79471
0.624095
0.503851
0.360446
0.741617
0.106049
0.346411
0.750783
2.10617
0.829704
0.29806
0.113617
0.756507
0.322187
0.737704
0.775548
0.455183
0.274214
0.846306
0.430426
0.683206
0.0987974
0.389827
0.125879
0.50903
0.32854
0.683987
0.311486
0.163063
0.557886
0.203282
0.127169
0.353718
0.498305
0.316417
0.53506
0.813049
0.431041
1.10285
0.393403
0.600554
0.167282
0.0826222
0.58165
0.25416
0.368714
1.23531
0.463947
0.567103
0.665418
0.258233
0.246988
0.333749
0.540308
0.658027
0.174102
0.528596
0.14217
0.614844
0.142381
0.346965
0.0930875
0.705536
0.662969
1.19528
0.327591
0.372163
0.193096
0.266947
0.302724
0.401426
0.0997159
1.84195
0.52374
0.520126
0.704679
0.348133
0.369464
0.375142
0.228744
0.123708
0.371582
0.460748
0.156197
0.186025
0.338501
0.282343
0.221047
0.440207
1.54145
0.787319
0.266771
0.539386
0.690407
0.41773
0.854893
0.311543
0.280556
0.372732
0.480225
0.811546
0.1173
0.442039
0.161137
0.264998
0.540841
0.314804
0.267289
0.865518
0.289349
0.220866
0.618931
0.374444
0.37698
0.969534
0.415996
0.130238
0.541489
0.051538
0.780147
0.318058
0.586066
0.0835136
0.699443
1.02377
0.441664
0.211939
1.06707
0.41911
0.55836
0.585888
0.0573969
0.35452
0.337641
0.882294
0.207582
0.330099
0.401145
0.419071
0.136246
0.182411
0.405365
1.15418
0.310833
0.261523
0.26012
0.0871358
0.212105
0.485329
0.920686
0.573057
1.21704
0.414762
0.733165
0.312836
1.15046
0.338171
0.0721536
0.150442
0.253885
0.355827
0.391483
0.761681
0.0893507
0.310271
0.703121
0.251662
0.695503
0.252485
0.317671
0.581183
0.295352
0.979715
0.179225
0.17368
0.0204342
0.156407
0.257694
0.0502897
1.44757
0.566666
0.244126
0.0905431
0.282425
0.483264
0.325307
0.136864
1.67157
0.148881
0.65587
0.658641
0.416798
0.256022
0.244642
0.532903
0.461485
0.879748
0.0860671
0.557799
0.152544
1.06346
0.285679
0.350748
0.360304
1.01161
0.386983
0.428542
0.539145
0.116238
0.382784
0.333899
0.370036
1.09416
0.511567
0.48923
0.810748
0.425357
0.630275
0.669031
0.333015
0.229043
0.481472
0.568837
0.260617
0.996632
0.546133
0.986654
0.0958785
0.363443
0.394183
0.739969
0.127841
0.865704
0.133708
0.210534
0.294694
0.235708
0.560226
0.941265
0.116901
0.467365
0.273512
0.442224
0.107665
0.331464
0.822133
0.437891
0.589186
1.16516
0.20306
0.299249
0.400131
0.919012
0.598929
0.320745
0.208537
0.451078
0.460274
0.499289
0.988147
0.0887069
0.527126
0.410003
0.236883
0.305381
0.913059
0.832473
0.729012
0.721025
0.250769
0.1456
0.321375
0.615693
0.316205
0.747829
0.390192
0.137142
0.692569
0.154035
0.463314
0.645067
2.12547
0.186499
0.847606
1.12105
0.334832
0.439112
0.198641
0.417053
0.845997
0.366014
0.726676
0.479936
0.402846
0.158247
0.638675
0.527745
0.597478
1.08614
0.205935
0.359951
0.652083
0.492922
0.485642
0.538954
0.544595
0.485291
1.31514
0.187514
0.313846
0.237109
0.0774503
0.329057
0.523442
0.121601
0.396655
0.701267
0.918134
1.76726
0.422593
0.324192
1.47081
0.866487
0.452855
1.43559
0.134808
0.501533
1.25284
0.725347
0.318244
1.21474
0.550217
0.218953
0.0441058
0.713939
0.232409
1.14324
0.0621889
0.600602
0.393632
0.720157
2.2771
0.382675
0.476362
0.527645
0.284659
0.169406
0.418979
0.506611
0.425214
0.423142
0.177526
0.589379
0.335009
0.243672
0.3687
0.750266
0.413881
0.607794
0.407603
1.02879
0.219735
0.150525
0.621435
0.350157
0.156218
0.383418
0.500681
0.14958
0.309269
0.171355
0.311895
1.80707
0.888821
0.321916
0.183992
0.748846
0.281694
1.12469
0.239287
1.05666
0.234947
0.486762
0.429925
0.223239
0.153471
0.323185
0.498376
0.420137
0.670342
0.588115
0.226004
0.157017
0.366325
0.244553
1.11538
0.161135
1.28903
0.523763
0.0558552
0.343914
0.237889
0.70896
0.822758
0.180736
0.144549
0.0810375
0.300472
0.347346
0.76999
0.405887
1.19255
0.36572
0.109003
0.580816
0.267055
0.690607
0.485901
0.742041
0.251053
0.973532
0.335225
0.199344
0.136719
0.0759797
0.524784
0.21295
0.603565
0.175514
0.170944
0.215965
0.464606
0.412647
0.41499
1.01899
0.159353
0.475749
0.363747
0.31361
0.14244
0.770661
1.01958
0.181731
0.954702
0.452643
0.732346
0.120615
1.21836
0.581352
0.385207
0.585431
0.365785
1.24608
0.175471
0.937169
1.50493
0.284284
0.176402
1.40209
0.924008
0.0965797
0.573862
0.0827541
1.31996
0.179184
0.381448
0.236395
0.28197
0.139966
0.242048
0.211968
1.00103
0.213151
0.225827
0.449772
0.274669
1.00288
0.355759
0.274525
0.900038
0.527943
1.10912
0.409139
0.417475
0.573101
0.238838
0.210329
0.48619
0.395864
1.23417
0.178379
0.397222
0.555248
0.830056
0.386225
1.97088
0.256519
0.282823
0.452048
0.47087
0.0708729
0.939092
0.438127
0.426763
1.04075
0.309611
0.0751449
0.787429
0.299882
0.443038
0.297169
0.262874
0.407394
0.572241
0.179275
0.113371
0.248993
0.503653
0.460846
0.338874
0.0926357
0.232746
0.705754
0.690381
0.311344
0.0867265
0.940043
0.493685
0.416656
0.199452
0.291424
0.622062
0.345027
0.174079
0.1178
0.381386
0.239983
0.129193
1.05208
0.51666
1.08783
0.456067
0.347325
0.554933
0.597964
0.343793
0.227011
0.139399
0.0553101
1.24919
0.165499
0.214212
0.307524
0.404938
0.439272
1.04676
0.098413
0.559101
0.568706
0.977497
0.275945
0.301866
0.68676
0.108383
0.334883
1.41907
1.3911
0.493207
0.187045
0.591957
0.144427
0.38237
0.666841
0.470937
0.0528034
1.06055
0.0427404
0.259775
0.601657
0.348796
0.391265
1.29014
0.808376
0.185154
0.294485
0.625036
0.298756
0.330756
0.540927
0.481442
0.118851
0.652843
0.33357
0.338836
0.546668
0.50872
0.616408
0.201727
0.461645
0.424403
0.7423
0.170531
0.298028
0.0706408
0.333502
0.434675
0.820967
1.06423
0.30677
0.193919
0.159219
0.588313
0.703418
0.599668
0.0984785
1.16015
0.612679
0.45075
0.416346
0.194966
0.483105
0.471479
0.871299
1.13957
0.491269
0.579378
0.340152
1.68544
0.384671
0.242526
0.236889
0.496344
0.466059
0.0766008
0.334448
0.748668
0.131345
0.210046
0.276599
0.775864
0.7539
0.037253
0.186393
0.496043
0.855789
0.691105
1.51433
0.66435
0.0725603
0.63452
0.688166
0.470764
1.39267
1.03517
0.957605
0.0702269
0.550729
0.187876
0.360797
0.259418
0.336437
0.427339
0.413439
0.744857
0.874606
0.160424
0.821106
0.778139
0.509546
0.130692
1.03912
0.378701
0.913707
0.158058
0.617468
0.177825
0.622617
0.601749
0.951164
0.46593
0.132916
0.464195
0.184704
0.178763
0.466222
0.265203
0.444923
0.506975
0.379037
0.367635
0.23138
0.067392
0.245957
0.138584
0.217137
0.424257
0.620574
0.18994
0.190438
0.720025
0.374918
0.414736
0.19449
0.268956
0.378212
0.677913
0.0647075
0.332564
1.01459
0.286585
0.408544
0.0716101
1.16331
0.652391
0.500039
0.524399
0.586044
0.997618
0.53239
0.198982
0.159769
0.643314
0.215267
0.655691
0.242368
0.424189
0.3822
0.590737
0.349503
0.898883
0.511825
1.0369
0.325344
0.132044
1.09549
0.707948
0.612912
1.26495
0.547936
0.437991
0.253887
0.57898
0.457992
0.585714
0.28025
0.642242
0.319664
0.394688
0.295667
0.121268
0.351265
0.06381
1.03736
0.838512
0.464275
0.682127
0.904006
0.386861
0.778319
0.328509
0.295111
0.261575
0.0916357
0.287665
0.566168
0.121013
0.287776
0.379525
0.661124
0.391475
0.546388
0.619574
0.408799
0.377098
0.0886238
0.987324
0.348316
0.410583
0.194071
0.539562
0.883129
0.285882
0.270677
0.334109
0.96236
0.208048
0.591291
0.22208
0.0863766
0.53625
0.470259
0.165116
0.6416
0.471269
0.0807197
0.833441
0.270846
0.709954
0.12453
0.178203
0.354764
0.243163
0.662545
0.459351
0.578948
0.857635
2.05995
0.487406
0.2102
0.940593
0.231971
0.545967
1.11539
0.211622
0.589791
0.117787
0.312456
0.0783634
0.305389
0.473012
0.560639
0.344972
0.480345
0.450153
0.527096
0.198508
0.278847
0.292485
0.530039
0.591355
0.525372
0.575808
0.249319
0.569771
0.486696
0.625074
0.311239
0.427235
0.256355
1.55794
0.274211
0.936575
1.0166
0.180907
0.513724
0.334212
0.440163
0.175451
0.325961
0.176892
0.601032
0.292521
1.86415
0.454097
0.680021
0.309049
0.657242
0.276777
0.0400297
0.00897626
0.18707
0.259812
0.155184
0.643874
0.5206
0.240497
0.380617
0.0681394
0.506651
0.266081
0.287422
0.266462
0.984656
0.386855
0.38719
0.772972
0.578034
0.573211
0.342997
0.818584
0.438649
0.477634
0.112849
0.925591
0.00950875
0.333498
0.408153
0.150348
0.160707
1.47759
0.246482
0.150009
0.443758
0.129448
0.207959
0.0876545
0.169887
0.865084
0.476499
0.157645
0.617031
0.696007
0.516241
0.678276
0.186552
0.395706
0.846592
0.477143
0.455075
0.613726
0.247667
1.20469
0.418495
0.358066
0.0955089
0.373944
0.710081
0.601013
0.671828
0.156658
0.501843
0.374553
1.48464
1.77799
0.960638
0.558446
0.3109
1.27934
0.127973
0.412553
0.177028
0.49179
0.448585
0.299742
0.341601
1.15596
0.353288
0.224886
0.725374
0.348959
0.940872
0.385286
1.25878
1.60518
0.100429
0.674447
0.615726
0.315809
0.830864
0.0112835
0.441493
1.03213
0.339586
0.689234
0.629712
0.60215
0.259609
0.28788
0.472852
0.420005
0.902753
2.03244
0.171282
0.410358
0.802264
0.403568
0.226712
0.529651
0.197209
0.525116
0.172807
0.0281363
0.238242
0.319094
0.784742
0.139651
1.38892
0.0186936
0.286222
0.208567
0.089332
1.69863
0.251298
0.22295
0.178319
0.118665
0.258366
0.625343
0.961369
0.575565
0.952931
0.528423
0.67432
0.507349
0.462985
0.435392
0.374218
0.232697
0.328768
0.146336
0.806398
0.261759
0.695172
0.187362
0.0762649
0.191634
0.999758
1.07558
0.689511
0.183977
0.286189
0.162271
0.273134
0.882616
1.2904
1.14128
0.464374
0.345924
0.245187
0.267496
0.283265
0.393645
0.444824
0.686277
0.250505
0.472797
1.9985
0.750147
0.242904
0.383012
0.639289
0.266221
0.192385
0.0930372
0.791747
0.743938
0.229769
0.646101
0.906632
0.507131
0.129124
0.761308
0.149691
0.501547
0.207499
0.782108
0.531454
0.355924
0.641446
0.163894
0.607737
0.0782373
0.311999
0.245472
0.541818
0.503645
0.156814
0.4165
0.939102
0.804708
0.321204
0.848128
0.134004
0.893881
0.27113
0.259162
0.24124
1.84837
1.0845
1.3457
0.723114
0.12039
0.585474
0.0422389
1.2939
0.119439
0.246129
0.714349
0.611792
0.321305
0.432303
0.650835
0.45263
0.0460872
0.390945
0.208953
0.949936
0.289031
1.57633
0.28756
0.276689
1.23014
1.57674
0.588267
0.0154073
0.350838
0.472396
0.809817
0.562503
0.378561
0.39002
0.507468
0.67473
0.542332
0.554084
0.464278
0.235685
0.237101
0.723158
0.941129
0.651635
1.24853
0.490127
0.427387
0.170891
0.335482
0.747488
0.287688
0.150432
0.296719
0.0250091
1.10896
1.33974
0.549778
0.832139
0.341643
0.510073
0.440682
0.578501
0.289109
0.110445
0.382496
0.587894
0.716006
0.710803
1.21655
0.530663
0.366335
0.0894051
0.214185
0.460635
0.685871
0.387663
0.166748
0.793042
0.403628
0.24073
0.739202
1.06311
1.52081
0.265643
1.99449
0.57459
1.15795
0.432709
0.496569
1.5444
0.172653
0.270149
0.902461
0.332722
0.389966
0.057214
0.673043
0.652297
0.690057
0.861817
0.952784
0.0914555
0.249135
0.0342361
0.77557
1.5098
0.45036
0.163335
0.805952
0.259692
0.193505
0.295898
0.61514
0.913818
0.500312
0.990409
0.601479
0.698566
0.572446
0.447338
0.232877
0.392493
0.278804
0.333329
0.301445
0.0750374
0.802812
0.423571
0.974425
1.6535
0.551797
0.313516
0.362085
0.41433
0.295048
0.982656
1.09947
0.875798
0.810127
0.307192
0.0460866
1.28118
0.637556
0.464933
2.08394
0.720183
0.821031
0.77397
0.250213
0.299927
0.729216
0.10797
0.837401
0.56562
0.538025
0.337289
0.286937
0.236277
0.523545
0.30437
0.62888
1.02181
0.694544
1.48175
0.201162
1.55493
0.135551
0.695897
0.230809
0.435695
1.55533
0.354789
0.220571
0.26963
0.427823
0.737398
0.313376
0.169598
0.807592
0.673346
0.337581
0.271791
0.663816
0.549126
0.266152
0.413532
0.663498
0.264979
0.403037
0.400193
0.17367
0.725628
1.11008
0.307693
0.372126
0.562112
0.505003
0.189792
0.896084
0.634672
0.640843
0.244291
0.124505
0.797878
0.392926
0.141606
0.660326
0.421503
0.449989
0.237858
0.450223
0.543517
0.201264
0.368205
0.434402
1.31454
0.0893354
0.263796
0.20716
0.715265
0.498431
0.374378
0.508009
0.185371
0.403485
0.332016
0.184428
0.261519
0.156168
0.141729
0.140111
0.208076
0.222823
0.155338
0.121854
0.386608
0.189246
0.541319
0.420333
0.390079
0.455815
0.0550237
0.263445
0.267297
0.842611
0.351356
0.546914
0.406616
0.195602
0.281767
0.249943
0.181948
0.283371
0.374733
0.34762
0.412401
0.681231
0.108186
0.674066
0.260696
0.84123
1.03878
0.062783
0.556323
0.17897
0.242604
0.290384
0.730429
0.705865
0.988912
0.272324
0.186045
0.789666
0.436035
0.463931
0.461039
0.118966
0.131285
0.735389
1.06315
0.654631
0.510206
0.27978
0.203611
0.477541
0.950141
0.31681
0.731886
0.078641
0.227417
0.404575
0.766374
0.240665
0.543
1.17297
0.303725
0.441994
0.304668
0.64556
0.0323288
0.183709
0.444866
0.0842559
0.443434
0.484295
0.193504
0.312728
0.243361
0.168889
0.258896
0.84575
0.375511
0.271123
0.374912
0.012211
0.58697
1.09269
0.14959
0.621006
0.662285
0.815141
0.996046
0.412392
0.27159
0.381596
1.12046
0.736938
0.51097
0.780998
0.114922
0.27594
1.06781
0.365719
0.526606
0.258445
0.357665
0.225282
0.98595
0.389822
0.326299
0.105823
0.563316
0.311169
0.322486
0.298257
0.955671
0.405618
1.01746
0.678758
0.144511
1.05839
0.261004
0.308216
0.207088
0.834312
0.155686
0.167918
0.487538
0.230153
0.769955
0.152997
0.557536
0.576559
0.235177
0.214947
0.819196
0.403415
0.749663
0.24625
0.725796
0.906849
0.368997
0.84367
0.301847
0.880172
1.07465
1.323
0.819113
0.157039
0.406047
0.667876
0.554576
0.806111
0.613002
1.01332
0.186551
0.268048
0.197121
0.404137
0.226023
1.05978
0.216496
1.8859
0.641756
1.74726
0.0276826
0.64207
0.78102
0.720649
1.15885
0.522717
0.477122
0.862839
0.783871
0.356251
0.447097
0.463952
0.726571
0.1886
0.327028
0.349274
0.256977
0.100187
0.600954
0.482048
0.407733
0.247278
0.239127
0.148021
0.282208
0.806766
0.514803
0.660256
1.39138
0.537532
0.896899
0.333758
0.408464
1.13509
0.620468
1.25152
0.421337
0.555352
1.1175
0.374025
0.182237
0.254746
1.13526
0.840404
0.392405
0.168739
0.846651
0.693612
0.394278
0.141471
1.42383
0.0342781
0.714004
0.0997501
0.184873
0.804685
1.2144
0.710475
0.499388
0.410105
0.105209
0.832677
0.28798
0.380279
0.287046
0.157967
0.672686
0.0951942
0.304758
0.823487
0.401734
0.729156
0.8136
0.290757
0.320102
0.80349
1.01704
0.525047
0.181397
0.264814
0.38126
1.11774
0.335576
0.0875344
1.91543
0.433448
0.317329
0.295907
0.345929
0.566046
0.321275
0.114695
1.09269
0.117386
0.683535
0.255924
0.285948
0.674652
0.0750765
0.167529
0.942686
0.386095
0.796983
0.210378
0.387125
0.180376
0.639381
0.668882
0.377891
0.555235
0.467364
0.596982
0.324147
0.32945
0.340933
0.202328
0.315419
1.11367
0.139469
0.256018
0.23265
0.20698
0.508804
0.357638
0.352164
0.684807
0.264113
0.883217
1.35595
0.893272
0.261575
0.44952
0.4852
0.281784
0.854828
1.56082
0.629564
0.317982
0.413438
0.422215
0.965016
0.0531887
0.29259
0.971481
0.562561
0.815959
0.739914
0.494964
0.179181
0.262854
0.685461
0.349318
1.35237
0.260232
0.602936
0.487605
0.663985
0.271623
0.296302
0.271074
1.26731
0.194493
0.674942
1.19249
0.651975
0.137153
1.17819
0.371969
1.01857
0.38221
0.248438
0.100045
0.284365
0.444332
0.343372
0.146124
1.05233
0.458035
1.19434
0.154822
0.272126
0.946782
0.145379
0.26146
0.352356
0.428666
0.0784162
1.03205
0.131385
0.259619
0.417945
0.151434
0.346891
0.602558
0.45353
0.652552
0.278129
0.738897
0.138833
0.140477
0.991457
1.22032
0.742265
0.138729
0.752858
0.549518
0.476989
0.301689
0.252703
0.794223
0.647463
0.989318
0.427835
0.743107
0.403175
0.236262
1.04234
0.631477
0.175553
0.19429
0.387717
0.383503
0.173603
0.68306
0.15839
0.425619
0.262658
0.761989
0.486485
0.211672
0.701516
0.352406
0.447071
1.28389
0.502266
0.963478
0.726308
0.0776533
0.468998
0.121019
0.0622024
0.582832
0.146777
0.2078
0.515079
0.236211
0.231332
0.930538
0.0513787
0.355901
1.26599
0.499572
0.437094
0.217949
1.12767
0.416155
0.234524
1.98357
0.809596
0.444386
0.196764
0.493504
0.138021
0.521157
0.769612
1.44488
0.706394
0.322878
0.122346
1.04644
2.39189
0.268788
0.419877
0.174699
0.307676
0.29942
0.132305
0.511975
0.0869663
0.14698
0.268775
0.132647
0.665085
0.192237
0.720123
0.352785
0.205278
0.251224
0.30428
0.0633062
0.1945
1.10651
0.126977
0.567378
1.24597
0.384824
0.579697
1.03936
0.770573
0.176269
0.0284065
0.0485107
0.330026
0.90074
0.304251
0.129316
0.357198
0.60255
0.48224
0.397926
0.134483
0.130682
0.333485
1.06731
0.445594
0.487014
0.166104
0.844525
1.06244
0.595344
0.0995025
0.184643
0.661605
0.468621
0.445201
0.236747
0.388351
0.491896
0.766498
0.311935
0.715078
0.216328
0.199285
0.755617
0.898035
0.254961
0.152973
0.288327
0.586478
1.18518
0.501998
0.539799
0.446781
0.483484
0.378711
0.563133
0.752318
0.880723
0.158243
0.891222
0.525383
0.651491
0.203839
0.614308
0.334164
0.341935
0.649717
0.163043
0.0638354
1.22073
0.614298
0.323422
0.320149
0.459822
0.696286
0.0876115
0.281443
0.798551
0.42061
0.701015
0.430748
0.145324
0.350765
0.146156
0.539073
0.170989
0.407565
0.0887222
0.423792
0.305952
0.506938
0.426822
0.333071
0.475321
0.234607
0.258467
0.220866
0.223613
0.510036
0.0902351
1.62135
0.627729
0.355578
0.206971
0.198064
0.315892
0.244757
1.01094
0.899254
1.32251
0.969578
0.539043
0.0371645
1.0167
0.360614
0.450252
1.24925
0.739568
0.411646
0.0738481
1.44914
0.491496
0.447346
0.297244
0.306604
0.819812
0.359079
0.360906
0.289927
0.626254
0.179707
0.183066
0.539677
0.627097
0.602283
0.50407
0.317901
0.0736878
0.83016
0.55177
2.00694
0.365303
0.96306
0.209244
0.199627
1.66253
0.357509
0.795709
0.661387
0.516911
0.351765
0.569767
0.955214
0.568451
0.817743
0.742027
0.670032
0.919344
0.991438
0.738099
0.411793
0.886765
0.648627
0.501449
0.474406
0.0924406
0.591653
0.628221
0.583313
0.0971336
0.350459
0.615264
0.352334
0.574552
1.10275
0.196885
0.806852
0.0858256
0.257693
0.238224
0.0956561
0.515398
0.67253
0.670669
0.0736187
0.673021
0.477114
0.0273077
0.247183
0.0585354
0.17493
0.231342
0.116815
0.506225
0.238252
0.576643
0.263602
0.0699763
0.390105
0.600495
0.180258
0.229848
0.187285
0.39542
0.648734
0.101047
0.871363
0.195369
1.18329
0.139332
0.625772
0.158354
0.756872
0.282138
0.723021
0.732805
0.616234
0.491564
0.485534
0.66448
0.692512
1.01978
1.34072
0.456634
1.13014
0.516077
1.36978
0.283854
1.04739
0.224674
0.557363
0.382789
0.787006
0.296476
0.567084
0.62679
0.316168
1.04976
0.279381
0.933268
0.503228
0.380204
0.437868
0.67859
0.752374
0.52384
0.294987
0.350348
0.667873
0.605804
0.344043
0.705967
0.401708
0.218301
0.121409
0.507241
0.264622
0.291715
0.390552
0.486983
0.601435
0.517328
0.722828
0.959925
0.238235
0.327594
1.27532
0.305211
0.0754365
0.804971
0.0410233
0.349011
0.506188
0.665339
0.314009
0.852693
1.34661
0.106936
1.10341
0.194973
0.594471
0.143639
0.810964
0.679015
0.304312
0.736985
1.00141
0.473451
0.609798
0.274634
0.792971
0.133342
0.2196
0.677843
0.0272992
1.1377
0.665401
0.548051
0.451826
0.472328
0.603093
0.413913
0.140446
0.20687
0.211771
0.23456
0.208445
0.304635
0.576758
0.249132
0.359501
0.846692
0.562976
0.559019
0.121583
0.219914
0.554798
0.193805
0.299119
1.09204
0.380288
0.0300229
0.396777
0.110863
0.577617
0.515543
0.445072
0.347037
0.206155
0.330735
0.552795
0.483887
0.192808
0.786672
0.965953
0.883412
0.951634
0.201729
0.436048
0.512089
0.156334
0.77383
0.700165
0.843923
0.47289
0.567521
0.852323
0.39684
0.489404
0.0856779
0.362433
0.152675
0.73833
0.208751
1.02765
0.423253
2.24196
0.626492
0.666166
0.73277
0.255606
0.354949
0.259126
0.083625
0.370567
0.1074
0.110686
1.48988
0.337701
0.850083
1.0674
0.657021
0.169968
0.393274
0.352906
0.312728
0.795923
0.823957
0.198384
0.31924
0.143415
0.885243
0.742604
0.811159
0.90223
0.25003
0.103865
0.442726
0.173832
1.03029
0.285201
0.459075
0.350215
0.565306
0.00941417
0.123885
0.492952
1.19843
0.317674
0.578756
0.178453
0.312983
0.259999
0.270284
0.433936
1.2831
0.34685
1.01585
0.395611
0.369603
0.224384
0.255541
0.750296
0.398343
0.556768
1.17466
0.0642078
0.83098
0.208404
0.198929
0.351655
0.603507
0.442021
0.756126
0.413876
0.18401
0.415891
1.20205
0.14379
0.12093
0.0556024
0.106161
0.221858
0.325213
0.703771
0.203598
0.332436
0.932553
0.447858
1.41345
0.298499
0.543475
0.429126
0.265784
0.322246
0.479133
0.70698
0.24158
0.274195
0.245428
0.136782
1.80863
0.118667
0.561126
0.111158
0.17419
0.958836
0.341992
0.567964
1.13268
0.769604
0.365567
0.554716
0.276148
0.8329
0.16091
0.119224
0.285759
0.621213
0.59209
0.651641
1.41425
0.631472
0.331283
0.521148
0.872046
0.151426
0.312855
0.0830026
0.423474
0.10554
0.113759
0.363804
0.777323
0.106339
1.13805
0.355688
0.237522
0.0866947
0.696203
0.285139
0.78428
0.700596
0.492034
0.219082
0.355941
0.90087
0.231761
0.97311
0.427659
0.227564
0.86885
0.554487
0.874179
0.156288
1.02319
0.409789
0.253872
0.952159
0.619687
0.251573
0.224511
0.429933
0.469951
0.72478
0.322073
0.667133
1.13339
0.150227
0.0877741
1.27773
0.40097
0.28009
0.197212
0.829611
0.356073
0.853501
0.290904
0.712853
0.479022
0.286064
0.428289
0.318558
0.232943
0.456163
0.457748
0.585483
0.101307
0.2712
0.175961
1.96598
0.254508
0.379052
0.455016
0.91998
0.0753104
0.310596
0.267966
0.0697896
0.428193
0.233327
0.131274
0.115868
1.41059
0.32964
0.40595
0.404237
0.442328
0.22313
0.203098
0.905853
0.577122
0.397999
0.345506
0.453153
0.142359
0.292946
0.344697
0.275857
0.201291
0.485326
0.390265
1.058
0.333184
0.532729
0.215881
0.44767
0.583833
0.252166
0.535175
0.169892
0.161915
0.97373
0.166371
0.158318
0.45172
0.143682
0.122271
0.149774
0.363896
0.852626
0.599835
0.1613
1.29964
0.89695
0.733076
0.747427
0.750183
0.824684
0.107473
0.346384
0.217251
0.207542
0.732063
0.630663
0.17781
0.393553
0.224983
0.706528
0.513783
1.59647
0.920682
1.0801
0.415436
0.729922
0.23413
0.451141
1.17782
0.224154
0.690894
0.430877
0.192266
0.540846
0.461263
0.427343
0.344731
0.771236
0.470605
0.763815
1.13348
0.212897
0.487179
0.921646
0.54758
0.598716
0.0762244
0.217669
0.454407
0.495238
1.7794
0.214001
0.306407
0.778362
0.0506936
0.330258
1.09194
0.829639
0.24119
0.0665763
0.484462
0.800427
0.227174
0.27941
0.574465
0.502432
0.641311
0.101812
0.578432
0.375881
0.305138
0.498014
0.607025
0.533851
0.12763
0.0957212
0.396147
0.443092
0.446129
0.58567
0.638321
0.763162
0.527822
0.944174
0.383096
0.39875
0.307163
1.8495
0.209101
1.35374
0.202345
0.542054
0.378905
0.758216
0.269266
0.0223746
0.292798
0.534682
0.227572
0.241408
0.500469
0.074296
0.0851261
0.568318
0.273955
0.492826
0.304183
0.176804
0.223516
0.0990946
0.300686
0.521797
0.446522
0.143734
1.02305
0.410723
0.0838907
0.0848938
0.440679
0.798994
0.301015
1.06904
0.839754
0.488476
0.414576
0.0779534
0.960158
1.06341
0.222263
0.0790894
1.08036
0.314108
0.433468
0.382419
0.40847
0.203357
0.296977
0.44275
0.280989
0.202827
0.534635
0.478582
0.0641508
0.278062
1.20928
0.416649
0.359099
0.065642
0.242165
0.604793
1.17079
0.485676
0.379389
0.428548
0.434842
0.438696
0.592969
0.555118
0.136272
0.437991
0.361718
0.107765
0.828943
0.187525
0.651298
0.248148
0.475194
0.281501
0.317893
0.133189
0.638731
0.477923
0.189811
0.248071
0.392325
0.349325
0.612623
0.415023
0.733059
1.03563
0.258059
0.364867
0.228387
0.186253
0.717521
0.568089
0.102125
1.12624
0.0249903
0.91746
0.581597
0.108351
0.707526
0.308518
0.582208
0.240903
0.452793
0.761536
0.528244
1.13627
0.593766
1.2854
0.210531
1.05751
0.262128
1.00949
0.984075
0.121021
0.971617
0.504892
0.323224
0.12354
0.779452
0.219435
0.124924
0.460004
0.506313
0.275034
0.905714
0.519077
0.936917
0.133013
0.203975
0.202805
0.404386
0.244209
0.839661
0.692755
0.603991
0.800494
0.240437
0.212949
0.803088
1.28914
0.151325
0.233069
1.48537
0.73358
0.671777
0.842202
0.234449
0.811426
0.141458
0.742377
0.450498
0.746551
0.471208
0.619233
1.11856
0.667151
0.145845
0.162854
0.212076
0.467219
0.24998
0.993802
0.3437
0.743954
0.464944
0.402789
0.269522
0.337142
0.33028
0.317811
0.808903
0.362675
0.210758
0.326141
0.118096
0.561287
0.305549
0.16334
1.52015
0.19398
1.63726
0.522201
0.112672
0.469766
0.382224
1.00431
0.628385
0.64072
0.714922
1.23163
0.169997
0.686108
0.742041
0.302861
0.650017
0.155283
0.851757
0.359963
0.383554
0.495344
0.568396
0.328272
0.402854
0.395547
0.133288
0.896472
0.126642
0.230462
0.0730579
0.530112
1.0496
0.712555
0.143402
0.531928
0.59431
0.212805
0.475036
0.408473
0.436697
0.565458
0.779226
1.22604
0.337455
0.66617
0.633031
0.501211
0.334972
1.00951
0.454008
0.56605
0.813563
0.217011
0.536306
0.172244
0.347181
0.265399
0.302238
0.148526
0.570162
0.572274
0.603783
1.0498
0.669607
0.409303
0.550567
0.298124
0.226374
0.174229
0.390957
0.326536
0.741781
0.225082
0.72552
1.0168
0.398048
0.588536
0.449014
0.628432
0.810787
0.505557
0.130781
0.791063
0.1634
0.153299
0.438964
0.708802
0.298913
0.288989
0.495186
0.801155
0.379428
0.188448
0.0526925
0.627707
0.440458
1.12579
0.626851
0.0671827
0.851658
0.178751
0.617905
1.0965
0.109332
0.266691
0.165918
0.850481
0.565377
0.207713
0.551427
0.522022
1.00635
0.869643
0.363437
0.688436
0.412777
0.333181
0.495348
0.855157
0.500576
0.223686
0.355552
0.438484
0.597187
0.168808
0.258526
0.11847
0.483626
0.731982
0.184609
0.1076
1.17693
0.532486
0.135034
0.554754
0.876943
0.289863
0.516528
0.905511
0.19872
0.649423
1.05337
0.345241
0.729796
0.142429
1.39399
0.460012
0.721783
0.285929
0.0264734
0.454994
0.286244
0.428305
0.220524
0.623566
0.0896276
0.60216
0.439074
0.173991
0.483665
0.425276
0.0742966
0.452372
0.558151
0.903538
0.859837
0.402217
0.758157
0.411698
0.177515
0.108058
0.818342
0.189463
0.160821
0.485319
0.210017
0.726555
0.317624
0.156404
0.0910216
0.723931
0.246001
0.404697
0.74022
0.557703
0.521778
0.314892
0.885834
0.533897
0.442207
0.782667
0.235934
0.817969
0.86815
0.531814
0.341177
1.43268
0.46212
0.292403
0.372067
0.320284
0.670503
0.523689
0.483694
0.634932
0.336899
0.127995
0.751459
0.695012
0.555373
0.949317
0.511368
0.418304
0.58995
0.366829
0.0884144
0.10606
0.614679
0.0870775
0.168281
1.20122
0.971671
0.537629
0.216037
0.100293
0.310241
0.7057
0.00912453
0.867965
0.283456
0.273415
0.190893
0.384496
0.230702
0.375887
0.156065
0.528677
0.525345
0.924036
0.378434
0.294819
0.102621
0.407635
0.970452
0.81879
0.313221
0.710335
0.0943055
0.563024
0.29123
0.757175
1.04455
0.13955
0.549922
0.534416
0.44477
0.168137
0.241674
0.586648
0.557777
0.263917
1.0611
0.16169
0.201979
0.312723
0.766193
0.524556
0.237923
0.504637
0.399161
0.235277
0.453789
0.0914415
0.587427
1.32878
0.270118
0.464619
0.853935
0.556565
0.199406
0.403962
0.266423
0.695521
1.25537
0.141777
0.783004
0.532598
1.3375
0.851385
0.362785
0.0855956
0.801277
0.103017
0.24449
0.515914
1.13343
0.328556
0.547743
0.0886537
0.362614
1.12244
0.13455
2.57637
0.783585
0.0247161
0.587441
1.22201
0.281181
0.131037
0.0181385
0.849245
0.859698
0.681777
0.419555
0.558339
0.372963
0.390552
0.399317
0.176913
0.650946
0.537569
0.422598
0.127339
0.426444
0.21062
0.719605
0.582079
1.79908
0.180264
1.05899
0.785163
0.928481
0.436004
1.00806
0.0353742
0.760386
0.682205
0.241212
0.142536
0.710363
0.495251
0.412251
0.198355
0.224778
0.610522
1.07713
0.782424
0.43066
1.14684
0.556808
0.505589
0.962848
0.129751
1.53884
0.342766
0.839723
0.899237
0.211984
0.275726
0.0549321
0.40605
0.195046
0.456167
0.225434
0.811241
0.414146
0.270201
0.219755
1.09235
0.34106
0.170427
0.310142
0.502818
1.00036
0.478148
0.722816
0.806269
0.638649
0.426943
0.319535
0.105441
0.969343
0.729594
0.685053
0.479278
0.727728
0.189749
0.0880311
1.35655
0.642333
0.483861
1.07369
0.356501
0.158133
0.782734
0.0728757
0.277499
0.0703644
0.895131
2.92976
1.01258
0.611721
0.493296
0.35006
0.415749
0.806522
0.923645
0.232618
0.428207
0.633472
0.304639
0.536886
0.9039
0.395424
0.429747
0.743762
0.159064
0.264606
0.586229
0.858135
0.784951
0.12574
0.418456
0.612707
0.2355
0.915145
1.08759
0.282105
1.33252
0.121657
0.261858
0.165525
0.244496
0.554612
0.741596
0.214743
0.510336
0.181978
0.815123
0.279393
0.290933
0.913499
1.19533
0.880771
0.615699
0.298343
0.901156
0.305987
0.679411
0.143312
0.0578492
0.624316
0.543595
0.0352961
0.0950096
0.304524
0.0837483
0.255292
0.304216
0.301345
0.233757
0.378134
0.505006
0.697487
0.147031
0.185845
0.219401
0.275855
0.368308
0.688152
0.0980701
0.307306
0.47792
0.16091
0.44447
0.409391
0.164336
0.712061
0.706499
0.230692
0.697287
0.355841
0.393433
0.624139
0.547714
0.470467
0.172947
0.244744
0.427051
0.306572
1.97039
0.417691
0.236221
0.246836
0.181733
0.380948
0.594058
0.27289
0.239684
1.42145
0.474689
0.45258
0.499929
0.197484
0.448353
0.672167
0.144709
0.100221
0.756399
0.343909
1.08918
0.0488813
0.548587
0.853827
0.698003
0.329053
0.293823
0.764941
0.988212
0.571794
0.706366
0.876536
0.894838
0.172946
0.578359
0.0924876
0.58296
0.174502
0.638691
0.563511
0.683415
0.0691782
0.325433
0.289929
0.362361
1.02509
0.229727
1.48927
0.442648
0.36856
0.523873
0.17131
0.366945
0.181589
0.693139
0.108193
0.231208
0.517743
0.945568
0.283084
0.219821
1.79116
1.11224
0.62052
0.46149
0.031689
0.040959
0.951785
0.704071
1.13727
0.416141
0.612693
0.455038
0.424177
0.755541
0.210629
1.13505
1.60278
0.0261899
1.44531
0.25885
0.0999365
1.55917
0.406741
0.230487
0.858248
0.593306
0.331749
0.116648
0.317319
1.40891
0.646153
0.568899
0.84236
0.201276
0.908446
0.360816
0.779616
0.332356
0.573235
0.886182
1.28651
0.109287
0.878691
0.574874
0.478806
0.3171
0.521685
0.559623
0.348345
0.346017
0.871859
0.422146
0.879258
0.856081
0.419368
0.245832
0.690877
0.448301
0.952201
0.464769
0.349326
0.650506
0.395843
0.186878
0.761903
0.802609
0.968011
1.02961
0.412382
0.659678
0.435028
0.417751
0.834486
0.115865
1.61886
0.0668874
0.461812
0.230642
0.54618
0.0256325
0.245642
0.176982
0.440753
0.558387
