0
0.0875744
0.993123
0.301439
0.847515
0.302284
0.077097
0.0360521
0.425655
0.172981
1.47917
0.0332193
0.281163
0.220661
0.00849672
0.305853
0.95291
0.505094
0.448347
0.862133
0.0599201
0.378465
0.150688
0.0587669
0.394306
2.02466
0.235142
0.334506
0.0842857
1.32435
0.550391
1.59797
0.132687
0.179995
0.429965
1.16836
0.405908
0.956222
0.125606
0.18009
0.356807
0.17734
0.394729
0.391684
0.637904
0.516052
0.254791
0.778974
1.98993
0.585664
0.0985982
0.138574
0.0279404
0.476646
0.82401
0.33075
0.212184
0.769985
0.166923
0.231917
0.551467
0.0785483
0.139088
0.232453
1.17062
0.0520763
1.08124
0.601861
0.417968
1.54757
0.174213
0.593083
0.455023
1.13221
0.227502
0.945402
0.663766
0.480001
0.563556
0.657763
0.596835
0.330273
0.394983
0.373219
0.180318
0.849323
0.35452
0.0412456
0.221265
0.158093
0.31981
0.976987
0.380106
0.557511
0.270329
0.342002
0.226309
1.10498
0.572382
0.0908572
0.511662
0.0537013
0.599614
0.436607
0.641065
0.0599922
1.4684
0.538209
0.562042
0.0428188
1.1386
0.221934
0.551407
0.17548
0.376789
0.501171
0.170887
0.207406
0.125765
0.0767489
0.457739
1.4757
0.0631427
0.614479
0.065891
1.59244
0.455637
0.722434
0.54393
0.819036
0.0194312
0.395354
0.0538645
0.468964
1.52271
0.181512
0.735134
0.790588
0.13601
0.367261
2.03841
0.426975
2.0148
0.516212
0.575401
0.083729
0.676192
0.305333
0.160821
0.494862
0.862528
0.0848645
0.483833
0.0304488
0.137273
1.35463
0.385202
0.418893
0.202078
0.775139
0.0646874
0.334561
0.213644
1.87521
0.137568
0.474285
0.101995
0.463503
1.77717
0.352334
0.639041
0.0950952
0.285835
0.270718
2.18765
0.128991
0.364775
1.05036
0.466251
0.389139
0.381136
0.0165447
0.249817
0.225984
0.864179
0.0339089
3.52626
0.0402159
0.534153
0.156556
0.182057
1.04817
0.374214
0.193556
0.143508
0.717396
0.123931
0.296366
0.276039
0.0469214
0.0925976
0.0882969
0.284906
0.428704
0.505739
0.341455
1.48381
0.10706
0.14993
1.27797
0.434272
0.270153
0.316302
0.470731
1.24019
0.123032
0.755098
0.215484
0.0536873
0.336084
0.011325
1.10345
0.0544981
0.374206
0.478128
0.107904
1.29957
0.535572
0.115069
0.50546
0.637669
0.301959
0.240093
0.987397
0.339814
0.251482
0.342471
0.646431
0.106882
0.135465
0.355434
0.293649
0.359159
0.223584
0.309464
0.328981
1.49075
0.0518018
1.60311
0.299636
1.3812
0.216717
0.213476
0.193195
0.248537
0.409179
0.0377825
0.294522
0.957812
0.180834
0.279651
0.837813
0.297512
0.0504786
0.535931
0.0812899
0.605592
0.372392
1.20855
1.05721
0.781212
1.09219
0.287543
0.24015
0.46175
0.364464
0.27135
0.496296
0.604748
1.53672
0.575414
0.253989
0.592399
0.300786
0.591534
0.875601
0.578899
0.120266
0.563859
0.0160056
1.33339
0.261442
0.00760662
0.256363
0.757728
0.849972
0.332885
0.480197
1.14503
0.252283
0.89344
0.218229
1.04591
0.949919
0.265798
0.222521
0.6869
0.0506116
0.258416
0.254095
0.384191
1.09287
0.036569
0.321871
0.185055
0.613123
0.124193
1.24192
0.0912078
0.0928793
1.39301
0.722753
0.268588
1.9761
0.0598954
0.837449
0.212594
0.251141
0.0643181
0.203622
0.609826
0.694876
0.121633
0.0864679
0.00761288
0.0817013
0.105075
0.419961
0.590845
0.69949
0.0592677
0.423409
0.48697
0.22394
0.511831
0.0786259
1.09498
1.1367
0.0458669
0.134987
0.78808
0.271998
1.22658
1.33018
0.0103379
0.500078
0.668407
1.07603
0.36085
1.06429
0.227427
0.00641927
0.524273
1.18538
0.540148
0.525838
0.680302
0.909113
1.78051
1.6422
0.607264
0.20056
0.2014
0.0276381
0.882019
0.0126564
0.152003
0.461086
1.11691
0.561796
0.653273
0.378062
0.176325
0.375252
0.322424
1.12611
0.666681
0.189755
0.129835
0.0108443
0.581184
1.32788
0.458303
0.321561
0.333938
0.429353
0.282452
0.383376
0.581757
0.120184
0.0569
0.521599
0.846933
0.448891
0.480126
0.45414
0.341886
0.168502
0.0370766
0.372161
0.503061
0.624817
0.122226
0.249728
0.132969
0.310621
0.0835303
0.344682
0.093794
0.340091
0.642972
0.0707172
0.167678
0.0296322
0.527466
0.0410052
0.226673
0.17923
0.148938
0.0433035
0.052339
0.785384
0.501921
0.00631783
0.0864404
0.147249
0.596232
0.191038
0.109184
0.475991
0.779676
0.189346
0.967202
0.0402173
0.0531791
0.0653373
0.262926
0.148104
0.287457
0.0457495
0.835982
0.808115
0.270812
0.0186047
0.0234481
0.157907
0.588596
0.080777
0.0695987
0.307752
0.00874127
0.430117
0.407314
0.0502825
0.275375
0.268868
0.0496456
0.454497
0.388213
0.514457
0.102845
0.176909
0.172024
0.186249
0.429199
1.00663
0.65507
0.0083841
0.228858
0.404651
0.500883
0.443275
0.0165396
0.320477
1.3642
2.28583
0.339423
0.479831
0.0316954
0.281644
0.167568
0.0180994
0.127283
0.558669
0.617532
0.0324954
0.338481
0.0818601
0.0182158
0.105802
0.335798
1.00748
0.101911
0.130726
0.197476
0.334907
0.416997
0.0756372
1.32489
0.325886
0.0112223
0.365678
0.986952
0.0720312
0.309896
0.52829
0.130974
0.328211
0.389249
0.831181
0.5651
0.296205
0.0495843
0.52909
0.235548
0.515458
0.38051
0.593566
0.84641
0.147648
0.435239
0.238001
0.39759
0.152312
0.184775
0.34468
0.343489
1.64394
0.800231
0.000778915
0.00408798
0.622372
1.28417
0.771695
0.871249
0.133761
0.347919
0.23226
1.03618
0.139109
0.178419
0.17687
0.25326
0.112224
0.401958
0.114195
0.325213
0.626447
0.199806
0.181565
1.93816
0.0317431
0.18339
0.374509
0.516377
0.642707
0.116273
0.502509
0.185779
0.235305
0.061732
0.361893
0.0231424
1.52704
0.121427
0.0463813
0.557056
0.0463842
0.316836
1.26396
0.0480521
0.117807
0.539052
0.61966
0.377496
0.375419
0.813503
0.871859
0.0541383
1.60226
0.707023
1.42706
0.388752
0.32538
0.290533
0.29895
0.151397
0.151048
0.348458
0.0329081
0.175291
0.253201
0.212147
0.439473
2.51176
0.0530226
0.0620506
0.27401
0.0220123
0.0685471
0.568296
0.671482
3.34913
0.754416
0.321401
0.161915
0.542301
0.768513
0.0922459
0.383523
0.43461
1.52049
0.55721
0.256579
0.587789
0.899498
1.22247
0.509458
0.264836
0.101705
4.31501
1.85186
0.247817
0.140683
0.164091
0.642678
1.34354
1.71669
0.560893
0.0503485
0.309823
0.352397
0.00901109
0.7132
0.169601
0.357311
0.450264
0.0629968
0.32301
0.629462
0.0894993
1.47919
0.605291
0.0637564
0.119945
0.167758
0.304559
0.103283
0.211137
0.594348
0.206411
0.0894038
0.0669857
0.381144
0.314976
0.150029
0.788644
0.0542842
1.49929
0.272085
0.0580481
0.122999
0.252497
1.06905
0.0325927
0.375494
0.499198
0.0532451
0.07133
0.27301
0.389795
0.0882287
0.805688
0.61396
0.467406
0.0603449
0.164429
0.127648
0.323087
0.342668
0.121747
0.322944
0.608364
0.811268
0.511481
0.366066
0.0751571
1.00714
0.512862
1.37899
0.234358
0.699329
0.953838
0.0554515
0.387033
0.0581506
0.374455
0.0803207
0.0392582
0.0718867
0.318806
0.286959
0.166478
0.0358564
1.00484
0.602632
0.531029
0.8846
0.238402
0.151038
0.0281539
0.413258
0.421477
0.495158
0.101493
1.11839
0.533817
0.121831
0.0296053
0.540975
0.13029
0.804526
0.676589
1.65564
0.0091307
0.360498
0.186466
0.758943
0.423975
0.0382667
1.18803
0.223996
1.05334
0.503497
0.0546269
0.355417
1.56718
0.252229
0.113037
0.136728
0.244811
3.2851
0.526764
0.380289
0.119012
0.603197
0.474396
0.116765
0.356451
0.255541
0.34789
0.141672
0.776399
0.042236
0.296103
0.503249
0.832071
1.1878
0.826213
0.636304
0.803713
0.690707
0.525503
0.204657
0.00925921
1.29919
0.380399
0.0902581
0.326291
0.766374
0.808507
0.552168
0.828826
0.530005
0.0898451
1.29474
1.06234
0.239508
0.417989
1.12702
0.00169854
0.469103
0.786
0.653199
0.0751421
0.370516
0.0310048
0.47038
0.503433
2.45772
1.0114
0.0586976
0.0930773
1.1825
0.357274
0.326077
0.394076
0.107261
1.22167
0.356343
0.420664
0.0761979
0.185019
0.848416
0.361839
0.409409
0.406685
0.486434
1.82526
0.400447
0.332594
0.207204
0.0225892
0.249191
0.231006
0.207799
0.19275
0.392562
0.110059
0.740054
0.315376
0.546259
0.450803
0.516524
0.031606
0.881903
0.00281098
0.333512
0.290334
0.0646021
0.185737
0.0127837
0.0650494
0.249514
0.206523
0.126206
0.0236734
0.935505
0.197453
0.0895171
0.0755146
0.984619
0.667743
1.01152
0.152738
0.590735
0.154534
0.0653374
0.587035
1.04647
0.443346
1.22868
0.0242896
0.00296342
0.165255
0.182087
0.143455
0.206254
0.156037
0.00950423
0.972468
1.45249
0.307124
0.961567
0.491568
1.15869
0.276352
0.250564
1.49139
0.396295
1.20682
0.0991548
0.243591
0.338142
2.04719
0.227951
0.983493
0.194519
0.395579
0.674847
1.33296
0.337028
0.667525
0.618409
0.785908
0.0436304
0.4275
0.044694
0.524823
0.0999669
0.818501
0.751359
0.341671
0.141118
0.0765779
0.120351
0.147467
0.00791776
0.194211
0.0845113
0.0114982
0.33001
0.571797
0.114418
0.873227
0.0881478
0.125389
0.142507
0.455364
0.552592
2.4653
0.127666
0.087333
0.627701
0.263147
0.237665
0.18053
1.16363
0.0956838
0.410232
1.7349
0.287795
1.18965
2.76679
0.363467
0.488604
0.0817741
0.084439
0.509825
1.4197
0.134575
0.262165
0.424663
0.971731
1.1372
0.103858
0.792416
1.11336
0.20453
0.458337
0.734137
0.206312
0.738111
0.418496
0.284339
0.0229297
1.6461
0.296866
0.899705
0.320334
0.75292
0.0862563
0.381506
0.21862
1.19003
0.271198
2.28931
0.201472
0.755933
0.00356319
1.39493
1.19199
1.2656
0.741301
1.54487
0.289639
0.279346
0.246689
0.0382694
0.120236
0.395716
0.274471
0.0784195
1.4283
0.114409
0.270828
0.663176
0.412898
0.0258291
0.489465
0.286826
0.357147
0.223704
0.484568
0.0289915
0.202986
0.64697
0.0832217
0.115229
0.328251
0.554769
0.142985
0.847587
0.00691815
0.0290056
0.450651
0.210363
0.966515
0.0726213
0.620329
1.03393
0.465897
0.493116
0.318559
1.98105
0.75095
0.244044
0.0712212
0.7806
0.351269
3.19986
0.346915
0.542982
0.0579644
0.265984
0.04052
0.473653
1.45173
0.65562
0.1656
0.602479
0.118731
0.0127217
0.367815
1.04478
0.054908
0.255424
0.188763
0.090117
1.40034
0.180085
0.369053
0.908447
0.122516
0.573348
0.0599048
0.149133
0.35675
0.704712
0.13391
0.156134
0.00336341
0.203262
0.0850676
0.675382
0.0425334
0.0569883
0.422339
0.071569
2.28284
0.362264
0.0207981
0.494397
0.811328
0.105685
0.308747
0.807445
0.612546
0.941321
0.41084
0.364563
0.489535
0.458985
0.0290515
0.346152
0.257666
0.266435
0.0621612
0.0646743
0.637853
0.421303
0.886856
0.825079
0.04914
0.689104
0.0373801
0.777917
0.909024
0.22176
0.00905792
0.276917
0.229586
0.163701
0.421767
0.259652
0.889043
0.090274
0.854631
0.292443
0.150241
0.771982
0.366351
0.77368
0.228435
0.218237
2.04323
0.235751
2.2829
0.179421
0.372007
0.205469
1.25074
0.427781
0.0121465
0.875506
0.596004
0.395567
0.184103
0.958313
0.0251545
0.0487634
0.201908
0.120231
0.447465
0.191573
0.0559575
0.512205
0.674874
0.480971
0.226029
0.599625
1.60086
1.13455
0.0442022
1.42228
0.0357151
0.375416
0.895057
1.29721
0.000928671
0.305074
0.0562126
0.172453
0.528734
0.135016
0.273103
0.234283
0.030354
0.362443
0.112039
0.0263072
0.152987
1.40978
0.0816612
0.306312
0.288758
0.285435
0.00375113
0.501432
0.273808
0.643797
0.838736
0.229892
0.128372
0.460442
0.156115
0.148901
0.441687
0.303915
0.975157
0.461665
0.15165
0.787748
0.400791
0.0421848
0.405623
0.182156
0.184468
0.16992
0.612268
0.224239
0.249766
0.0824944
1.23902
0.70019
1.65368
0.00198485
0.186946
3.50199
0.0802283
0.0829918
0.150271
0.177878
0.140504
0.693723
1.56107
0.689681
0.532774
0.300668
0.0558271
0.257654
0.517749
1.00005
0.0445536
0.119023
1.24334
0.0468411
0.367148
0.0254766
0.168548
0.132046
0.782888
0.199165
0.703621
0.459667
2.27418
0.319517
1.86386
0.707487
0.0355164
0.679818
0.156801
0.111966
0.183881
0.228705
0.122854
0.455013
0.0971813
0.4333
0.166054
0.150608
0.400056
0.0856738
0.177619
0.388457
0.853762
1.36829
0.985256
1.24023
0.10519
0.183697
0.3803
0.0610433
2.17239
0.456692
0.976564
0.492419
1.51064
0.0615562
0.745456
0.350334
0.494167
0.602807
0.0873748
0.176858
1.63364
0.433284
0.00534769
0.88395
0.0761173
1.09386
0.144231
0.210616
0.0178989
1.58684
0.102345
0.459275
0.00869892
0.468711
0.193299
0.214864
0.733232
0.375003
0.234105
0.191126
0.652568
1.23369
0.181621
0.352061
0.946126
0.0634609
0.088107
1.0392
0.441065
0.69168
0.404011
0.438578
0.706968
0.707484
0.256545
0.594657
0.0605327
0.680956
0.531248
0.0121973
0.756929
0.862182
0.578431
0.203767
0.698263
0.317941
0.771123
0.879498
0.479594
0.0960803
0.0275143
0.136207
1.01281
0.242705
1.17269
0.785948
0.64902
0.153249
0.477944
0.388111
0.244271
0.0227836
0.948928
0.378933
0.271617
0.204779
0.426033
0.0665887
0.821473
0.886489
0.180231
0.700411
2.47735
0.989752
0.386553
0.130943
0.425468
0.0933841
0.212175
0.43649
0.485038
0.672873
0.559881
0.0923487
0.0603632
0.344737
2.59123
0.188872
0.0712602
0.535607
0.199712
0.0290889
0.666792
0.575931
1.08307
0.168603
0.00313485
0.179276
0.104437
0.485197
0.19663
0.652586
0.0451269
0.132443
0.517451
0.415139
0.548557
1.01098
1.659
1.14094
0.515851
1.36584
0.131507
0.175881
0.220919
0.327213
0.0155075
1.93628
0.708106
0.295675
1.19444
0.670988
0.0582271
0.440923
1.10048
0.509082
0.157281
0.647459
0.628064
0.0367083
0.746418
0.978817
0.154345
0.156694
2.8145
0.0552443
0.877724
0.307548
0.289555
0.107286
0.230949
0.301335
0.555288
0.21007
0.157747
0.142189
0.390371
1.02355
0.425791
0.27726
0.903586
0.312447
0.21474
0.0123201
0.255109
1.51036
0.122849
0.805941
0.347526
0.622506
0.276505
0.0293615
0.349577
0.613208
0.35587
0.414486
0.144314
0.893471
0.526634
1.12974
0.354033
0.303856
0.671811
0.665098
0.196805
0.481044
0.579818
0.153532
0.667921
1.3703
1.69401
0.0845267
0.509257
1.09516
0.0819153
0.236333
0.0764419
0.208781
0.988591
0.0611555
0.399195
0.84601
0.377756
0.209218
0.0243117
0.302585
1.04843
0.310213
0.328788
0.722929
0.29532
0.147466
0.168488
0.0700548
0.310346
2.12642
1.61355
0.953415
0.546586
0.139714
0.510602
1.57132
0.228951
1.64787
0.031832
0.49085
0.16554
0.0591799
1.00183
0.228901
0.562615
0.120179
0.193457
0.411564
0.218118
0.617886
0.912804
0.591361
1.94689
1.43806
0.249669
0.0313681
0.563206
0.0963577
0.278459
1.21833
0.228669
0.778976
0.597261
0.673164
0.059042
1.63744
0.37768
0.511025
0.0906538
0.847373
0.134786
0.137219
0.491474
0.053335
0.636718
0.444666
0.441056
1.17485
0.0229893
0.672304
0.544554
0.0701221
0.215948
0.070906
0.157281
1.06466
0.214697
0.0287982
0.337494
0.108018
0.469645
0.491344
0.197763
0.493338
0.691319
0.805986
0.550238
2.01999
0.107406
1.10844
0.575214
0.363042
0.103186
0.47638
0.483048
0.369814
0.12138
0.812799
0.00453
0.480333
0.565629
0.182651
0.380738
1.21349
0.253096
0.98192
0.381371
0.722782
0.78956
0.326454
0.126107
0.00575497
0.49619
0.0186284
0.432501
0.0970611
0.173781
0.4476
0.456075
0.138597
0.0325739
0.14273
0.517122
0.637434
0.130315
0.7257
2.73998
0.162635
0.406572
0.133509
0.0617553
1.09998
0.0974639
1.00354
1.13418
0.151829
0.248229
0.208294
0.113021
0.608478
0.0358077
0.264217
0.61823
0.433933
0.19711
0.663673
0.064019
0.393644
0.343436
0.98448
0.000633441
0.176603
0.239206
0.00542863
0.198439
0.401703
0.421799
0.439617
0.218003
0.140863
0.317979
0.479981
0.752553
1.18634
0.120999
0.658341
0.612911
0.0901749
0.17888
0.227024
0.102962
0.430611
0.480584
0.194441
1.02037
0.801885
0.0626694
0.00663933
0.137054
0.160574
0.0718101
0.727318
0.578333
0.925997
0.308691
0.74785
0.0487412
0.381201
0.335997
0.0175939
1.25823
1.3612
2.57031
0.036546
0.0840098
0.0684708
0.627413
0.30321
0.520378
0.366175
0.177332
0.244776
0.050061
0.072876
1.13752
1.47917
0.854709
0.604268
0.0287945
0.00365939
2.22867
0.368295
0.221061
0.532618
1.52075
0.546464
1.27861
0.017018
0.821726
0.164194
0.504183
0.520044
0.390186
1.08318
0.778434
1.83804
0.381094
0.238319
0.499302
0.305197
0.0138016
1.25574
0.0285251
0.725971
0.264086
0.106727
0.265973
1.67257
0.548903
1.10319
0.296342
0.0048671
0.328096
2.27628
0.0248856
0.261447
1.61907
0.201573
0.323973
0.0848458
0.22091
0.256583
0.467138
2.03542
0.0193117
1.77626
0.0328325
1.40062
1.31408
0.0292571
0.276413
0.246277
1.96284
0.85888
0.219247
0.00534589
0.0865724
0.361052
0.326315
0.948736
1.54862
0.504949
2.26328
0.253479
0.381994
0.0326725
0.416873
1.15757
0.675345
0.372027
2.67945
0.0181187
0.255956
0.00709075
0.535682
0.349269
0.807164
0.471864
0.503468
0.543576
0.133611
0.157859
0.418431
0.763463
0.209617
0.0427142
0.208647
0.701176
0.0236749
0.158185
0.831441
0.0512103
0.279569
0.346035
0.247755
0.236686
0.932803
0.327139
0.0910362
1.18832
0.325987
0.280129
0.129036
0.0368854
1.39484
0.624284
1.48678
0.00344327
0.715927
2.28596
0.262406
0.0433912
1.42412
1.14083
0.0945937
0.117687
0.425403
0.13541
0.542728
0.214039
0.328651
0.00351441
0.770328
0.0214793
0.351383
0.413685
0.349307
0.0502936
0.302982
1.35278
0.121997
0.479466
0.00363385
0.600037
1.07686
0.134882
0.775534
0.187742
0.355457
0.481052
0.830771
0.442395
0.245653
0.150068
1.91706
0.0507125
0.47353
0.495209
0.859162
1.0295
0.149992
0.368715
0.153305
0.418276
0.982632
0.330508
0.856131
0.460626
0.116785
0.228052
1.56381
0.140818
0.310783
0.113675
0.446593
0.728222
0.623483
0.365057
0.170747
0.0435462
0.03572
0.0109514
0.480516
0.0638068
0.712357
0.434206
0.651252
0.412514
1.05325
0.66568
0.0224623
0.292678
0.88367
0.439233
0.183583
0.254388
0.0851134
1.036
0.480863
0.30465
0.234582
0.786217
0.0110003
0.0393107
0.25645
0.655904
0.259999
0.080627
0.988687
0.0370663
0.324986
1.16678
0.517298
0.0361054
0.0919411
0.252879
0.586067
0.0366149
0.264037
1.60206
0.650151
0.171464
0.0254912
0.41486
0.676315
0.246572
0.241184
0.163092
0.0456663
2.55908
0.0435593
0.113424
0.33987
0.604214
0.0146748
0.151761
0.07999
0.0897753
0.0894104
1.21769
0.215144
0.830301
0.500318
0.265073
0.463321
0.00290687
0.762381
0.951134
1.10272
0.188758
0.134739
0.287132
0.480195
0.0571381
0.124792
0.514392
0.845164
0.00386498
0.277571
0.141516
0.255369
0.342624
0.709296
2.13061
0.0857464
0.00603234
0.641958
1.09869
0.446188
0.0417815
0.992711
0.123009
0.0330697
0.0558316
1.1748
0.114348
0.449455
0.287461
1.47547
0.510261
0.155769
0.522758
0.391931
1.48899
0.0878513
2.02376
0.0378302
0.21796
0.58571
0.978873
0.657072
0.712626
0.118882
0.806669
0.871284
0.604907
0.111435
0.467682
1.18772
0.370556
0.453756
0.0553947
0.76553
0.234547
0.662833
0.308657
0.90428
0.131469
1.26925
0.43285
0.447388
1.27616
0.0943272
0.104032
0.319881
0.599653
0.630841
0.437633
0.547545
1.11381
0.182206
0.00776154
0.202314
0.0469717
0.396403
0.219675
0.628264
0.267518
1.26269
0.0296588
0.526679
0.0913334
0.479579
0.235736
0.0465538
0.584416
0.409709
0.00701452
0.165058
0.281011
0.148505
0.1499
1.65258
0.925973
0.124834
0.680709
0.209832
0.782687
1.08511
0.514674
1.03331
0.580188
0.315954
0.564429
1.47293
0.000572835
0.220112
0.534076
0.337348
0.223154
0.333573
0.195827
0.63282
0.158729
0.391204
0.131325
1.73788
0.064315
0.0849121
0.781151
0.169902
2.47839
0.134647
1.59466
0.384336
0.44523
0.513611
0.204245
0.582307
0.249117
0.0254161
0.755899
0.578051
1.34689
0.221879
0.432524
0.63623
0.65371
0.208194
0.213522
0.834156
0.119951
0.552522
0.378978
0.99385
0.65327
0.0928919
1.14155
1.58317
0.0729959
1.1831
0.295704
0.384438
0.223579
0.0925242
0.817093
0.00328125
0.448016
0.0238286
0.0568495
0.138461
0.0997413
0.270741
0.0255318
0.0078464
0.282159
0.470621
0.536156
0.439523
0.103836
0.496639
0.51073
0.280068
0.16635
0.0129578
0.720687
0.0690142
0.222525
0.0737923
1.70296
0.191101
0.438102
0.949631
0.241676
0.788973
0.530961
0.470518
0.0936898
0.183653
0.137047
0.763277
0.65757
0.509296
0.552496
3.52187
0.497461
0.250685
0.0326498
0.398943
0.118074
0.171672
0.0886655
0.450575
0.0947742
0.859771
0.0419377
0.152654
0.0359309
0.00868621
0.442923
0.29794
1.14761
0.20259
0.041506
0.651951
0.702375
1.20511
0.752228
0.26445
0.0674475
0.336173
0.196435
0.643215
0.161249
0.022213
0.962521
0.697957
1.11036
0.75305
0.00326331
0.766649
0.0518994
2.67009
0.0430159
0.124795
0.0695195
0.831577
0.928193
0.0762573
0.0162769
0.756487
0.121498
0.52655
2.55265
0.572745
0.434743
0.274801
0.101157
0.68271
3.23396
0.208415
0.274441
0.0793057
0.259909
0.00939013
0.997135
0.0236746
0.175166
1.01337
0.987758
0.254506
0.0877848
0.823419
0.109803
0.722616
0.555191
1.31687
0.10703
0.854345
0.226869
0.52586
0.117343
0.751484
0.903016
0.109722
1.00801
0.125301
0.336561
0.277891
0.253284
0.243492
0.302825
0.416188
0.0293127
0.852093
0.125045
0.540738
0.129503
1.31809
0.358335
0.795756
0.00143138
0.538351
0.126401
0.154642
0.292374
1.14697
0.753745
1.21953
0.14162
0.702121
0.111741
0.738427
0.357391
0.245283
0.245558
0.632067
0.247395
0.0734075
1.08566
0.419932
0.125672
0.0491907
2.26869
0.421647
0.370477
0.684332
0.123911
1.664
0.458712
0.283387
0.550825
2.02995
0.0575713
0.618665
0.296569
0.515393
0.157768
0.439847
0.084632
1.13658
0.11918
0.0350721
0.577437
0.740958
0.238674
0.0802147
0.891194
0.33844
0.346015
0.433319
0.25157
0.136521
2.03564
1.01609
0.0945943
0.334819
0.0455384
0.22109
1.16849
0.325277
0.0880245
0.0232342
0.195555
0.0784502
1.33638
0.451103
0.127485
0.345279
0.188997
0.295234
0.0556871
0.309437
0.353882
1.22564
0.387478
0.461145
0.570486
0.737201
0.646394
0.0679711
0.689279
0.456158
1.6742
0.110751
0.0858762
0.489291
0.381182
1.42616
1.23681
0.252056
0.565412
0.402372
0.601757
0.97303
0.117691
0.0500741
2.04498
0.103893
1.31397
0.31386
1.90919
0.18008
0.220583
1.44927
0.491241
0.713833
0.340955
0.00774461
0.340916
0.0599026
0.743822
0.47496
0.14111
1.72404
0.689128
1.3763
0.0762286
0.208137
0.152654
0.140215
0.303231
0.0784183
0.1075
0.0559605
0.683496
0.495251
0.153334
1.0342
0.203828
0.119458
0.806551
0.190719
0.109343
0.0910303
0.187947
0.0379646
0.465001
0.870656
0.421871
0.0275553
0.566029
0.184557
0.506897
0.149676
0.866273
0.170591
0.0988292
1.31294
2.36594
0.0364823
1.44554
0.475992
0.393371
0.320642
1.46196
0.788703
0.0432043
0.646963
0.87172
0.886002
0.429509
0.572672
1.23318
1.3782
0.205309
1.2534
0.916338
0.470177
0.0394714
0.393371
0.193983
0.137764
0.218043
0.192566
0.193501
0.0991419
0.319389
0.572769
0.233086
0.112616
0.0318899
0.234565
0.543519
0.110192
0.191116
7.8915e-005
0.862581
0.459292
1.66846
0.238463
1.13051
4.17857
0.199507
0.0476484
0.384932
0.101715
0.0985276
0.325288
1.50812
0.617255
0.157147
0.464667
0.305956
0.454019
0.62478
1.10345
0.71957
0.00619761
0.605404
0.508523
0.660443
0.294191
0.583441
0.382358
0.673946
0.677613
0.354965
0.09388
0.395775
0.257766
0.137698
0.0964815
0.29305
0.384895
0.346812
0.455696
0.257191
0.197063
0.826924
0.106994
1.31097
0.131307
0.0981608
0.726324
0.311437
0.349215
0.242226
1.27554
0.627787
0.469579
1.26657
0.44085
0.442956
0.089666
0.242407
1.61394
0.904575
0.736553
0.672951
0.15007
0.0126407
0.0685444
1.59896
0.155151
0.730007
0.0819614
0.417293
0.191102
0.24917
0.351395
0.026319
0.10097
1.62012
0.727161
0.133676
0.0390672
0.4197
0.394038
0.499929
0.0280041
0.780074
0.155283
0.0706107
0.0349778
0.0137819
0.23988
1.1334
0.00120756
0.505411
1.12814
0.345295
0.189271
0.523024
2.14111
0.198395
0.361942
0.20337
0.00957781
1.62726
0.0757879
0.756999
0.100428
0.26045
1.79077
0.0445233
0.0543876
0.152247
0.108731
0.57698
0.952394
0.294284
0.00227005
0.0964606
0.128649
0.265314
0.0418553
0.587654
0.214168
0.408104
0.569128
1.1751
0.145561
0.33996
1.0482
0.431515
0.0686895
0.547152
0.513818
0.0349232
0.00263765
0.6214
0.0292408
0.0605567
0.684793
0.0322918
0.070075
1.31258
0.29688
1.62366
0.137108
0.108678
0.0760497
0.118149
0.0190085
0.558486
0.518012
0.420615
0.270662
0.59689
0.161039
0.911683
0.399318
0.419631
0.609984
0.165584
0.0267351
0.801813
0.92512
0.115892
0.0313647
0.678823
0.075537
0.996144
0.198107
0.660989
0.688006
0.303747
0.0792209
0.845851
0.0275783
1.97294
1.43504
0.376325
0.034783
0.568169
0.00712619
0.00686715
0.290212
0.0273981
0.543528
2.16269
0.935706
1.21973
0.164986
1.28533
1.05633
0.167363
0.0060447
0.0158957
0.986089
0.505482
0.147645
1.64432
0.114766
2.56476
0.84573
0.0426979
0.703433
0.0129156
0.95946
0.0369372
0.109058
0.37256
0.696659
0.280978
0.179408
1.61789
0.198679
0.123181
0.780962
0.117754
0.409596
0.457276
0.141485
0.0179571
0.61051
0.152942
0.170656
0.373476
0.471713
1.84619
0.339305
0.603549
0.548425
0.0274314
0.192771
0.100291
0.267253
0.365928
0.280125
0.192591
0.104311
0.517919
0.582574
0.114525
0.441246
0.891985
0.485258
0.15265
0.828618
0.685942
0.787709
0.240234
0.00895028
1.04671
0.626669
0.222105
0.0969482
0.195813
1.14974
0.527584
0.265489
0.212108
0.0741144
1.13957
0.901426
1.45479
0.235025
0.0476765
0.80014
0.622851
0.365046
0.708145
0.273338
3.46072
0.922909
1.13796
1.39775
0.150166
0.498947
1.16401
0.155967
0.291174
0.0308334
1.98147
0.307407
0.691104
0.439046
0.277319
1.30301
0.618871
1.06282
0.106606
0.845624
0.662127
0.0840045
0.41439
0.0365276
0.224214
0.9144
0.057546
0.942421
0.0923253
1.0642
0.263198
0.17123
0.10924
0.828395
0.0267135
0.399007
0.720667
0.00684479
0.338302
0.166033
0.786227
1.07607
0.254136
0.204288
1.32986
0.236513
0.328423
0.0402601
0.475144
0.358115
0.280254
0.0264894
0.198681
0.221806
0.0714142
0.0709829
0.164553
1.53081
0.293068
0.365412
0.0107947
0.0277068
0.608336
0.0961996
0.0230151
0.542453
1.67106
0.107847
0.340157
1.84704
0.193497
0.180671
1.18179
0.273499
0.263417
0.308723
0.445956
0.497837
0.15831
0.248084
0.0123786
0.460385
0.146975
0.450677
0.18117
0.470814
0.0718828
0.14241
0.0587085
0.788394
0.117423
0.867781
1.40485
0.333031
0.0983926
0.205022
0.0919781
0.306507
0.394104
1.28716
0.710768
0.550413
0.747639
0.425674
0.469208
0.0787089
0.0218613
0.563452
0.0828429
0.437908
0.155015
0.0912091
0.0660002
1.51991
0.235854
0.958838
0.286879
0.461446
1.25749
0.031642
0.839639
0.0677874
0.0757366
0.023828
0.217399
0.19706
0.483245
0.563484
0.577634
0.708879
0.0168285
0.311177
1.0356
0.485121
0.142986
0.028206
0.581594
1.43011
0.524037
0.0291435
0.460376
0.493849
0.381134
0.527354
1.11763
1.4553
1.56754
0.47929
1.48401
1.11734
0.501617
0.055461
1.6059
0.375078
0.735653
0.310683
0.323752
0.0774867
0.628911
0.114763
0.0417469
0.89576
0.658293
0.207008
0.182561
0.754354
0.410418
1.25736
0.215807
0.0164042
1.43298
0.233296
0.362116
2.62554
0.267826
1.22575
0.251056
0.237825
1.61436
0.47679
0.957827
0.819524
0.155522
0.464914
0.881329
0.350436
1.14671
1.94963
0.669238
0.388436
0.821835
1.69828
0.0953897
3.25937
0.0707372
0.94638
0.330619
0.683915
0.789076
0.351625
0.256243
1.42902
0.69967
0.257292
0.214285
0.764681
0.106948
0.432916
0.426568
0.247324
1.22519
0.256062
0.897647
1.32179
0.46567
1.11904
0.317448
0.260645
0.193854
0.0686589
0.0478685
1.09297
0.141366
0.816777
0.00714159
0.289326
0.355417
0.407681
0.597181
1.34175
0.282369
0.421504
0.767381
0.00834705
0.0187281
0.180095
0.78754
0.949115
0.102595
0.285962
3.25311
0.0691386
0.0617163
0.571254
1.36792
0.0938496
0.183526
0.623923
0.407161
0.176143
0.28752
1.43581
0.506917
0.165725
0.0208344
0.815274
2.16279
0.0619846
0.0680163
0.861869
0.238619
0.0564246
1.4658
0.27953
0.21998
0.0232405
0.579643
0.837947
0.26776
0.0267245
0.0476491
0.617536
0.124042
0.139949
1.17076
1.32882
0.527723
0.0362622
0.766801
0.310417
0.0815687
0.0762738
1.34822
0.858247
0.275341
0.0718408
0.0364446
0.976961
0.223983
0.538581
0.893269
0.0370106
0.00848108
0.26488
0.300771
0.269116
0.405919
0.608638
1.56522
0.146476
0.541804
0.0983897
0.499883
0.00622539
0.109241
0.731292
1.33941
0.307272
0.249714
0.421632
3.31436
0.487145
0.237017
0.209118
0.133356
0.356949
0.293099
0.922686
0.00388961
0.646098
0.58999
0.28106
0.231868
0.352279
0.0677297
0.610509
0.471088
1.09265
0.122463
0.262905
0.0186138
0.394366
0.908085
0.79865
1.27539
0.301137
0.132578
0.0468163
0.105071
0.0872733
0.0128119
1.35296
0.2449
0.279952
2.2215
0.011361
0.604093
0.291644
0.0937467
0.208149
0.0830762
0.870314
0.195558
0.24247
0.233666
0.738225
0.163198
0.217182
0.238458
0.0812411
2.6066
0.44002
0.658573
0.00196571
0.941047
0.536657
0.57408
1.04994
0.134428
0.192927
0.56907
0.116903
0.756271
1.18306
0.219172
0.737875
0.232386
1.85739
1.41478
0.157648
0.187699
0.63403
0.90974
1.62459
0.135944
0.294005
0.329012
0.363326
0.776591
0.0752742
0.215914
0.103079
0.305167
0.894587
0.156228
0.525006
0.00395653
0.117247
0.0748098
1.54539
0.523942
0.222091
0.0769713
0.410095
0.258401
0.230385
0.0729136
0.577638
0.00892241
0.262318
0.0539256
0.0963662
0.509128
0.752353
0.775745
0.844106
0.128731
0.612642
0.445406
0.152418
1.07902
2.46208
0.0194338
0.180664
0.585053
1.70451
0.214613
0.0941887
0.464977
1.13892
0.171814
0.757366
0.587558
0.0308709
0.300945
0.172899
0.235889
0.119817
0.0295326
0.102696
0.38374
1.82239
0.367472
0.24698
0.338646
0.285498
0.91961
1.25656
1.15092
0.162319
0.729506
0.351959
0.3535
0.904865
0.605725
0.16067
0.259985
0.243399
1.04029
0.0963922
0.784119
0.252515
0.141303
0.544206
0.35884
0.627219
0.447636
0.683427
0.0959203
0.859876
0.243334
0.725965
0.330712
0.171603
0.228271
0.415673
0.328328
0.253726
0.187886
0.32777
0.819898
1.0058
0.115867
1.34289
0.355186
0.0381925
0.604197
0.308302
0.342137
0.120337
0.223151
3.34625
0.208322
0.13241
0.581637
0.63315
0.372561
0.227798
0.262453
0.00977411
0.067138
1.28276
0.00217796
1.18832
0.0406267
0.204163
0.292061
0.754046
0.623913
0.20731
0.141524
0.500908
0.0999449
0.209021
0.240736
0.166727
0.0195525
0.336491
0.14008
0.450802
0.0350838
0.536058
0.339862
0.0531366
2.51191
0.0711956
0.166945
0.285439
0.0645085
0.105831
0.0271195
0.000423051
0.735972
0.166382
0.0628748
0.573306
0.221326
0.564017
0.149452
0.522172
0.388614
0.00442768
1.11951
0.0135106
0.0566596
0.0696567
0.196386
1.12969
0.196339
0.148694
0.0401546
0.0583508
0.331694
0.275416
0.0776415
1.42553
0.246455
0.645524
0.280854
0.486163
0.497517
0.0205014
0.487794
0.474934
0.0701786
1.07875
0.383118
0.658105
0.642997
1.64385
0.218959
0.274832
0.590912
0.846341
1.17226
1.35712
0.752985
0.356986
1.33891
0.0896904
0.0317629
0.590242
0.100721
0.613341
0.163001
0.270617
0.154402
0.452795
0.875533
1.15431
0.572552
0.160431
0.385318
1.1574
0.437629
0.00848469
0.876
0.089481
0.444667
1.17919
0.374949
0.374962
0.619097
0.238179
0.345995
1.99177
0.00784818
1.07193
0.885465
0.0634051
0.414534
0.232249
0.151191
0.285949
0.128797
0.139589
0.117436
0.447665
0.52869
0.11561
0.844104
0.688229
0.233402
0.463183
0.0434931
0.189842
0.025323
0.692511
0.360402
0.152103
1.03005
0.877118
0.0408911
0.149221
0.747274
0.467063
0.350682
1.76703
0.232207
0.0218743
0.309061
0.36257
0.576627
0.112033
1.00672
0.577534
0.29272
1.01109
0.318744
0.551376
0.106123
0.127101
0.526627
0.04318
0.315655
0.623806
0.0683938
0.000833956
0.242783
0.606595
0.128721
0.655488
1.27647
0.336763
0.324398
0.101264
0.755837
0.0655463
1.07915
0.34067
0.565464
0.829505
0.235695
0.166373
0.295601
0.0386083
0.591213
1.1517
0.0829247
0.635688
0.645315
0.00107119
1.11147
0.57223
0.675452
0.742287
0.092561
0.603685
0.366744
0.00557527
1.05337
0.376595
0.398796
1.19917
0.461446
0.396193
0.431672
0.278877
0.564477
0.431587
0.102821
0.192229
0.401367
0.0997118
0.147424
0.416991
0.142822
1.07963
0.0542408
0.709072
0.320991
1.28885
3.65744
0.190362
0.320762
0.335805
1.73853
0.2283
1.85641
0.173979
1.24334
0.137966
2.23921
0.133424
1.28027
0.118407
0.0369446
0.751771
0.821777
0.387482
0.167899
0.159752
0.341715
0.195634
0.670505
0.227062
0.0204295
1.45514
1.07744
0.0663725
0.0661902
0.913274
0.0489618
0.300809
0.383753
0.0490372
0.0461069
0.159523
0.457873
0.113663
0.0336065
0.162109
0.551205
0.0706815
0.254623
0.298598
0.508952
0.677771
0.141295
0.0317534
0.0289035
1.14729
0.528007
0.887817
0.215167
0.708758
0.67939
0.171855
0.152501
0.0676029
1.54191
0.158503
0.0720218
0.350857
0.838138
1.85752
0.0777483
1.45121
0.129895
1.4841
0.201333
0.039661
0.436534
0.381125
0.0460953
0.471704
0.10489
0.168115
0.496283
1.26442
0.0558911
2.01633
0.798525
0.121059
0.534666
1.09673
0.0301857
0.948822
0.220972
0.0682334
1.05821
0.878681
0.0197491
0.139029
0.598201
0.585472
0.121553
0.388847
0.605154
0.361897
0.427141
0.322346
0.111368
1.55455
0.57806
0.0128665
1.05172
0.361013
0.846153
0.474158
1.2276
0.267889
0.722231
0.981425
0.836177
0.442007
0.0716749
0.123765
0.505584
0.285051
0.181412
0.0462018
0.00462473
0.114046
0.0663541
0.0421132
0.345594
0.456595
1.37264
1.74114
0.0589478
0.0691242
0.602321
0.442056
0.633823
0.0429545
0.365856
0.432133
0.922241
0.422666
0.53948
0.480172
0.351378
0.416667
0.839142
0.315047
0.331443
0.399423
0.727403
0.532699
0.344741
0.0714613
0.82293
0.393692
0.00870994
0.12057
0.0867367
0.0959733
0.353925
1.60073
0.490188
0.672077
0.535325
0.857251
0.112222
0.980622
0.0695443
0.223822
0.731563
0.519093
0.26317
0.0663462
0.670723
0.413894
0.732982
0.122713
0.72709
0.211311
0.195547
0.108311
1.7739
0.290605
0.00437623
0.616125
0.352767
0.0835402
0.196337
0.411076
0.276654
2.394
0.226028
0.269708
0.121997
0.77126
0.736806
0.134712
0.29498
0.00297601
0.0705139
0.00040282
0.241499
0.023162
0.498663
0.656968
0.209166
0.196698
0.321908
0.127559
0.384336
0.467944
0.0646539
0.155583
1.1225
0.456879
0.359166
1.12062
0.48094
0.351941
0.452244
1.18811
0.141184
0.319998
0.584797
0.387894
0.73844
0.106302
0.419897
0.164477
0.106729
0.0537301
0.330664
0.533398
0.175106
0.161172
0.877235
0.749573
0.0680139
0.0639152
1.56726
0.341884
0.690773
0.349566
0.697594
1.0082
1.33835
0.0817254
0.732982
0.0876968
0.0904645
0.231413
0.172899
0.238941
0.47743
0.198381
0.258368
1.51826
0.473469
0.227428
0.606011
0.872074
0.472992
0.0083787
0.0839873
0.903617
0.127206
0.0687995
0.576839
1.80162
0.521037
0.168735
0.0434238
0.0343185
0.390154
0.386464
0.224496
0.545319
2.08376
1.15015
0.693326
2.20902
0.902829
1.22365
1.22998
0.176089
1.52085
1.10913
0.16995
0.0324548
0.10532
0.854067
0.0305592
0.0515405
0.359927
1.22144
0.219924
0.226401
0.059784
0.0828306
0.203412
0.545536
0.374147
0.0165893
0.581814
0.330625
0.485856
0.552884
0.0982245
0.0635276
0.571198
0.45561
0.735971
0.675949
0.351467
0.314978
0.328036
0.422882
0.18313
0.0816859
0.258147
1.47933
0.500029
0.427927
2.37535
0.62068
0.89278
0.0222029
0.0763422
0.291961
0.0847941
0.62563
0.820523
0.187179
0.113388
0.144034
0.471995
0.689128
0.276894
0.331017
0.282324
0.344277
0.305789
0.754742
0.547529
0.936218
0.02646
0.0296384
0.401144
0.418107
0.43988
0.53438
0.395504
0.185129
0.474895
0.471384
0.189902
2.41806
0.58593
0.506899
0.0666722
0.480832
0.0489617
0.409409
0.158463
1.164
0.417003
0.251224
1.11683
0.145433
0.217285
0.682437
0.12385
0.124655
0.00420226
0.601605
0.785139
0.874573
0.344771
0.146978
0.0725812
0.0623812
0.452711
0.447409
0.252112
0.520912
0.290158
0.407235
0.200298
1.1505
0.645426
0.0809163
1.24557
0.527791
0.00556957
0.280531
0.0861075
0.519714
0.967177
0.229495
1.04469
0.148759
0.143988
0.455067
0.061535
0.0355162
0.0428673
0.187495
0.0219486
0.13395
0.600984
0.42001
0.286424
0.832529
0.0871359
0.604559
0.0890474
1.07852
0.550709
0.922609
1.27044
0.0168634
0.999442
0.146452
0.353903
1.13616
0.0350621
1.2309
0.515756
0.188569
0.232581
1.25752
0.848415
0.441145
1.0128
1.93363
1.09784
0.962606
0.543997
0.494673
0.569682
1.39175
0.271898
0.712727
0.42287
0.722294
1.65763
1.10676
0.16714
0.279747
0.13312
0.119575
0.0222989
0.860875
0.3362
0.628011
0.161045
0.231779
0.189181
0.214212
0.359431
1.29228
0.23145
0.183745
0.852165
0.743619
0.317243
0.0935349
1.55787
0.692394
0.729777
1.55419
2.34577
0.0166448
0.0478167
0.0368385
0.246947
0.32856
0.0573562
0.742092
1.08525
0.329446
0.544588
0.470367
0.512321
0.853691
0.924467
1.19923
0.894826
0.0383279
0.312401
0.953721
0.231807
0.161282
0.475677
0.245898
0.0552818
0.00912603
0.283329
1.04778
0.155186
0.806736
0.986579
0.494752
0.316446
0.200529
0.458697
0.017224
1.95533
0.169465
0.379279
0.621987
1.92698
0.817149
0.628692
0.0625367
0.0362887
0.0924545
0.103789
0.599143
0.0153315
0.00482045
0.223
0.365263
0.0566696
0.878802
0.792627
0.0112654
1.15167
0.892416
0.495498
0.829322
0.237426
1.01026
0.616081
0.0801193
0.013019
0.104184
0.914329
1.20125
0.20791
0.0408262
0.78141
0.270172
0.352405
0.853924
0.115177
0.392465
0.802422
0.0119082
0.172239
0.925177
0.410013
0.539971
0.529917
0.823632
1.2179
1.09361
0.264335
0.310861
0.128867
0.3441
0.695384
0.392604
0.579313
0.155458
0.105663
0.26935
1.75422
0.191774
0.911412
0.157874
2.94937
0.268132
0.580916
0.52928
0.120191
1.30128
2.02728
0.0874811
3.02368
0.819025
0.147846
1.07111
0.379438
0.451274
0.199318
1.12087
0.03749
3.22494
0.11958
0.149538
0.0522267
0.457514
0.0815888
1.256
0.585013
0.25556
0.341336
0.181899
0.5382
0.67254
0.404684
1.24593
0.0446006
0.871197
1.1857
0.0132565
0.533627
1.47213
0.0425271
0.873693
0.282874
0.047792
0.770676
0.11124
0.0608887
0.139883
0.993032
0.581443
0.765891
0.320419
0.968239
1.55977
0.209999
0.131358
0.422086
0.17876
0.309153
0.31931
0.574603
0.459295
1.50605
0.270685
0.0931515
0.392943
0.794928
0.872695
0.411551
0.0941914
0.514662
0.148378
0.18292
0.21766
0.367805
0.312695
0.719076
0.118284
0.0198435
0.34518
0.727541
0.0454331
0.229322
1.23872
0.688612
0.449027
0.641778
0.301597
0.538562
1.13209
0.0194841
0.323778
0.662057
0.0935679
0.697211
0.436051
0.451945
0.222
0.04682
0.470909
0.421089
0.244277
0.237793
0.237005
0.840221
0.378752
1.364
0.278902
0.280066
0.602295
0.51823
0.778747
0.824727
0.0150372
0.461582
0.501818
0.537455
0.474793
0.426562
1.20442
0.072206
0.158623
0.844355
0.064538
0.236898
0.521363
0.458485
0.376106
0.605912
0.7882
0.326881
0.867416
0.61429
0.854625
1.0464
0.475327
0.143878
0.131156
0.118846
0.684842
2.54505
0.505334
0.280096
0.467923
1.53462
0.224577
1.67039
1.37541
1.16019
0.0899397
0.185528
1.13872
0.329942
0.14161
0.34411
0.222567
0.00615541
0.7013
0.0894172
0.705522
0.990235
0.0413079
0.0163526
1.4436
0.0740914
0.165627
2.11644
0.499369
0.335607
0.028827
0.0167761
0.181986
0.980496
0.00927407
0.443112
0.0970704
0.126651
0.264011
0.116572
0.0768176
0.324007
0.119989
1.06109
0.68007
0.356148
1.47763
0.0760511
0.332604
0.0556312
0.654712
0.21342
0.101188
0.284528
0.0966276
0.0610678
0.806349
1.09783
1.08218
1.00143
0.317278
0.502958
0.614942
1.44273
0.191075
0.0681683
0.597012
1.6173
1.06505
0.0938866
0.276343
0.530275
0.101227
0.0961115
0.487324
0.519503
0.0425392
0.392868
0.641391
0.313189
0.205508
0.646246
0.132018
0.135375
0.0353952
0.735943
0.289219
0.815197
0.0768703
0.243422
0.164185
0.0217337
0.00707574
0.412729
0.249872
0.614531
0.0315855
0.882631
0.0560963
0.165792
0.113534
0.0496346
0.0664706
0.503891
0.211648
0.741571
0.128418
0.0817028
0.251432
0.0801107
0.115828
0.316478
0.437641
2.75173
1.32057
0.48324
0.592249
0.477808
0.115319
1.35372
0.985711
0.802526
0.645517
0.320998
0.210616
0.243581
1.01793
0.178537
0.887988
0.302951
0.0348933
0.828946
1.4971
0.774892
0.405575
0.0557576
0.404096
0.0891756
0.301508
0.730169
1.16124
0.401106
0.0196461
0.39774
0.547384
0.352603
0.0224094
0.313175
1.11245
0.0387597
0.875826
1.06404
0.505699
0.409959
0.00694185
0.166032
0.860614
0.202621
0.308764
1.27334
0.259114
3.76345
0.471736
0.795508
1.15931
0.144673
0.476948
0.174564
0.738389
0.154132
0.160197
0.910492
0.202377
0.63899
0.0349054
0.732244
0.674321
0.245106
0.566898
0.350902
1.58245
1.95512
0.396878
0.15658
0.351151
0.667327
1.24685
1.25445
0.250515
1.28321
0.76397
0.461725
1.02368
0.674156
0.176149
0.071446
0.0162796
0.115496
0.386029
0.329067
0.210943
0.422898
0.120158
0.299084
0.945753
0.642571
0.236409
0.933344
0.0292717
0.140249
0.998434
0.470422
0.981798
0.627173
0.396995
0.557634
0.823939
0.805208
0.317635
0.335975
0.768881
0.146773
0.00645797
0.524337
0.062161
0.694631
0.139055
0.362185
0.381589
1.24105
2.0959
1.88913
0.725915
0.657038
0.328165
0.279099
0.913575
1.48897
1.25471
0.078033
0.0363887
0.698892
0.205356
0.47299
0.152474
1.88251
0.556036
0.529145
0.22802
0.0211356
0.426561
0.116146
0.401196
0.147593
0.414297
0.373241
0.986729
0.230727
1.51847
2.8094
0.770242
0.418899
0.464175
0.389306
0.329645
0.00938331
0.230366
0.0179978
1.12213
0.745335
1.52829
0.208017
0.401296
1.38082
0.231518
0.081267
0.227754
0.472764
0.397411
0.810869
0.464891
0.819374
0.193402
0.166966
0.3689
1.1555
0.0339964
1.18022
0.894627
0.639518
1.1849
0.0802916
1.15347
1.0996
0.71401
0.0677787
0.0468155
1.46395
0.0245412
0.00805208
1.20818
0.848925
2.34201
0.217043
1.11061
0.591105
0.236627
0.779888
0.685177
1.79124
0.402318
0.621281
0.242426
0.339351
0.202677
0.257187
0.883816
0.245136
0.344092
1.44796
0.354866
0.0435473
0.24037
0.548098
0.00337973
0.77608
0.119414
0.481468
0.0528846
0.391751
0.150525
0.318791
0.0926754
0.320526
0.410092
0.476672
1.01756
0.626372
0.160029
0.43213
0.716194
0.0231053
0.611961
0.0441229
0.416672
3.17585
0.311213
0.411688
0.362157
0.379236
0.26391
0.00867059
0.0757294
0.017343
1.27333
0.341302
0.124646
1.083
0.0774131
0.736523
0.758342
0.708715
0.351612
0.48961
0.94304
0.544125
0.742694
0.178344
0.123604
0.494943
0.0526031
0.370051
0.0389039
0.352048
0.176112
1.08911
0.0347387
0.682153
1.26104
0.153187
0.294395
1.08997
0.0438245
0.0308018
0.36337
0.297763
0.152454
0.133719
0.611343
0.360246
0.797018
0.0863836
2.04262
0.013022
0.456101
1.31124
0.146197
0.168177
0.478825
0.0264928
0.288569
1.01556
0.4198
0.450199
0.358833
0.312296
0.0393197
0.173733
0.301557
0.309057
0.0735874
0.010365
0.521927
0.234858
0.43065
0.646174
0.576636
0.15916
0.683881
0.815019
0.0799699
0.0798292
1.18558
0.418528
0.730243
0.33247
0.425258
0.043204
1.16403
1.8713
0.307907
1.27706
0.572324
2.14461
0.118132
0.456585
0.060795
0.0912407
0.229563
0.00570712
0.361332
0.768245
0.267123
0.0497519
0.573033
0.83754
1.06797
0.526995
0.281803
0.191403
1.12099
1.96491
0.00191694
2.2406
0.265629
0.233999
0.166494
0.396389
0.677655
0.913408
0.240056
0.523015
3.08772
0.300656
0.17388
0.443036
1.08949
0.28694
0.0124398
0.0631354
0.255243
0.22935
0.190433
0.0263013
0.685958
0.0411434
0.240597
0.0260818
0.263137
0.357159
0.708259
0.418474
0.402749
0.415185
0.242901
0.0104634
0.0166218
0.20119
0.053786
0.388398
0.0741381
0.624918
0.234555
0.825943
0.214241
0.550039
0.207293
1.41564
0.445527
0.559848
1.61261
0.370777
0.396785
0.0640469
0.17833
0.554744
0.383713
0.421954
0.0387963
1.03228
0.134947
0.277522
1.03786
0.434542
0.415627
0.538982
0.0108426
0.33641
1.22536
0.148295
0.129191
0.0158738
0.34385
0.0531122
0.181547
0.792246
0.699883
0.429392
0.184281
0.198268
0.37458
0.673575
0.166336
0.653761
0.193871
0.900428
0.90877
0.688911
0.0720221
0.836329
0.127766
0.386388
0.120393
1.00235
0.496113
0.0966266
0.62933
0.106767
0.536496
0.20285
0.218432
0.249473
0.0639727
0.705394
0.27111
0.59001
1.64577
0.556416
0.224571
0.054671
0.0534406
0.297013
1.56907
0.399503
0.871476
0.18501
0.00841606
0.10953
0.623662
0.0501062
2.06417
1.3377
1.03946
0.291631
0.179431
0.0592472
0.0109923
0.311837
0.9124
0.164756
0.474784
0.862956
0.560996
0.00587192
0.263716
0.175725
0.0876251
0.185057
0.98834
0.844305
0.0119537
1.88788
0.255484
0.192173
0.777492
0.435144
0.743125
0.303586
1.38411
0.735826
1.1321
1.29611
0.427802
0.335558
0.0332799
0.00930728
0.897353
1.00113
0.316111
0.26139
0.189225
2.17558
1.97848
1.15343
0.750027
0.633617
0.55334
0.694624
0.19044
0.173842
0.0690829
0.189598
0.146225
0.0443388
0.85402
0.126255
0.336071
0.723565
0.0424924
0.031693
1.08283
1.00261
0.639932
0.0241665
0.0333049
0.538738
0.0188656
0.164373
0.514255
0.179285
0.372391
0.0187777
0.489907
0.575115
0.170099
0.115899
0.329382
0.211497
0.220638
1.19483
0.297809
0.0436949
0.0994851
0.0991503
0.380734
0.530091
0.415874
0.105808
0.00316491
0.0255761
0.226671
0.0499902
0.00458754
0.707068
0.21603
1.14519
0.20553
0.46123
0.545133
0.136523
0.827288
0.70993
0.00131168
0.284612
0.403931
0.966163
0.269171
0.887381
0.145355
1.67928
0.306707
0.402615
0.342589
0.821276
0.158017
0.404317
0.399963
0.159186
1.7383
0.0686145
0.298769
0.103408
0.601947
0.64468
0.0963523
0.302006
0.400104
0.107531
0.716329
0.152441
0.334132
1.00019
1.04771
0.408143
0.021464
0.623268
0.223775
0.423079
0.453396
0.222373
0.00668721
0.698284
0.811135
0.302916
0.0936323
0.0264971
0.144863
0.71209
1.537
0.0303439
1.11061
0.235012
1.82883
1.13396
1.11165
0.382659
0.743855
0.798672
1.641
0.489768
1.40895
0.0938248
0.389471
0.342857
0.562191
0.527071
0.474619
0.451294
0.483533
0.323711
1.12388
0.288695
0.379369
0.433827
0.629251
0.820042
0.276288
0.167484
0.458802
0.763327
0.615334
0.165279
0.7402
0.35356
0.432013
0.98224
0.223116
0.456751
0.662469
0.963592
1.20081
0.459329
0.108798
0.304564
0.107799
0.367384
0.62636
0.718025
0.254873
0.215986
0.375634
0.925563
0.272433
0.26327
0.104115
0.487499
0.205015
0.586816
0.934055
1.23491
0.191343
1.30661
0.0222193
0.0779269
0.109197
0.361029
1.09579
0.397876
0.187937
1.23519
0.156576
0.212318
0.824395
0.28142
0.379945
0.0801228
0.0827183
0.376327
0.18652
0.053296
0.029688
0.170056
0.175271
0.019206
0.146927
0.0462799
0.33093
0.0879526
1.24354
0.371767
0.507688
0.177678
0.502795
0.333822
0.512303
0.0158595
0.440664
0.826422
0.095949
0.344805
0.220293
0.408013
0.607149
1.06913
0.184659
0.649966
0.346509
0.0925086
0.161352
0.0315988
0.390581
0.0343709
1.18072
0.450926
0.0258466
0.11431
2.04958
0.67704
0.57389
0.789124
0.0981002
0.266218
0.161518
0.383885
0.966815
0.703966
0.22146
0.0159683
0.628002
0.632908
0.562212
0.527128
0.972024
0.00484887
0.459396
0.970848
0.0122255
0.371313
0.877983
0.218875
0.326068
0.135546
0.11318
0.11623
0.51363
1.43988
0.0868263
0.0901512
0.373539
0.896499
0.172557
0.60378
1.66975
1.75818
0.251412
0.494341
0.0435127
0.0940182
0.164637
0.399866
0.0408717
0.159654
0.266751
0.236158
0.453529
1.06183
0.382251
0.124853
0.837504
0.0353539
0.342421
0.648023
0.175012
0.727413
0.0970241
0.609208
0.178751
0.897294
0.778947
0.355203
0.398191
0.71842
0.824175
0.166169
0.36116
0.12766
0.613944
0.390537
0.189627
0.275964
0.554406
0.450028
0.0104382
0.506021
2.11624
0.795172
0.365442
0.125735
0.476255
0.296562
0.914039
1.69938
0.383067
1.3529
0.111974
0.883987
0.464284
0.65018
0.996196
0.0315352
0.153345
0.231589
0.109384
0.462405
0.237033
1.06239
0.0669559
0.0521373
0.518803
0.582101
0.781943
0.0866676
0.383712
0.760146
0.0649043
0.271554
0.188547
0.806243
0.279528
1.0389
0.616378
0.233655
0.12896
0.0399337
1.83951
0.207089
0.331916
0.0297221
0.29912
1.14594
0.101094
0.150074
0.28216
0.512955
0.255718
0.015642
0.177992
0.620458
0.0721865
0.212678
0.795623
0.612402
0.0637279
0.521695
0.0302294
0.439597
0.346859
0.118139
0.81069
0.143141
0.0632208
0.600013
0.379249
0.564542
0.203452
0.123033
0.590483
0.605029
0.119317
0.167661
0.244144
0.140383
0.0652815
0.485085
0.0786665
0.0643651
0.163015
0.376781
0.61867
0.905379
0.564138
0.439881
0.0316768
0.00945546
0.238415
2.0393
0.553986
0.345441
0.973702
1.02357
0.451478
0.177224
0.292389
0.435066
1.10601
0.099358
1.19584
0.0653279
0.645063
2.02617
0.0878601
0.243063
1.22029
0.573146
0.47993
0.292627
0.630313
1.1784
1.06488
0.60742
0.334939
0.298973
0.616241
1.45991
1.57816
0.0149709
0.240793
0.121609
0.994172
0.419768
0.26135
0.312759
0.319799
0.724098
0.403349
0.125689
0.784059
0.208832
1.42764
0.314725
0.179565
1.43778
0.129272
0.185095
0.57595
0.110192
0.252226
0.956607
0.478458
0.771989
0.613631
0.35505
0.131166
0.511227
2.045
0.693248
0.83796
0.177804
0.141331
0.335315
0.229347
0.606519
1.07032
0.178814
0.217437
0.00489763
0.0864185
0.554788
0.0609476
1.31935
0.943737
1.68011
0.185934
0.693332
0.309781
0.897993
0.811125
0.0990571
0.127464
0.305685
0.501517
0.678634
0.544892
0.184748
0.847229
0.304574
0.409356
0.137439
0.25339
0.111067
0.638732
0.185411
0.00974633
3.25037
0.145314
0.903804
0.585489
0.0503209
0.255307
0.570175
0.8695
0.0571213
1.66095
0.630996
0.196832
0.116995
1.27876
0.374835
0.692941
0.36599
1.00964
0.0804803
0.707698
0.127798
1.21566
0.272408
0.78195
0.109191
0.920871
0.296596
0.950719
1.6315
0.0390773
1.04753
0.285031
0.176383
0.407298
0.749542
0.855213
0.330289
0.387197
0.0429428
0.136023
0.102063
0.104711
0.666199
0.197702
0.68949
0.318308
0.523294
0.680079
0.100182
0.0198539
2.3849
0.0223234
0.189153
0.0344051
0.518367
0.0748617
0.865075
1.20269
0.157742
0.44626
0.528296
1.25284
0.988482
0.0543072
0.214095
0.672595
0.642173
0.189167
1.20773
0.0583656
0.0231003
1.62111
0.234146
0.418943
1.55244
0.382271
0.716452
2.36102
0.750879
0.722406
0.286701
0.327319
0.773491
0.120695
0.316042
0.357788
0.329859
0.477026
0.226393
0.0506312
0.241096
0.191435
0.0350044
0.320127
0.787934
0.79306
0.409656
0.565433
0.805299
1.24195
0.0625095
0.655848
0.244609
0.386036
0.258429
0.0492578
0.138653
0.0167517
0.385368
0.192524
1.8337
0.0525539
1.0682
0.127109
0.361552
0.416121
0.519505
0.314681
0.286409
0.500552
0.0629892
0.801781
0.422533
1.29214
0.162776
0.134592
0.76834
0.39451
0.781513
0.151906
0.0271846
0.843668
0.498359
0.210106
0.413023
0.0056907
0.18293
0.152714
1.51373
0.484057
0.586325
0.418796
0.324347
0.00163846
0.724549
0.353613
0.235386
0.134745
0.0367508
0.387912
0.415285
0.149985
0.832204
1.3552
0.384563
1.16096
0.0479751
0.0675004
0.65472
0.403673
0.106946
0.0144164
0.129811
0.209669
0.771569
0.941067
1.66702
0.677104
0.0241954
0.117175
0.197475
2.68973
0.696651
0.0117793
0.114833
0.322369
0.0697439
0.392041
0.0262973
1.27842
0.29622
0.276135
0.354351
0.650856
0.332181
0.500009
0.159949
0.0704136
1.2354
0.0839098
0.0476524
0.290257
0.120749
0.234335
0.0820351
0.281308
0.345615
0.284308
0.294672
0.233956
0.925649
0.146016
0.930738
0.265366
0.748678
0.279143
0.0659233
0.148099
0.0214617
0.0425813
0.76349
0.103612
0.526734
2.07792
0.103188
1.03781
1.87339
0.0916907
1.2887
0.573156
0.205798
0.0277688
0.0518604
0.505801
0.563119
0.547559
0.118592
0.036674
0.562367
0.0528379
2.6714
0.256763
0.572266
0.0281206
0.296879
0.298538
0.114639
1.36395
0.811977
0.319574
0.217625
0.0318067
0.186772
0.0971388
0.36756
0.418877
1.08176
0.79442
0.166399
0.347747
0.491937
0.333275
0.372503
0.0505659
1.41341
1.11215
0.105898
0.535284
0.210791
0.797346
0.557967
0.057386
0.819754
0.567633
1.03449
0.486933
0.11974
0.173359
1.64903
0.936939
0.0471163
0.104453
0.204839
0.350586
0.0635495
1.31735
0.78557
0.379236
0.826336
0.410717
0.00452341
0.147859
1.43503
0.842186
0.098447
0.0471649
1.24746
0.00442752
0.110066
0.105516
1.36589
0.123627
0.185164
0.309575
2.38088
0.209035
0.00743554
0.526314
0.0336824
0.282167
0.645876
0.256845
0.902598
0.114343
0.0806949
0.699196
1.34028
0.375253
1.07279
0.112392
0.321825
0.804045
1.57211
1.09091
0.332025
0.684015
0.0863726
0.113642
1.68145
0.348461
0.49154
0.0115521
0.191282
0.301706
0.067904
0.320189
0.0553662
0.287595
0.430071
0.388086
0.615382
0.269633
1.11873
0.337684
0.160252
0.160813
0.325972
0.0980278
0.0773649
1.48263
0.893743
1.99389
0.154664
0.0773655
0.526437
0.0350654
0.0899714
0.383996
0.596373
0.436577
0.187639
0.693577
0.681533
0.56498
0.0770005
0.0188495
0.0423816
0.521514
1.05145
0.352956
0.0956236
0.0966885
1.25934
0.0572818
0.448669
0.430238
0.184765
1.39316
0.158826
0.757766
0.29077
0.0315833
0.112436
0.129665
0.815249
0.0661011
0.583577
0.697744
0.381582
0.139839
0.106492
0.329577
0.43236
0.147041
0.578492
0.178046
0.657159
0.0417635
0.205811
0.143741
2.03643
0.494315
0.0263966
0.717115
1.06895
0.140012
0.329611
0.611247
0.455899
0.356409
0.611723
1.97525
0.0851465
0.203151
0.0503211
0.518508
0.0348559
1.23767
1.22552
0.333407
0.2171
0.695434
0.293444
0.529251
0.364081
1.53729
0.069942
0.584822
0.349329
0.967333
0.0333802
0.347507
0.552116
0.956015
0.455212
0.510691
0.286448
0.183923
0.0714281
0.637033
0.422553
0.107929
0.216135
0.119766
0.240944
0.212395
0.022553
0.335845
0.491782
0.0579909
0.143826
0.060468
0.592488
0.426766
0.156118
1.30362
0.255415
0.282533
0.0626945
0.0780863
0.306098
1.38127
0.68028
0.512815
1.00843
0.974852
0.138354
0.0328977
0.35992
0.333187
0.0274688
0.853034
0.622279
0.161128
0.791959
0.0554738
0.34033
0.30962
0.333179
0.602055
0.927233
0.0534401
0.0694491
1.41774
1.72326
0.0456262
0.777371
0.414527
0.979941
0.331188
0.0331083
0.645774
0.389661
0.259983
0.169162
0.0546998
2.62466
0.611069
0.460753
0.902983
0.0219343
0.243587
1.20606
0.0132403
0.0976263
0.120558
0.0126259
0.144869
0.0712219
1.1666
0.789934
0.217631
0.667094
0.23108
0.0317038
0.403149
1.04779
0.729018
0.263418
0.493625
1.11326
0.380042
1.1237
0.164198
0.836789
0.089071
0.118337
0.340193
0.0825648
0.323305
0.260995
0.0669748
0.373051
0.00500869
0.812284
0.0222709
2.00744
1.05158
0.167017
0.274549
0.728152
0.298383
0.368794
2.24478
0.163687
1.07139
0.480906
0.0846746
1.47657
0.118418
0.181168
0.292975
0.446684
0.608388
0.584103
0.0836142
0.321119
0.595377
0.616209
0.871949
0.169309
0.159743
0.603355
0.0942379
0.470855
0.0168041
0.139577
0.0869317
1.18373
0.519693
0.0850243
0.544454
0.262956
0.195494
0.569547
0.0135656
0.182608
1.06347
0.25304
1.12419
0.0563992
1.29433
0.720856
0.682899
0.0792187
0.372618
0.152583
0.865208
0.127508
0.113755
0.469827
0.310608
0.597969
0.180478
0.525989
0.837923
0.214878
0.333945
0.934216
0.0241548
0.0812026
0.890305
0.0913051
0.474849
0.0795462
0.507322
0.593887
0.929162
0.150816
0.130522
1.28614
0.909707
0.0709776
1.15488
0.194966
0.320605
0.686178
0.0449076
0.297845
0.313904
0.125118
0.28899
0.0270214
0.143474
0.156595
0.205698
0.248099
0.429608
2.12697
0.0106496
0.0954065
0.250918
0.103224
0.327296
0.95433
0.0833249
0.8601
0.383847
0.0734331
0.999951
0.253504
0.0917415
0.598114
0.395086
2.0164
0.225409
1.58971
0.326107
0.131395
0.0250382
0.148667
0.203128
0.552206
0.201929
0.83176
0.793396
1.18946
0.049736
0.410212
0.0152353
0.243543
0.413578
0.258633
0.846915
0.408369
0.0333091
1.839
0.158557
0.431046
0.793433
0.380945
1.14019
1.71832
1.79388
0.158543
0.170997
0.837442
0.248267
1.2708
0.216455
0.238194
0.974263
2.32201
0.0303643
0.0173533
0.00589104
0.133357
0.294796
0.21005
2.16948
0.141396
1.42134
0.170428
0.250707
0.0887432
1.05916
0.623799
0.34259
0.036379
0.024945
2.90034
1.03711
1.55967
0.137924
0.105457
0.297918
0.377775
0.0779696
0.0149539
1.35746
0.118322
0.196028
0.151408
0.510703
0.782478
0.463265
0.103623
0.676645
0.443957
0.135119
0.085557
0.0392404
0.64584
1.08239
0.303565
0.23927
0.486148
1.78593
0.083063
1.69109
0.0518861
0.0357754
0.778647
0.400797
0.585791
1.06906
0.0575375
0.272725
0.00564755
0.0285772
0.937854
0.031973
0.707567
0.0922776
0.664809
0.169588
1.12931
0.381746
0.206872
0.159746
0.0747405
0.11213
0.486268
0.399663
1.50327
0.164707
0.106841
0.266842
1.13123
0.306532
0.319709
0.325981
0.00534172
0.37271
0.0564788
0.433974
0.558268
1.09688
0.704777
0.105237
0.361974
0.00925606
0.479033
0.354791
0.679519
1.52369
0.110822
0.11926
0.412984
0.0271768
0.214364
0.22731
0.752457
0.341541
1.0875
0.407414
0.0893599
0.339306
0.721305
0.015441
0.41278
0.00729093
0.527762
0.471222
0.986099
0.468619
0.175191
0.0456333
0.713946
0.156603
0.435765
0.968442
2.04859
0.32191
0.0782267
0.438288
0.0297297
0.0590596
0.940107
0.0642172
0.449303
0.608892
0.476869
0.990359
1.03254
0.0384674
1.59189
0.697908
0.274072
0.886964
0.168193
0.154469
0.389667
0.0441478
0.943924
0.0952972
0.43819
2.26413
0.572317
0.0502791
0.236155
0.711888
1.9565
0.0107421
0.318716
1.29314
0.115196
0.635803
0.314091
0.148602
0.635855
1.27011
0.316574
0.953991
0.723148
0.960567
0.1875
0.0907876
0.906139
0.0742333
0.290492
1.16201
0.0136642
0.0400913
1.13726
0.412814
0.0547305
0.928744
0.00546712
0.168399
0.26796
0.32718
1.60188
0.591532
0.290977
0.653845
0.0304879
0.0906133
0.405866
0.305952
0.406628
0.334392
1.64645
0.297862
0.598591
0.927874
0.223098
0.4738
0.625858
0.0528428
0.328343
0.865756
0.110969
0.387726
0.0572283
0.533433
0.165085
0.146219
0.674406
0.0396441
0.304437
0.0306947
0.00882053
0.11316
0.221192
0.364929
0.604241
0.149502
0.877515
0.121017
1.19328
0.115681
0.422089
0.0447004
0.268566
0.292141
1.14609
0.746526
1.28053
0.332525
1.1479
0.363428
0.864756
0.107157
0.322998
2.53749
1.09211
1.49606
0.352673
0.776959
0.433114
0.51385
2.06977
0.00317519
0.195556
0.459093
0.110992
0.264381
1.24443
0.0228849
0.525163
0.103891
1.71087
1.02912
0.661994
0.175769
0.077539
0.225805
0.175741
0.275228
0.00217419
0.48316
0.269382
0.16957
0.996092
0.520536
0.452033
0.404397
0.20002
0.159569
0.88977
0.39594
0.446972
0.792769
0.142192
0.355472
0.474313
0.214068
0.0460929
1.69155
0.332079
0.370516
1.9917
1.67829
0.967885
0.161516
0.216868
0.0613371
0.177881
0.186449
0.501847
0.172321
0.120199
0.140939
0.130274
1.24575
0.378176
0.33717
0.676554
0.129249
0.0167963
0.680115
0.650857
0.78477
0.430139
0.995586
0.52132
0.211006
0.616485
0.472478
0.531225
0.158716
0.321219
0.344995
0.134113
0.61403
0.246367
0.54207
0.391834
0.164219
1.50881
0.11701
0.434526
1.0674
0.374839
0.020407
0.0724025
0.516771
0.712756
0.0910672
2.18002
0.0829547
0.0837606
0.485937
0.124084
0.471742
0.0846569
2.23482
0.375492
0.108367
0.353311
0.363291
0.246472
1.70709
0.211351
0.199523
0.482583
0.168851
0.0604526
0.261449
0.317047
1.25511
1.08729
0.205649
2.0971
0.118604
0.0294662
0.271873
0.89176
0.27815
0.457586
1.42904
0.75345
0.00588234
0.581116
0.293835
0.177362
0.919758
0.710857
0.258946
0.580412
0.213006
1.31088
1.39603
0.205717
0.137741
0.504773
0.123733
0.783973
1.43052
0.438444
1.08397
0.35158
0.00354669
0.198886
0.124741
0.0968711
1.38682
0.479734
0.286215
0.0184026
0.26976
0.0377642
0.211842
0.0027019
0.580206
0.585785
0.522396
0.485144
0.530031
0.456666
0.314391
0.0606781
0.127855
0.258853
0.839096
0.414502
0.067664
0.41186
0.438324
0.090523
0.0454772
0.173774
0.224086
0.0426404
0.255071
0.19582
0.0814064
0.423076
0.342091
0.0473611
1.69061
0.0403973
0.707637
0.0821327
0.662859
0.505765
0.439216
0.0966546
0.14302
0.134437
0.215464
0.0249594
0.985159
0.042516
0.229342
0.481475
0.234993
0.0306844
0.0299704
0.477978
0.158691
0.742719
0.0990916
1.40628
0.433229
0.515135
0.224937
0.896255
0.336604
0.198332
1.72305
0.22609
1.86694
1.76243
0.319907
0.0004371
0.068625
0.780709
1.07621
0.329773
0.00360645
0.187621
0.882594
0.0784169
1.00919
0.610609
1.37727
0.603416
0.363062
0.58552
1.00228
0.0356011
0.531286
0.0643804
0.0480106
0.0640668
0.297905
0.70021
0.65262
0.401768
0.152343
0.251392
1.05302
0.0693212
0.864135
1.49957
0.0793948
0.213938
0.307536
1.78605
0.169898
0.12303
0.0310383
0.10677
0.0138316
0.155275
1.76049
2.32899
1.27754
0.465072
0.392559
0.164993
0.664751
0.0081751
0.494776
0.570912
0.0120234
0.949821
0.268281
0.028122
0.502817
0.133319
0.988238
0.613701
0.300307
1.51159
0.932794
0.0182407
0.415509
0.415651
0.486373
0.0951087
0.0588704
0.57093
0.198093
0.356411
0.733355
1.27957
0.0599915
0.406902
1.09633
1.13926
0.198748
0.050879
0.297012
0.223947
1.79419
1.1875
0.140039
0.486972
0.191218
0.721426
0.359504
0.099828
1.24272
1.3613
0.0611863
0.179914
0.735455
0.55746
0.558437
0.4479
0.299199
0.240984
1.05062
0.250756
0.127803
0.628076
0.0484398
1.08909
0.127625
0.242654
0.209905
0.397015
0.233948
0.0741965
0.151749
0.203398
0.904168
0.685282
0.476387
0.489812
0.780966
0.319694
0.131803
1.41403
1.24322
0.505913
0.603956
0.249523
0.976147
0.670918
0.885022
0.187389
0.800522
0.0346863
0.217084
0.254596
0.517433
0.817598
0.279292
0.353964
0.933722
0.872121
1.17009
0.361473
0.608225
0.560075
0.068065
0.282957
0.231189
0.5392
0.212194
0.694172
0.189963
0.0704036
1.37459
0.0168741
0.016949
1.68984
0.145308
0.0706929
0.869629
0.0506422
1.91741
0.0228502
0.753028
0.141958
0.00352659
0.172223
0.0824573
0.700762
0.40148
0.36899
1.40713
0.522856
0.490819
0.244664
0.347295
1.2356
0.14438
0.362584
0.955399
0.404687
0.223227
0.755408
0.814012
0.0940278
0.38761
0.445733
0.429181
0.0478595
0.582767
1.08143
0.377972
0.225424
0.197505
0.815876
0.824004
0.671485
1.63846
0.457759
0.137969
0.932073
0.14809
0.097288
0.00776002
0.0570841
0.771697
2.54672
0.864537
0.714112
2.06713
0.611501
0.864986
0.300121
0.118806
0.282319
0.199035
0.654007
0.167093
0.140226
0.129615
0.162672
0.0269484
1.02276
0.0867363
0.0692627
0.323627
1.42263
0.464247
0.242446
0.172445
0.290413
0.411399
0.0226795
0.666332
0.0132307
0.391303
0.431383
0.968182
0.670564
1.63082
0.212826
0.439692
0.405932
0.107716
0.637886
0.568257
0.526431
0.217128
0.0510298
0.377514
1.0015
0.662318
0.33583
0.651954
0.157053
0.365766
0.57858
0.692058
0.948304
0.00207125
1.00248
1.94642
3.83347
0.0025355
0.615644
1.64194
0.175243
0.292799
1.50613
0.411437
0.33485
0.0691123
0.0673547
0.109606
0.760282
0.130628
0.0914626
0.22827
1.10398
0.4896
1.06568
0.102079
1.06326
0.43189
0.355883
0.915301
0.346881
0.515647
0.116542
0.435702
0.298971
0.185179
2.01234
0.790215
0.151338
0.806816
2.65702
0.837632
0.553078
0.431283
0.19432
0.227853
0.0129928
0.277673
0.0334672
0.0395096
0.150172
0.345217
0.284544
1.28542
0.256729
0.0374734
0.00984606
0.249036
0.251516
0.6077
0.14369
0.783896
0.992307
0.24716
1.04087
0.906806
0.0036655
0.0103587
1.15039
0.522428
0.489702
0.283607
0.224594
1.12399
0.563755
0.290984
0.0304607
0.489915
1.65955
0.941351
0.50469
0.176307
0.0858506
0.208537
0.212196
0.165678
0.0218693
0.547452
0.624955
0.522976
0.210086
1.9725
0.448949
0.574063
0.187584
1.46688
0.286025
0.0467131
1.66043
0.13265
0.353188
1.47244
1.53337
0.356215
0.0473892
1.25696
1.00579
0.0201766
0.0445882
0.303969
1.13169
0.961491
1.02324
0.941722
0.125342
0.157815
2.17901
0.0994788
1.35856
2.00638
0.286431
0.580811
2.31825
0.467993
0.221714
0.498745
0.0982671
0.219026
0.25021
0.224129
0.729942
0.435519
0.529441
1.06001
0.547328
0.42625
0.322945
1.37439
0.00875694
0.28743
1.89422
0.0152818
0.492647
0.609513
0.0398668
0.411994
0.0979419
0.603285
0.191459
1.21197
0.0363926
0.673794
1.06294
0.402066
0.228441
0.805657
0.433412
0.284972
0.103575
0.877764
0.238084
0.400106
0.28312
0.0360667
0.278186
0.434737
0.227519
0.762433
1.10157
0.642324
0.491102
0.601134
0.22398
0.741317
0.259378
0.852311
1.08079
0.0454772
0.179191
0.423206
0.241686
0.77533
0.0300762
1.04172
0.0623926
0.332992
0.996089
0.736147
0.921878
0.502599
0.384283
0.120343
1.74498
0.160464
0.0107669
0.00979449
0.0587379
0.428305
0.887373
0.170935
0.053728
0.179525
0.0597374
0.545942
0.297808
0.379072
1.30933
0.314308
0.0470748
0.515983
0.397062
0.643637
0.110721
0.199739
0.664059
1.34417
1.23765
0.0946023
0.0536404
0.114197
0.0283028
0.0530266
1.02403
0.922337
0.411678
0.478093
0.10639
1.27536
0.174879
0.753857
0.759238
0.286523
0.449452
1.54372
0.720715
0.905469
0.0880918
0.127126
0.148275
0.683921
0.527237
0.464975
0.407668
0.0287438
0.418881
0.379042
0.00488656
0.199758
0.928689
0.229407
0.203232
1.4247
0.554125
0.208181
0.462958
0.528439
0.271432
0.136516
0.831115
0.0929606
0.575418
0.656898
0.635079
0.371753
1.19918
0.419883
0.02267
0.11281
1.04003
1.1698
0.338684
0.180158
0.117218
0.911521
0.227435
0.472234
0.180257
1.15347
1.2565
1.83619
0.521067
0.11885
0.104774
0.218054
0.356996
0.204803
0.0893472
1.03894
0.842104
0.208095
0.556628
0.172351
0.542008
0.122315
0.164776
0.0371753
0.607565
0.334364
0.200751
0.151386
0.5476
0.209739
0.128436
0.109209
0.838365
0.995191
0.465647
0.285656
0.454728
0.651573
0.683302
0.121792
0.302927
0.113449
0.105759
0.138294
0.109053
0.188855
0.319534
0.486954
0.937556
0.365462
0.0610807
0.677135
0.482029
0.284688
0.426702
0.746151
0.035838
0.0972327
0.0606928
0.253714
0.791499
0.078179
0.750246
0.537351
0.695814
0.0797444
0.557916
0.715391
0.501629
0.256027
0.305757
0.121527
1.05331
0.00734827
0.0896086
0.000588998
0.563238
1.04317
0.209337
0.224019
0.358239
0.701172
0.197956
0.0295164
0.428672
0.386809
0.43038
0.0420872
0.0833761
0.044009
0.326336
0.452064
0.393371
0.301589
1.89285
0.82666
1.40772
0.269231
0.849996
0.281463
0.123365
0.189711
0.395011
0.427846
0.204681
0.59452
0.0709726
0.317716
0.332468
0.42417
0.801393
0.248486
0.107564
0.784142
0.11506
1.73108
0.324975
0.103143
0.0192455
0.112376
0.338749
0.0356678
1.52256
1.05033
0.336591
0.0251835
0.394483
0.479922
0.0131263
0.0175149
0.645775
0.228434
0.645234
0.272629
0.258957
0.0770321
0.381397
0.687397
0.0188476
1.57501
0.0703575
0.584012
0.147223
0.753261
0.227959
0.378062
0.182712
1.64767
0.322508
0.180676
0.875413
0.106116
0.285267
0.531139
0.435051
2.02115
0.54131
0.633818
0.235225
0.355173
0.0686726
0.698636
0.476304
0.192696
0.688539
0.0891261
0.275596
0.632632
1.02482
1.43229
0.180694
0.421264
0.054438
0.867542
0.181738
0.00584716
0.251009
0.376416
0.349091
0.387806
0.142138
1.79828
0.063871
0.708273
0.288221
0.509281
0.205268
0.586438
0.365613
0.659184
0.175819
1.34633
0.218848
0.0181854
0.709293
0.421428
0.691768
0.222799
0.34587
0.00264522
0.0324827
0.41695
1.24502
0.147782
0.365561
0.595718
0.332627
0.324897
0.423874
1.49814
0.91353
0.580771
0.342744
0.137978
0.14319
0.591918
0.223684
1.47792
0.256298
0.164021
0.555316
0.085956
0.00203203
0.168174
2.62663
0.209806
0.752243
1.57032
0.295486
0.514711
0.157127
0.0753015
0.55431
0.299521
0.835718
0.922941
0.402082
0.140436
1.20318
0.840767
1.191
2.10135
0.197002
0.592497
0.245953
0.285771
0.477928
0.857455
0.860116
0.366173
0.831737
0.147117
0.146125
0.473373
0.0932149
0.401451
0.200572
0.150484
0.262438
0.198128
1.23222
0.166268
0.268999
0.391857
1.72729
1.24125
0.590289
0.403821
0.0613401
0.28573
0.972692
0.0143595
0.0502075
0.928564
0.0329925
0.426955
0.0788055
0.989904
0.171476
1.51086
0.0408444
0.595075
0.0417848
0.731099
3.97266
0.534746
0.249663
0.248973
0.516286
0.0500053
0.786517
0.683714
0.17921
0.492821
0.210922
0.0679633
0.096599
0.0722456
0.173694
0.831824
0.350949
1.01264
0.0534471
1.90686
0.221916
0.243662
0.41197
0.453166
0.115277
0.0579264
0.884995
0.089629
0.215394
0.282242
0.0506224
0.846314
0.88927
0.116317
0.1411
0.19843
0.182355
2.08129
0.0951919
1.69147
0.0502517
0.631851
0.126154
0.185375
0.031241
0.328956
0.496368
0.181511
0.358582
0.247251
0.188469
0.213635
0.658865
0.354092
1.70718
0.148105
0.386832
0.833162
0.048348
0.0355652
0.140775
1.15226
0.695649
0.188932
0.275047
0.150645
0.142058
0.455308
0.898763
0.575954
1.1324
0.309743
0.171618
0.0822881
0.306666
0.529061
0.121198
0.0640476
0.154545
1.13498
0.643719
0.262522
0.049743
0.100777
0.257527
0.0305748
1.07034
0.0976752
0.236242
0.138226
0.10855
0.328978
0.463443
0.69964
0.210495
0.0902151
0.339126
0.408781
0.0391763
0.484714
1.57918
0.142514
0.550253
0.302058
1.17649
0.0770547
1.98503
0.147016
0.118804
0.92117
0.413762
1.93151
0.320514
0.31012
2.53953
0.42154
0.312809
2.21563
1.2129
0.0527409
0.901759
0.13472
0.471817
0.126225
0.46516
0.382786
0.141912
0.2516
0.0808433
0.245107
0.352105
0.161691
0.274015
0.71447
0.298947
1.98585
0.377279
0.450627
0.440944
0.914751
0.342197
0.507825
0.555532
0.20867
0.0265
0.40413
0.204485
0.531935
1.28857
0.178781
0.419949
0.804191
0.74508
0.52641
0.468607
0.130148
0.128368
0.702667
0.504012
0.0140804
0.908823
0.272483
0.0684465
1.02712
0.404958
0.0438479
0.744707
0.246311
0.059392
0.00632082
0.19355
0.663395
0.986526
0.0992884
0.117517
0.127952
0.550195
0.14852
0.378143
0.074111
0.417838
0.464051
1.25279
0.533885
0.118606
1.80556
0.584633
0.605999
0.0662579
0.457138
1.23144
0.413058
0.0629972
0.0438443
0.355733
0.194331
0.0363446
1.47097
0.0955754
0.451307
0.806794
0.0543636
0.386331
0.102013
0.256488
0.0481538
0.0383894
0.0387248
0.631485
0.0454786
0.0305836
0.312294
0.627319
0.74742
0.469518
0.00504252
0.893763
0.771157
0.0808232
0.147368
0.582269
0.278328
0.0844078
0.20051
2.22509
2.66729
0.565607
0.34313
0.225674
0.0551029
0.611256
0.291206
0.00266045
0.0828663
1.68297
0.0447278
0.123983
0.558287
0.678051
0.626173
2.15223
0.458866
0.105951
0.309038
0.112758
0.450589
0.0804345
0.782947
0.130917
0.025355
0.920183
0.617793
0.365298
0.490239
0.361062
0.280316
0.056022
0.593622
0.0832161
1.3302
0.149306
0.515476
0.0894882
0.542571
0.188462
0.544176
1.90075
0.380704
0.111722
0.19358
0.456454
0.367896
0.724092
0.0509464
1.87641
0.914624
0.685777
0.0234016
0.185848
0.8145
0.911977
1.12102
0.14845
0.151472
0.240726
0.0176906
2.81914
0.654158
0.0405533
0.443173
0.210153
0.129736
0.0721071
0.433646
0.705448
0.0455249
0.290537
0.377048
0.686421
0.142992
0.0116669
0.329305
0.800617
0.601319
1.20158
0.62622
0.120204
0.0771484
1.14925
0.466919
0.63107
1.29571
0.0237092
0.642102
0.0417848
0.0277138
0.193213
0.704404
0.45711
0.123631
0.326432
0.641825
0.584867
1.31929
0.0957438
0.211234
0.322425
0.871709
0.0177852
0.616925
0.133299
1.57282
0.249766
0.0191352
0.0348516
0.669555
0.788304
1.49028
0.135572
0.0623589
0.20488
0.0338997
0.122102
0.811693
0.115275
0.358622
0.599038
0.718915
0.0910336
0.398835
0.131387
0.213234
0.110492
0.0817524
0.534225
0.940561
0.0032792
0.242307
0.175558
0.674106
0.76447
0.306612
0.42853
0.513244
0.268243
0.0878688
0.109716
0.100633
0.111027
0.785538
0.106548
1.08336
0.74893
0.289531
0.53816
0.242702
0.553567
0.742313
0.0842009
0.182738
1.11814
0.329833
0.891137
0.136538
0.307648
0.469872
0.774424
0.254413
1.06234
0.960212
0.44185
0.249328
0.263986
1.44733
1.08474
0.332073
1.57656
0.592265
0.776246
0.346281
0.736152
0.757622
0.221694
0.345048
0.938287
0.467684
0.382204
0.0852981
0.102221
0.159998
0.0872762
0.554705
1.26964
0.110081
1.33092
0.948841
0.756069
0.16114
0.219837
0.561688
0.0506934
0.0826633
0.224858
0.186495
0.217983
0.204186
0.266989
0.528508
0.115381
0.34148
0.720007
0.111437
0.538678
0.0937099
1.6902
0.133811
0.636613
0.38089
0.300972
0.138236
0.438224
0.28976
0.382301
1.08706
0.381366
0.186428
0.166686
0.106199
0.331498
0.163506
0.159198
0.732595
0.130721
0.133975
0.126883
0.536856
1.41753
0.0704924
0.234551
0.700471
0.240803
0.867747
0.109603
0.247771
1.31898
3.99425
0.176476
0.317012
0.895418
0.190202
0.350961
1.02757
0.390542
0.870813
0.035787
0.27066
0.0169293
0.467555
0.0419401
1.0706
0.613492
0.911471
0.468974
0.643052
0.37392
0.369153
0.267928
0.0508615
1.04317
0.375493
0.674165
0.0999905
0.450213
0.0676235
0.403031
0.526729
0.09787
0.344056
2.70517
0.168861
0.912496
1.23858
0.12168
0.363634
0.182072
0.498117
0.104962
0.0805522
0.26925
0.800739
0.507246
2.79171
0.178181
0.801365
0.119161
0.567204
0.503862
0.009855
0.0125241
0.1408
0.494272
0.14662
0.484748
0.837486
0.40466
0.242574
0.109107
0.467654
0.0359696
0.348309
0.104603
1.34803
0.29965
0.588351
0.237582
0.296237
0.268992
0.500429
0.332644
0.146047
0.0233615
0.0614284
0.116404
0.00371545
0.0657763
0.740543
0.0182429
0.0496646
1.59171
0.40597
0.02472
0.455667
0.0401737
0.193714
0.0816534
0.00808484
0.819573
0.737107
0.139596
0.0499347
0.386744
0.567873
0.229493
0.0667794
0.371974
0.656537
0.854494
0.330971
1.01798
0.0697974
2.3596
0.395978
0.289631
0.174825
0.469083
0.106303
0.3006
1.31548
0.175071
0.216003
0.329879
2.8557
1.77651
0.297297
0.351076
0.493029
0.0714048
0.170218
0.588935
0.106828
0.902523
0.499533
0.137102
0.135331
1.54399
0.348545
0.299065
0.469355
0.32493
1.6008
0.435569
0.395202
1.10218
0.098137
0.704814
0.691921
0.123757
1.01094
0.0119917
0.319221
0.857795
0.00319607
0.0738399
1.16906
1.1384
0.273596
0.46787
0.854229
0.159441
1.75139
0.985123
0.298797
0.665632
1.53456
0.0856569
0.150918
1.00132
0.16198
0.673153
0.0871124
0.016896
0.171845
0.0955584
1.3931
0.166291
1.06893
0.0210066
0.469084
0.159236
0.172971
3.25263
0.257693
0.38931
0.275498
0.0753592
0.336147
0.516153
1.25213
0.225434
1.2764
0.141269
1.07292
0.524705
0.00272845
0.815536
0.601508
0.0773341
0.427466
0.056704
0.00671746
0.199661
0.366376
0.342562
0.0403312
0.0259755
0.216103
0.713222
1.12657
0.197049
0.480274
0.100819
0.168042
0.15084
1.48113
0.535684
0.912683
0.595728
0.0260885
0.330844
0.104066
0.377664
0.828024
1.22252
0.421155
0.370262
1.78081
0.0328354
0.172179
0.381301
0.393223
0.476864
0.0296239
0.145461
0.0873554
0.495421
0.203345
0.619199
1.34893
0.841375
0.217475
0.889879
0.00411037
0.633229
0.157342
0.149479
0.943108
0.223481
0.456461
0.0293925
0.165324
0.0131893
0.490269
0.0750831
0.752415
0.497439
0.0163912
0.377322
1.62425
1.54065
0.29519
0.284389
0.072147
0.393725
0.318468
0.196174
0.336472
2.36836
0.552756
0.642224
0.523821
0.138898
0.543732
0.0585244
1.75679
0.0482873
0.303398
0.735047
1.1548
0.02743
0.796369
1.01294
0.747835
0.0918883
0.663348
0.167611
1.09248
0.447583
1.41321
0.325773
0.366322
2.30307
0.521062
0.381461
0.0104103
0.423926
0.891651
1.49851
0.115565
0.602955
0.545062
0.779943
1.21946
0.958163
0.75354
0.403114
0.284079
0.0372263
1.37478
0.762884
0.485837
2.18873
0.519506
0.0568409
0.21463
0.122148
0.717618
0.214246
0.161776
0.161909
0.0228181
2.00934
2.20292
0.778887
0.758234
0.609504
0.881036
0.696391
0.0297108
0.212981
0.0955039
0.426136
0.0674939
0.0661916
0.898924
1.14687
0.75509
0.556991
0.0396583
0.226167
0.60409
0.688637
0.331616
0.187186
0.885515
0.0143201
0.200419
1.18674
0.737639
1.63694
0.489266
1.84039
1.09992
1.53572
0.539023
0.799639
1.32555
0.0414745
0.255458
0.957261
0.135899
0.103354
0.033265
0.297664
0.253705
0.863877
1.21062
0.961968
0.137778
0.486283
0.054583
0.721982
2.24218
0.870916
0.0425723
0.537239
0.107065
0.18204
0.533864
1.14843
0.623242
0.0537275
0.938288
0.268393
0.789921
0.458386
0.730791
0.359314
0.323777
0.510383
0.604235
0.478027
0.0301789
0.265117
0.830328
0.214718
1.19906
0.247417
0.329028
0.413146
0.71895
0.232086
0.203326
2.0425
0.96568
0.714044
0.611103
0.0894096
1.24777
0.734867
0.482666
3.04775
0.495265
1.08963
1.36865
0.123403
0.199613
1.09731
0.115896
1.31468
0.867191
0.789434
0.637047
0.290151
0.0342608
0.882258
0.0539635
0.150855
1.29313
0.318432
1.13386
0.0258139
2.27049
0.135515
0.765281
0.43308
0.814787
1.62665
0.274826
0.0306611
0.120297
0.0760858
1.27957
0.486575
0.0932765
0.906975
0.0491805
0.331791
0.181348
0.90879
0.584136
0.475662
0.81685
1.1741
0.280914
0.495414
0.679327
0.0114691
0.168774
1.30326
0.278452
0.593484
0.233967
0.40301
0.356579
1.4065
0.14401
0.646991
0.328149
0.0186588
0.429665
0.269638
0.129242
0.680403
0.407885
0.42503
0.354225
0.453113
0.637442
0.0231187
0.291247
0.163588
1.85276
0.0432994
0.424487
0.269682
1.17803
0.0593578
0.425601
0.687086
0.133343
0.339859
0.148952
0.110631
0.277381
0.133264
0.163124
0.0514664
0.388437
0.134737
0.0306247
0.079646
0.657497
0.370464
0.273419
0.619764
0.00649385
0.170637
0.0628526
0.349443
0.351031
0.623038
0.463922
0.793402
0.00293537
0.339087
0.137317
0.319157
0.207066
0.217477
0.0424546
0.128181
0.0627038
0.335696
0.0117989
0.12811
0.0616185
0.728535
0.414655
0.0617308
0.899043
0.102346
0.275068
0.580502
0.0799089
1.17023
0.0919109
0.184536
0.316816
0.84295
0.0148127
0.269761
0.566993
0.231475
0.168326
0.93967
1.64518
0.382784
0.523989
0.329879
0.255436
0.466314
0.566555
0.202255
1.33298
0.109955
0.398597
0.549463
1.35473
0.469571
0.0888941
1.27052
0.0426721
0.0606172
0.0246346
0.155514
0.0381756
0.195655
0.162841
0.0397772
0.687907
0.851546
0.104447
0.377357
0.0850776
0.116183
0.493026
0.297607
0.39958
0.457284
0.634283
0.0182268
1.12483
0.00997952
0.120445
0.0892268
1.24017
0.127016
0.25082
0.278755
0.274212
0.596715
0.927682
0.846277
0.729471
0.353393
0.203662
0.220178
0.551017
0.000523167
0.697423
0.270517
0.122596
0.338368
0.677007
0.715229
0.623688
0.0154235
0.922169
0.161273
0.115047
0.0873044
1.83453
0.353159
1.83408
0.855547
0.227138
1.80068
0.0102778
0.0240306
0.411213
1.03095
0.129434
0.188612
0.379127
0.0341565
0.694425
0.113071
0.558777
0.202812
0.0546311
0.198999
0.295576
0.304137
0.98773
0.0685363
0.143768
0.436189
0.0283482
1.09163
0.442688
1.2235
0.378299
0.500702
0.534823
0.218785
0.396369
0.957839
0.274121
0.395325
1.11392
1.52164
0.0883415
0.262139
0.00388317
0.653931
0.119531
0.0332805
0.408623
3.25619
0.649353
3.46925
0.0419685
0.377807
0.747696
0.51382
2.12692
0.137161
0.950797
0.490157
0.52626
0.195574
0.730789
0.405585
0.359183
0.305712
0.197681
0.137528
0.347486
0.00140601
0.410133
0.772692
0.151931
0.371857
0.0210964
0.293425
0.273257
0.997696
0.137956
0.0143583
1.23838
0.111694
0.304625
0.117911
0.353835
1.22139
0.537505
0.7919
0.305839
0.169327
2.12609
0.635554
0.0214503
0.502863
0.740268
0.363773
0.109447
0.294589
1.35493
0.748803
0.519639
0.11337
1.87931
0.0521641
1.1554
0.115018
0.325069
0.00968348
0.983252
1.07532
0.0976906
0.22684
0.156106
1.16866
0.339512
0.191213
0.192787
0.0781609
0.122211
0.016719
0.543393
0.32418
0.196599
0.19923
1.01571
0.171874
0.0140654
0.360788
0.570191
0.225626
0.0502742
0.410942
0.689804
1.1123
0.331897
0.106986
2.79575
0.507436
0.258971
0.37028
0.647366
1.07108
0.026574
0.0245455
1.81506
0.116042
0.354925
0.102179
0.113348
0.924232
0.098985
0.0476974
1.60885
0.512936
0.654177
0.368338
0.503569
0.00577998
0.0657589
0.0462421
0.320536
0.421238
0.823342
0.708973
0.151356
0.529709
0.231799
0.0197612
0.498667
1.76568
0.0184287
0.300118
0.237484
0.240725
0.187332
0.116115
0.464819
1.03478
0.295275
1.39154
0.476737
0.648037
0.19474
0.317692
0.86409
0.312975
0.552989
2.74496
0.619574
0.583885
0.448202
0.257571
1.79231
0.0110937
0.415377
0.150749
0.98013
0.228748
1.38698
0.852185
0.0688764
0.353527
0.0283312
0.201896
1.20462
0.0210739
0.121609
0.954936
0.0547794
0.296063
0.322325
0.478543
1.83004
0.130909
1.18572
0.823816
0.451713
0.0808696
0.182832
0.200947
0.867116
0.662909
0.493504
0.10373
0.13066
0.160631
0.00802008
0.28368
1.35614
0.7657
2.1474
0.277313
0.215325
0.173657
0.26547
0.0961426
0.0789129
0.638351
0.113436
0.326053
0.172392
0.386485
0.262196
0.00560534
0.422579
0.342601
0.676786
0.88479
0.165348
0.618809
0.27559
0.240847
1.81964
1.38756
0.427094
0.181651
1.29332
0.622857
0.95062
0.117713
0.370178
0.926106
1.02577
1.14609
0.419581
0.486858
0.700137
0.445792
0.368074
0.210194
0.137307
0.0732047
0.724604
0.510091
0.203248
1.22185
0.075765
0.543587
0.444589
0.335694
0.691547
0.28555
1.18474
0.293901
0.461613
1.75116
0.709815
1.38681
0.655054
0.115388
0.57788
0.108451
0.0576143
1.05756
0.119692
0.0584858
0.485391
0.403017
0.333837
1.08691
0.0161113
0.115265
2.32298
0.917002
0.818594
0.140397
1.29153
0.42488
0.202663
3.15991
0.776094
0.389797
0.0457133
0.48856
0.191247
0.457412
1.02043
2.78273
0.513204
0.575398
0.228512
1.79096
0.37068
0.0925403
0.656083
0.0739017
0.113198
0.179282
0.203794
0.78204
0.167018
0.0614093
0.276847
0.117369
0.162662
0.272618
0.614611
0.0460437
0.121081
0.163303
0.415781
0.0549397
0.324743
1.99107
0.203195
0.185731
2.05743
0.124118
0.145471
0.276951
0.276876
0.1807
0.0480322
0.0305504
0.439982
0.255583
0.326695
0.239372
0.0542409
1.02027
0.248833
0.267639
0.260626
0.0516783
0.163569
0.104336
0.274252
0.763215
0.0239245
1.66456
1.73888
0.342091
0.01827
0.308081
0.971954
0.693999
0.441751
0.393971
0.201493
0.661004
0.591405
0.215391
0.529935
0.257487
0.37576
0.0817989
1.67161
0.377891
0.268331
0.278764
0.862457
1.52344
0.952376
0.629924
0.29531
0.660288
0.429991
0.0172567
0.630249
0.536801
0.205164
0.160203
0.0234789
1.13136
0.135414
0.872309
0.172145
0.364516
0.806372
0.130869
0.0346639
0.0237824
0.727272
0.458533
0.100403
0.431262
0.775497
0.127437
0.0977302
0.0198176
0.683413
0.345583
0.763603
0.286046
0.388679
0.0586862
0.436737
0.151041
0.0205213
0.136795
0.3711
0.0226886
0.0664366
0.380271
0.156541
0.365523
0.330783
0.00605574
0.206326
0.380408
0.460926
0.0397747
0.535481
0.691007
0.0182052
0.403254
0.177239
0.102085
0.456118
1.95523
1.18331
1.9151
0.248469
0.832458
0.0722853
1.94183
0.625309
0.259538
0.881818
0.78256
0.0337821
0.0343838
2.70734
0.6114
0.626345
0.212456
0.317534
1.53449
0.267419
0.405228
0.475503
0.597296
0.243775
0.246926
0.28541
0.319761
1.00755
0.764805
0.369262
0.0490474
0.324726
0.15556
3.13444
0.585025
1.77003
0.069324
0.20615
2.44098
0.463323
0.764394
0.0439222
0.970799
0.696465
0.0290994
0.612401
0.677026
0.964539
0.172299
0.198767
0.915153
1.61074
1.16183
0.798169
1.44296
0.324593
0.813153
0.838206
0.14605
0.0759343
0.459449
0.0886113
0.0803702
0.297006
0.553187
0.105499
0.538514
0.881322
0.385687
0.0597415
0.00151192
0.0367836
0.329825
0.0704408
0.977685
0.21049
0.262122
0.145404
0.0393265
0.242894
0.0369247
0.448949
0.0398287
0.246621
0.068005
0.000605792
0.921428
0.30099
0.550331
0.0691233
0.011753
0.694424
0.909777
0.0760663
0.244346
0.178269
0.0930017
0.716804
0.188943
1.72466
0.335323
1.44602
0.150893
1.11875
0.309854
0.881914
0.521399
1.32348
0.183053
0.458718
0.293236
0.807861
0.476359
1.21053
0.974303
1.3972
0.792108
1.91172
0.190929
1.03209
0.00336184
1.76594
0.0907075
0.798867
0.379306
1.38791
0.0368855
0.947157
0.547456
0.134919
0.815389
0.226834
0.59563
0.213585
0.615846
0.846376
0.995871
0.665028
0.266969
0.487946
0.171451
0.0891885
0.369193
0.327693
0.532165
0.530092
0.0719655
0.136428
0.201939
0.201834
0.167992
0.522026
0.365
0.711037
1.00245
1.10401
1.91458
0.270635
0.00605199
0.495174
0.200053
0.0727492
0.637484
0.0366197
0.0022348
0.980147
0.233506
0.583666
1.53018
1.8472
0.0235786
2.18164
0.0231894
0.777651
0.0742536
0.761674
0.616386
0.543847
0.784575
0.39208
0.829293
0.0529184
0.394072
1.30317
0.250682
0.261431
1.16245
0.0253829
2.15045
0.970847
0.499532
0.648797
0.407935
0.158933
0.410985
0.11946
0.0699371
0.234219
0.253862
0.372809
0.425704
0.0737631
0.0233797
0.688172
1.28014
0.248541
0.442434
0.0606703
0.434198
0.855629
0.220496
0.143457
1.84771
0.718503
0.00480202
0.39665
0.181808
1.04457
0.87001
0.277789
0.390493
0.288456
0.0817188
0.581835
0.812853
0.0542364
0.151365
0.262334
1.67385
1.38635
0.274598
0.138857
0.597711
0.000738381
1.51884
0.142676
0.012954
0.738486
0.873181
1.44539
0.187012
0.693615
0.141415
0.475875
0.283952
0.770721
0.241672
0.887274
0.490154
0.532902
0.0752131
0.96694
1.27376
0.409663
0.396076
0.186687
0.0709775
0.219274
0.16533
0.20091
2.65169
0.615441
0.879325
0.769691
1.14886
0.04352
0.302752
0.131405
0.546999
0.352
1.64582
0.390308
0.144097
0.013011
0.0853228
0.444207
1.08199
0.491034
0.136359
0.141831
0.245049
0.25933
0.233042
0.313034
0.582663
0.338154
0.587466
0.0149606
0.0276399
0.77038
2.37414
0.309133
0.786418
0.256572
0.192804
0.289311
0.366252
0.229211
0.771899
0.371663
0.0253088
0.202749
0.424655
0.414026
0.381879
0.0911583
0.705157
1.04922
0.669845
0.119556
1.16269
0.252355
0.240596
0.229649
1.11878
0.0745966
0.6069
0.475585
0.0909089
0.10848
0.66801
0.180098
0.153728
0.0852002
0.14906
0.420309
0.0227769
0.780618
0.299548
0.627196
1.30344
0.692413
1.41038
0.145801
0.520438
0.833871
0.520086
0.1194
0.709748
0.693607
0.0287043
0.54537
0.00266311
0.017671
0.404014
0.011968
0.518316
0.0892605
0.189195
0.259697
0.255631
1.08882
0.3705
0.175663
0.690906
0.658718
0.326404
1.01987
0.153978
0.111661
0.256941
0.727931
0.268829
0.824462
0.334105
0.270003
0.0940551
0.481667
0.447597
0.214506
0.0207773
0.010841
0.815804
0.0495964
0.206823
0.412387
0.990276
0.0324794
1.7153
0.342805
0.402434
0.134189
0.694836
0.336197
0.376905
0.177886
0.5602
0.106947
0.0301001
1.24583
0.0984517
0.846785
0.708732
0.0117944
0.926852
0.36807
0.123533
0.0846734
0.353071
0.0409664
0.111706
1.40762
0.37249
0.374719
0.166939
0.823492
0.825708
0.536309
0.0976886
0.88892
0.711554
0.111038
0.0273893
0.990841
0.383354
0.0378633
0.378638
0.441123
0.144966
0.739818
0.00525082
0.657909
0.11059
0.471904
0.452203
0.568514
0.053882
0.834973
0.526088
0.44567
0.0793786
0.0848458
0.321383
1.362
0.295711
0.371301
0.323306
0.451966
0.0544237
0.240795
0.289731
0.125896
0.637458
0.1725
0.179292
0.019112
2.58983
0.400063
0.141871
0.483408
0.506626
0.404316
0.169099
1.68085
0.900346
0.107225
0.00526141
0.192704
0.102157
0.499971
0.0462439
0.456418
0.077516
0.813517
0.290474
0.913327
0.286696
0.123759
0.269357
0.405037
0.551556
0.223376
0.853393
0.289614
0.225346
0.181273
0.316753
0.236335
0.215439
0.169656
0.224733
0.0928456
0.674289
0.585167
0.469959
0.241612
1.80337
1.67134
1.23947
1.04662
0.927971
0.668129
0.177597
0.685282
0.200984
0.342925
0.578268
0.238153
0.0110573
0.20952
0.334976
0.797193
0.45301
1.14324
0.454244
0.0693975
0.491091
1.29466
0.390482
0.787037
2.2211
0.26084
0.841368
0.302463
0.268484
0.0559881
0.830073
0.155352
0.422667
0.542532
0.432768
1.11958
1.91311
0.355805
0.714065
0.440391
0.730657
0.728722
0.14563
0.0755892
0.336375
0.653771
1.60654
0.427185
0.291566
1.4572
0.0755041
0.370928
1.90091
1.50417
0.189565
0.105662
0.110085
0.801441
0.254305
0.489674
1.08181
0.839875
0.714162
0.119992
0.23652
0.247104
0.459763
0.721471
0.879432
0.206341
0.00528358
0.071049
0.336607
0.711729
0.385236
0.360512
0.631694
0.689393
0.851354
0.451258
0.47134
0.494626
0.229786
1.8703
0.105932
0.537098
0.164749
0.885992
0.412874
1.11093
0.281341
0.0383425
0.296105
0.684406
0.08234
0.0199895
0.650891
0.00853379
0.0776966
0.979942
0.0489597
0.456556
0.00823349
0.0619154
0.377346
0.0347822
0.119948
0.699796
0.801937
0.202663
1.85144
0.761083
0.0811919
0.000272816
0.830133
0.722991
0.0645155
2.03654
0.163385
0.722657
0.376661
0.0461285
0.750765
1.60939
0.207195
0.0180768
0.0187965
0.4113
0.109953
0.72565
0.0015736
0.259594
0.161119
0.671569
0.49068
0.245802
0.74629
0.133662
0.0150474
0.227046
1.12888
0.74035
0.449915
0.0796166
0.283751
0.742515
0.0874601
0.292491
0.706863
0.764009
0.683959
0.674715
0.820864
0.903962
0.109162
0.265858
0.649929
0.0264897
0.211507
0.191351
0.983063
0.332295
0.890304
0.335578
0.463526
0.0664044
0.471379
0.0397962
0.275716
0.215979
0.0393978
0.393275
1.05356
0.187989
1.35417
1.2086
0.129638
0.706557
0.253441
0.0856747
0.280615
0.773915
0.00391749
1.16127
0.0202749
0.87005
0.451709
0.0252821
1.20152
0.0207384
0.248051
0.239747
0.150622
1.03399
1.01455
0.827269
0.896323
2.01577
0.0544847
1.48067
0.22708
0.075553
0.120569
0.0859728
1.55625
0.281126
0.4113
0.102394
0.377964
0.296281
0.227857
0.8706
0.889814
0.278589
0.34961
0.272508
0.0105185
0.129369
0.320248
0.284097
0.0749716
0.450993
1.2188
1.07809
0.339811
0.392732
0.389142
0.0588867
0.272381
1.31903
0.0453903
0.136297
2.64869
0.755894
0.277066
0.668792
0.394115
1.37854
0.23056
1.25266
0.282414
1.08491
0.275229
0.866204
0.036217
0.647385
0.170548
0.266005
0.379639
0.0301981
0.180824
1.23941
0.302131
0.627805
0.504484
0.166697
0.365847
0.106758
0.318513
0.228171
0.458295
0.11635
0.084961
0.54644
0.0323363
0.671753
0.00890828
0.0921894
0.144528
0.207585
1.56567
0.680625
0.0122085
0.131884
0.635348
1.43553
0.0785825
0.334259
1.21253
2.03867
0.238227
1.19978
0.172387
0.558866
0.313643
0.0557509
0.425506
0.0202578
0.712684
0.418004
0.377293
0.121823
0.717559
0.573914
0.260622
0.271587
0.149253
0.287888
0.038578
0.656709
0.154646
0.0367831
0.128117
0.00493405
0.787669
0.400374
0.833229
0.266146
0.000956711
0.605449
1.55051
2.03633
0.643343
0.537895
0.780232
0.474412
0.0626793
0.319102
0.122842
0.145045
0.381802
0.381381
0.714703
0.0581141
0.241268
0.021215
0.348822
0.0516002
0.520201
0.375063
0.255461
1.98545
1.11352
0.692027
0.236869
0.288288
0.0956118
0.111983
0.633014
0.617395
0.918105
0.120293
0.135856
1.69077
0.155081
1.03466
0.783809
0.388537
1.05885
0.871524
0.235028
0.793616
0.171159
0.070653
0.445367
0.884112
0.210185
0.0681962
0.772529
0.426257
0.393127
0.154926
0.00355359
0.166896
0.401929
1.28095
0.272276
0.104022
1.13048
0.0335936
0.943618
0.0617548
0.103489
0.140854
0.229932
0.0487833
0.0192393
0.0302621
1.03066
0.22531
0.0259618
0.535947
0.0579539
0.0759704
0.79605
0.661814
0.796354
1.16797
0.649772
0.202788
0.0306276
0.350841
1.17908
0.239946
0.0286404
0.126629
0.926641
0.256824
0.22681
0.152763
1.05027
0.578893
0.202498
0.225923
0.161685
0.138049
0.484573
0.452249
0.269524
0.248147
0.381271
0.089178
0.831899
0.125205
0.750712
0.314565
1.32831
0.436006
0.050192
0.456806
0.0756481
0.070656
0.271311
0.620136
0.104982
0.53359
0.0425048
0.267566
0.731606
0.639201
0.143323
0.356182
0.71602
1.54027
1.34767
0.395869
1.10801
0.504242
0.225381
0.0822309
0.88695
0.0123301
0.267899
0.327238
0.143114
0.459437
0.354685
0.0808598
0.139212
0.0424984
0.281838
0.541585
0.0412437
0.0632828
0.760064
0.0478043
1.69159
0.703667
0.516477
0.214172
0.298378
1.19157
1.18955
0.337765
0.392276
2.01324
0.874153
0.379622
0.185818
0.603643
1.22092
0.545452
0.128419
0.642199
0.608884
0.2225
1.36571
1.35998
0.852134
0.931759
0.410836
0.0162741
0.740901
0.69838
0.0261539
0.0287685
0.37562
0.154723
0.136446
1.44365
1.79976
0.903979
0.166656
0.113735
0.0939256
0.437355
0.016931
0.472694
0.563956
0.506412
0.0176592
0.043469
0.00563849
0.0427183
0.259986
0.740712
1.02145
0.960031
0.101803
0.496546
0.0811782
0.197515
1.21918
0.445823
0.213319
0.182781
0.174769
0.757335
0.451952
1.37422
1.52693
0.168727
0.994039
0.386935
0.813044
0.0779978
0.0587982
0.876625
0.252277
0.0730792
0.00653189
0.148559
0.154691
0.446367
1.038
0.278334
0.255811
0.611782
0.656087
0.397883
0.447367
0.0727042
0.996707
1.30883
0.329431
0.5133
0.39691
0.703116
0.319366
0.419363
0.237238
1.12592
1.70106
0.231603
0.527185
0.490887
1.01247
1.1388
0.00428657
0.0608981
1.29837
0.159826
0.264525
0.521787
1.79721
0.0353448
0.219699
0.128801
0.512148
1.0537
0.1133
4.62348
0.26057
0.023065
0.432228
2.10037
0.257831
0.251148
0.029006
1.69143
1.3439
0.826984
0.690549
0.732939
0.472261
0.419727
0.0844877
0.270285
0.846595
0.688429
0.503707
0.156649
0.304945
0.0847389
0.200097
0.0680916
0.800703
0.134615
1.48439
1.33052
1.76032
0.560075
1.28264
0.0583503
1.45592
1.12443
0.0501556
0.0926924
1.12163
0.677583
0.782134
0.318248
0.134997
0.263967
1.42839
0.248732
0.745765
0.677694
0.654848
0.177434
1.3055
0.215565
1.77491
0.597427
0.79772
1.38324
0.228006
0.191435
0.0176026
0.117735
0.276054
0.30155
0.283131
0.227102
0.760721
0.434571
0.219014
2.1164
0.18614
0.235068
0.381723
0.521533
0.293626
0.599279
0.725748
1.24458
1.18563
0.396451
0.329635
0.0987654
1.80829
1.36291
0.986036
0.715121
0.518904
0.062076
0.133155
0.513037
0.553283
0.239363
1.81323
0.165208
0.278789
1.23046
0.0918328
0.355224
0.0202735
0.583431
5.09635
0.00790445
0.571261
0.406485
0.550849
0.00551538
1.08468
0.351718
0.335154
0.436393
0.277968
0.412651
0.805117
0.25156
0.533179
0.841828
0.857439
0.267221
0.322972
0.552644
0.742069
0.00233711
0.0844348
0.817069
0.223836
0.462373
0.0750057
2.09451
0.1517
1.7265
0.0857713
0.154977
0.103945
0.430617
0.929319
0.587232
0.0401431
0.934977
0.239022
1.32767
0.0549984
0.238688
0.384392
1.59966
1.49536
0.0892171
0.131553
1.31218
0.33856
1.02164
0.0786705
0.00579525
0.0110271
0.980359
0.0644702
0.120836
0.608185
0.0209103
0.198557
0.153639
0.239467
0.457222
0.28091
0.0794263
0.785185
0.154387
0.00823287
0.277846
0.409263
0.0242338
1.28952
0.0794073
0.105484
0.783513
0.0289802
0.353806
0.200578
0.105467
0.125982
0.617788
0.30267
0.333283
0.0566617
0.487491
0.9969
0.390205
0.102707
0.026538
0.270153
0.821161
0.361166
2.60763
0.41607
0.128037
0.254697
0.0738274
0.0130321
0.246584
0.467387
0.30417
0.546872
0.555452
0.314233
0.676525
0.343985
0.0339194
0.627525
0.039281
0.0248399
0.83199
0.663572
0.363421
0.0428679
0.104207
1.1788
0.178942
0.408651
0.29164
0.71301
0.107594
0.635546
1.07439
1.22345
0.374218
0.0917574
0.457969
0.0805192
0.523937
0.275525
1.14899
0.198086
0.0340444
0.101303
0.172698
0.447818
0.25321
0.644032
0.339562
0.372033
0.820097
0.0306988
0.41652
0.147042
0.446182
0.149563
0.645294
0.0774724
0.221081
0.73006
1.4435
0.183306
0.343551
3.08093
0.102277
0.593423
0.558012
0.0256318
0.0179426
0.229447
0.394027
2.10316
0.568253
0.153145
0.867961
0.247552
1.48327
0.00676248
1.22828
0.672006
0.0432149
0.370755
0.504065
0.140924
2.91166
0.412569
0.160899
0.527623
1.00041
0.291348
0.00981015
0.0281232
0.489735
0.0871369
0.498274
1.20446
0.00225478
1.79187
0.344474
0.355856
0.0952272
0.950666
0.282954
0.126376
0.102176
0.624174
0.50863
0.202644
0.232089
0.47798
0.140157
0.190009
0.072673
0.129002
0.689347
1.04697
1.4654
0.567176
0.285821
0.629469
0.680141
0.908807
0.278644
0.633378
0.778488
0.654356
0.0610836
1.14071
1.4386
1.6841
2.0085
0.790383
1.21091
0.361868
0.158013
1.21664
0.0832126
1.13262
0.0928147
0.657635
0.135003
0.446346
0.0364878
0.159369
0.134348
0.330572
0.350345
